"Cust_id","Freq","Monetary","Recency","Inter_purchase_interval","weekday_spend","weekend_spend","weekday_visits","weekend_visits","Age_band"
1069,2,187,31,0,187,0,2,0,">65 "
1113,11,2413,17,1,624,1789,6,5,">65 "
1359,3,602,10,0,602,0,3,0,">65 "
1823,11,5620,38,0,5620,0,11,0,">65 "
2189,37,29772,12,0,0,29772,0,37,">65 "
3667,3,4279,6,0,4279,0,3,0,">65 "
4381,11,967,26,0,0,967,0,11,"35-39 "
4947,36,3891,4,0,0,3891,0,36,">65 "
5517,36,2377,5,0,0,2377,0,36,"50-54 "
6668,17,3706,11,1,0,3706,0,17,"35-39 "
7795,24,5397,15,0,5397,0,24,0,"35-39 "
10801,34,3217,10,1,3128,89,33,1,"35-39 "
11235,9,1331,22,1,1331,0,9,0,">65 "
11853,7,1555,13,0,1555,0,7,0,"30-34 "
11914,14,2447,3,1,1572,875,10,4,"35-39 "
12249,9,1422,11,0,0,1422,0,9,">65 "
13697,20,3217,3,0,3217,0,20,0,"50-54 "
15424,1,5394,16,0,5394,0,1,0,"35-39 "
16049,10,794,37,0,794,0,10,0,"30-34 "
16766,7,562,12,3,0,562,0,7,"45-49 "
16773,3,243,31,0,243,0,3,0,"35-39 "
16803,15,3227,39,0,0,3227,0,15,"35-39 "
17596,2,198,13,0,198,0,2,0,"25-29 "
18173,31,7178,6,1,7178,0,31,0,"25-29 "
18524,35,5033,11,1,3775,1258,22,13,"35-39 "
18821,9,4588,18,2,0,4588,0,9,"35-39 "
19545,16,3931,25,1,0,3931,0,16,"50-54 "
19750,9,939,15,2,939,0,9,0,"45-49 "
19873,14,2030,17,2,1119,911,9,5,"35-39 "
19903,16,1823,21,0,1823,0,16,0,"40-44 "
19941,1,65,9,0,65,0,1,0,">65 "
20077,14,1549,19,0,0,1549,0,14,"40-44 "
20220,105,11649,2,0,8169,3480,68,37,"40-44 "
20428,1,119,11,0,0,119,0,1,"40-44 "
20459,375,69741,2,0,49059,20682,298,77,"40-44 "
20596,22,6034,14,1,1930,4104,11,11,"25-29 "
20695,31,1494,8,1,1241,253,27,4,"35-39 "
20794,42,3839,5,1,0,3839,0,42,"40-44 "
20800,11,2388,15,0,2388,0,11,0,"35-39 "
20848,3,309,19,7,273,36,2,1,"60-64 "
20879,4,355,25,0,0,355,0,4,"35-39 "
21128,13,5369,11,0,0,5369,0,13,"30-34 "
21203,7,2614,26,0,0,2614,0,7,"45-49 "
21234,7,1958,15,0,1958,0,7,0,"40-44 "
21432,8,623,8,4,623,0,8,0,"40-44 "
21449,58,9583,5,1,0,9583,0,58,"45-49 "
21470,4,1433,4,0,0,1433,0,4,"55-59 "
21647,6,450,35,0,450,0,6,0,"40-44 "
21678,1,60,35,0,60,0,1,0,"40-44 "
21821,11,1114,11,0,0,1114,0,11,"40-44 "
21951,43,4438,8,1,4438,0,43,0,"40-44 "
22149,19,1229,5,0,0,1229,0,19,"30-34 "
22514,3,131,14,0,131,0,3,0,"35-39 "
22590,6,413,20,0,413,0,6,0,"30-34 "
22729,26,5635,39,0,0,5635,0,26,"45-49 "
22736,20,3708,13,1,2352,1356,8,12,"35-39 "
22903,1,60,32,0,0,60,0,1,"50-54 "
22927,1,60,32,0,0,60,0,1,"55-59 "
22934,8,391,5,4,248,143,5,3,"45-49 "
22996,6,645,7,4,645,0,6,0,"30-34 "
23078,44,6293,5,0,680,5613,6,38,"30-34 "
23146,11,919,32,1,0,919,0,11,"25-29 "
23207,2,85,37,0,85,0,2,0,"50-54 "
23245,12,592,19,2,0,592,0,12,"50-54 "
23351,8,1278,7,0,1278,0,8,0,"40-44 "
23474,12,775,38,0,775,0,12,0,"30-34 "
23504,3,476,21,0,476,0,3,0,"25-29 "
23535,5,910,14,0,910,0,5,0,"45-49 "
23672,35,4972,8,1,448,4524,2,33,"35-39 "
23733,4,5149,13,0,5149,0,4,0,"40-44 "
23771,6,850,5,0,0,850,0,6,">65 "
23795,27,2261,2,1,1186,1075,13,14,"55-59 "
23863,12,1102,40,0,0,1102,0,12,"35-39 "
23917,39,8103,3,0,8103,0,39,0,"45-49 "
24501,15,3377,3,2,1671,1706,2,13,"35-39 "
24518,10,1084,23,0,1084,0,10,0,"35-39 "
24532,22,1388,4,1,1224,164,18,4,"45-49 "
24594,6,1331,30,0,1331,0,6,0,"45-49 "
24662,11,16510,4,0,0,16510,0,11,"35-39 "
24730,4,928,5,0,399,529,1,3,"25-29 "
24914,2,115,18,0,0,115,0,2,"45-49 "
25058,7,3654,4,0,0,3654,0,7,"35-39 "
25096,1,396,21,0,396,0,1,0,"35-39 "
25324,4,1637,36,0,1637,0,4,0,"35-39 "
25362,24,3457,20,1,270,3187,5,19,"40-44 "
25386,2,188,17,0,188,0,2,0,"25-29 "
25515,1,60,34,0,60,0,1,0,"45-49 "
25539,10,7949,11,0,0,7949,0,10,"30-34 "
25553,15,1596,21,1,705,891,7,8,"45-49 "
25577,12,4454,17,2,4454,0,12,0,"25-29 "
25683,41,8628,2,1,8433,195,38,3,"40-44 "
25805,5,317,42,0,317,0,5,0,"30-34 "
25973,41,5553,11,1,3890,1663,25,16,"40-44 "
26000,6,16994,19,2,2270,14724,5,1,"50-54 "
26062,11,617,20,2,478,139,7,4,"40-44 "
26123,29,7932,18,0,6455,1477,24,5,"45-49 "
26260,15,1552,1,0,1552,0,15,0,"45-49 "
26307,27,2635,17,0,2635,0,27,0,"35-39 "
26321,6,404,19,3,294,110,3,3,"40-44 "
26468,10,1186,33,0,0,1186,0,10,"45-49 "
26499,11,1202,9,1,1202,0,11,0,"50-54 "
26550,60,7400,4,1,5137,2263,38,22,"35-39 "
26604,5,811,21,1,238,573,2,3,"50-54 "
26666,9,2201,34,0,2201,0,9,0,"55-59 "
26758,3,283,22,0,283,0,3,0,">65 "
26789,17,1823,31,0,1823,0,17,0,"40-44 "
26925,10,782,34,0,782,0,10,0,"45-49 "
27113,10,1045,18,0,0,1045,0,10,"50-54 "
27199,13,2114,14,1,1965,149,12,1,">65 "
27243,19,1495,11,0,375,1120,8,11,"50-54 "
27298,3,680,39,0,0,680,0,3,"55-59 "
27335,13,1364,5,3,598,766,7,6,"40-44 "
27540,26,6108,11,0,0,6108,0,26,"45-49 "
27601,11,1452,13,0,1452,0,11,0,">65 "
27632,17,1131,16,1,1131,0,17,0,"50-54 "
27908,7,4534,20,0,4534,0,7,0,"35-39 "
27946,9,7495,14,0,7495,0,9,0,"50-54 "
28516,13,858,22,0,98,760,3,10,"30-34 "
28547,24,11802,11,1,1354,10448,23,1,"40-44 "
28592,5,494,26,0,0,494,0,5,"30-34 "
28639,2,72,18,0,0,72,0,2,"30-34 "
28714,11,1192,5,0,0,1192,0,11,"45-49 "
28721,18,40673,18,1,29357,11316,9,9,"30-34 "
28769,11,1515,39,0,0,1515,0,11,"40-44 "
28899,9,1343,16,0,515,828,4,5,"25-29 "
28967,8,1117,2,0,1117,0,8,0,"50-54 "
29018,8,795,22,0,700,95,7,1,"25-29 "
29117,1,60,35,0,60,0,1,0,">65 "
29223,19,1550,16,0,1550,0,19,0,"55-59 "
29254,12,1913,5,0,0,1913,0,12,"35-39 "
29377,11,2110,4,3,1130,980,2,9,"45-49 "
29421,28,3165,11,1,2187,978,18,10,"45-49 "
29599,5,525,12,0,0,525,0,5,"40-44 "
29964,12,8441,5,3,7483,958,9,3,"35-39 "
30267,34,2168,10,0,969,1199,13,21,"35-39 "
30281,31,2638,3,1,2638,0,31,0,"40-44 "
30502,8,1232,21,0,1232,0,8,0,"40-44 "
30779,1,36,3,0,36,0,1,0,"45-49 "
30908,20,1357,14,1,1357,0,20,0,"55-59 "
31929,8,892,42,0,892,0,8,0,"35-39 "
32100,75,4726,8,0,1035,3691,12,63,"50-54 "
32674,28,3545,4,1,0,3545,0,28,"35-39 "
32827,77,9433,2,0,9125,308,70,7,"45-49 "
32896,20,3487,3,2,3487,0,20,0,"45-49 "
33091,3,1391,42,0,1391,0,3,0,"30-34 "
33107,5,167,35,0,167,0,5,0,"60-64 "
33169,5,3039,2,7,1443,1596,4,1,"60-64 "
33268,6,638,4,0,0,638,0,6,"35-39 "
33770,38,7236,19,1,2407,4829,13,25,"50-54 "
33862,16,3047,18,1,2510,537,13,3,"45-49 "
34258,40,4307,26,0,0,4307,0,40,"30-34 "
34302,2,49,13,0,49,0,2,0,"30-34 "
34845,13,16514,37,0,16514,0,13,0,"35-39 "
35460,24,4609,12,0,0,4609,0,24,"50-54 "
35996,1,85,42,0,85,0,1,0,"30-34 "
36016,26,2616,18,0,2580,36,25,1,"50-54 "
36450,9,544,10,3,544,0,9,0,"40-44 "
38317,4,233,12,8,124,109,2,2,">65 "
38355,2,212,11,0,0,212,0,2,"35-39 "
38386,5,451,19,0,0,451,0,5,">65 "
38744,6,504,32,0,0,504,0,6,"40-44 "
38782,3,240,11,0,0,240,0,3,"35-39 "
38836,12,1589,41,0,1589,0,12,0,"40-44 "
38935,22,2043,10,0,2043,0,22,0,"50-54 "
39215,7,415,16,1,293,122,5,2,"25-29 "
39505,3,699,12,0,0,699,0,3,">65 "
39550,7,1046,23,0,1046,0,7,0,"35-39 "
39642,22,3185,5,1,1964,1221,15,7,"45-49 "
39765,2,467,19,0,0,467,0,2,"30-34 "
39932,9,1935,21,2,1247,688,3,6,"55-59 "
40068,3,343,39,0,0,343,0,3,"30-34 "
40129,17,4212,6,1,4212,0,17,0,">65 "
40150,4,795,17,0,795,0,4,0,"45-49 "
40181,43,11723,10,1,10355,1368,42,1,"50-54 "
40198,21,9809,2,0,9329,480,16,5,"50-54 "
40242,24,2167,2,1,2167,0,24,0,"30-34 "
40266,15,1210,22,1,1210,0,15,0,"35-39 "
40488,16,1111,13,1,762,349,7,9,"40-44 "
40662,26,2333,4,1,1905,428,19,7,"40-44 "
40907,2,600,33,1,60,540,1,1,">65 "
41041,7,826,40,0,628,198,5,2,"40-44 "
41133,11,1041,33,0,0,1041,0,11,"40-44 "
41171,49,5649,9,1,5504,145,46,3,"35-39 "
41188,28,6002,2,0,2233,3769,19,9,"35-39 "
41263,18,2632,4,2,2010,622,12,6,">65 "
41690,43,3990,4,0,0,3990,0,43,"40-44 "
41737,42,14260,2,1,5245,9015,6,36,"40-44 "
41812,2,4304,22,0,4304,0,2,0,"30-34 "
41898,4,1670,21,0,1670,0,4,0,"45-49 "
41928,22,2277,5,2,1533,744,14,8,"35-39 "
42017,8,788,21,0,788,0,8,0,"25-29 "
42093,16,1285,13,2,1182,103,15,1,"40-44 "
42208,49,5464,6,1,5464,0,49,0,"35-39 "
42574,1,3939,12,0,0,3939,0,1,"25-29 "
42666,63,12865,7,1,4234,8631,11,52,"35-39 "
42857,6,211,29,0,211,0,6,0,"30-34 "
42918,4,363,4,0,0,363,0,4,"50-54 "
42949,4,426,12,6,378,48,2,2,"25-29 "
42963,28,3243,10,1,2351,892,24,4,"55-59 "
43113,5,564,5,0,0,564,0,5,"40-44 "
43267,1,60,34,0,60,0,1,0,">65 "
43359,8,1631,33,0,0,1631,0,8,"60-64 "
43472,86,9041,18,0,3690,5351,28,58,"35-39 "
43502,6,1613,28,2,1613,0,6,0,"35-39 "
43748,11,1558,17,2,1324,234,9,2,">65 "
43816,45,9479,13,1,2408,7071,17,28,"30-34 "
43830,5,1708,9,6,1708,0,5,0,"50-54 "
43854,16,3824,7,2,3824,0,16,0,"30-34 "
43861,11,924,4,2,29,895,1,10,"25-29 "
43915,2,119,35,0,119,0,2,0,">65 "
43991,2,1451,8,0,1451,0,2,0,">65 "
44073,3,278,35,0,278,0,3,0,"40-44 "
44363,14,2172,26,1,1110,1062,4,10,"40-44 "
44431,29,2896,4,0,0,2896,0,29,"45-49 "
44608,12,2161,19,0,0,2161,0,12,"45-49 "
44875,9,726,16,0,53,673,1,8,"35-39 "
45308,6,1148,9,0,1148,0,6,0,"25-29 "
45377,108,14007,2,0,10496,3511,78,30,"50-54 "
45506,5,456,5,1,213,243,2,3,">65 "
45605,12,7086,21,1,7086,0,12,0,"25-29 "
45674,9,2172,6,0,2172,0,9,0,"25-29 "
45711,4,421,6,6,421,0,4,0,"30-34 "
45735,2,6264,10,0,6264,0,2,0,"30-34 "
45902,45,9803,4,1,8818,985,37,8,"55-59 "
45957,50,9525,4,1,2257,7268,16,34,"50-54 "
45971,10,1787,18,2,516,1271,7,3,"30-34 "
45995,5,345,11,5,60,285,1,4,"30-34 "
46015,22,932,5,2,543,389,14,8,"45-49 "
46022,9,1123,5,4,0,1123,0,9,"50-54 "
46039,9,3468,16,1,3468,0,9,0,"35-39 "
46053,1,60,34,0,60,0,1,0,"50-54 "
46145,29,6876,7,1,6159,717,24,5,"35-39 "
46350,4,732,5,0,0,732,0,4,"50-54 "
46466,19,2619,7,1,1152,1467,7,12,"50-54 "
46633,51,6951,2,1,980,5971,5,46,"30-34 "
46855,8,878,12,4,299,579,3,5,"35-39 "
46909,2,146,33,0,0,146,0,2,"45-49 "
46916,3,3022,11,0,0,3022,0,3,"55-59 "
46923,21,2735,16,1,1010,1725,10,11,"25-29 "
47067,31,3236,5,1,1530,1706,12,19,"35-39 "
47241,23,2580,2,0,951,1629,13,10,">65 "
47319,2,722,7,0,722,0,2,0,"25-29 "
47340,75,47296,3,0,39045,8251,56,19,"45-49 "
47364,23,4130,25,0,1373,2757,10,13,"35-39 "
47388,4,7302,4,0,0,7302,0,4,"25-29 "
47395,6,895,39,0,0,895,0,6,"45-49 "
47487,5,852,40,0,324,528,4,1,"30-34 "
47531,55,5505,20,0,5505,0,55,0,"35-39 "
47548,14,4900,5,2,0,4900,0,14,"30-34 "
47692,8,673,33,0,0,673,0,8,"25-29 "
47722,36,5165,30,0,5165,0,36,0,"50-54 "
47784,1,99,19,0,0,99,0,1,"25-29 "
47951,16,5436,17,1,5436,0,16,0,"35-39 "
48019,1,112,36,0,112,0,1,0,"50-54 "
48057,5,260,28,0,260,0,5,0,"30-34 "
48064,1,3590,36,0,3590,0,1,0,"45-49 "
48101,6,552,12,4,109,443,2,4,"50-54 "
48149,6,855,5,0,0,855,0,6,">65 "
48217,32,4229,33,0,1979,2250,13,19,"35-39 "
48286,13,646,6,3,646,0,13,0,"50-54 "
48309,12,719,37,0,719,0,12,0,"45-49 "
48491,40,3380,3,1,2699,681,30,10,"25-29 "
48590,105,13733,14,0,8975,4758,60,45,"50-54 "
48668,18,1633,12,1,1607,26,17,1,"35-39 "
48866,8,3983,5,4,3503,480,7,1,"45-49 "
48910,8,353,20,2,78,275,3,5,"45-49 "
49047,3,344,17,1,344,0,3,0,"50-54 "
49061,9,919,23,0,919,0,9,0,"55-59 "
49108,2,871,16,0,871,0,2,0,"35-39 "
49122,57,16685,5,1,9827,6858,22,35,"35-39 "
49306,2,238,12,4,59,179,1,1,"35-39 "
49368,2,708,11,0,0,708,0,2,"40-44 "
49597,9,889,4,4,837,52,8,1,"40-44 "
49627,10,655,4,0,0,655,0,10,"45-49 "
49795,7,1069,27,0,1069,0,7,0,"35-39 "
50067,2,648,37,0,648,0,2,0,"30-34 "
50081,7,547,25,0,0,547,0,7,"30-34 "
50111,1,1632,4,0,0,1632,0,1,">65 "
50142,13,977,4,0,0,977,0,13,"30-34 "
50494,14,6391,8,2,516,5875,5,9,"60-64 "
50548,9,1140,19,0,0,1140,0,9,"40-44 "
50821,3,226,5,0,0,226,0,3,"25-29 "
50920,40,7974,12,1,5414,2560,29,11,"30-34 "
50968,6,554,18,0,0,554,0,6,"45-49 "
50982,19,1019,27,1,1019,0,19,0,"40-44 "
51040,60,6344,12,0,3943,2401,34,26,"30-34 "
51347,18,1144,11,1,0,1144,0,18,"40-44 "
51781,1,3500,18,0,0,3500,0,1,"35-39 "
52078,3,2162,33,0,0,2162,0,3,"50-54 "
52283,6,865,32,0,0,865,0,6,"45-49 "
52917,2,46,26,0,0,46,0,2,"30-34 "
52962,6,7543,22,1,7543,0,6,0,"30-34 "
52979,13,2402,19,1,626,1776,6,7,"50-54 "
53488,7,820,29,1,820,0,7,0,"60-64 "
53518,19,1614,13,1,649,965,8,11,"25-29 "
53617,22,1903,2,1,885,1018,12,10,"35-39 "
53938,9,1388,26,0,0,1388,0,9,"25-29 "
54249,32,5992,13,1,3934,2058,29,3,">65 "
54362,18,1692,24,0,1692,0,18,0,"45-49 "
54522,1,436,26,0,0,436,0,1,">65 "
55024,5,407,15,0,407,0,5,0,"55-59 "
55079,4,724,10,0,724,0,4,0,"55-59 "
55406,13,5553,10,1,5553,0,13,0,"45-49 "
55444,8,693,37,0,693,0,8,0,"25-29 "
56144,11,1423,24,0,1423,0,11,0,"45-49 "
56168,23,1904,7,0,1904,0,23,0,"35-39 "
56243,15,2297,39,0,0,2297,0,15,"35-39 "
56540,18,4990,14,1,188,4802,1,17,"35-39 "
56564,12,2279,3,0,2279,0,12,0,"40-44 "
56588,6,377,34,0,377,0,6,0,"25-29 "
56595,56,6070,12,0,1902,4168,17,39,"40-44 "
56601,14,8285,8,2,8285,0,14,0,"45-49 "
56915,22,4518,4,2,1115,3403,13,9,"30-34 "
56922,20,2739,7,1,371,2368,4,16,"30-34 "
57028,13,2880,16,2,2880,0,13,0,"35-39 "
57141,3,1551,23,0,1551,0,3,0,"60-64 "
57172,3,1144,17,0,1144,0,3,0,"40-44 "
57271,1,36,16,0,36,0,1,0,">65 "
57288,2,151,7,0,151,0,2,0,"40-44 "
57486,46,3357,6,1,1444,1913,14,32,"40-44 "
57493,10,1354,42,0,1354,0,10,0,"45-49 "
57509,30,36461,15,1,35765,696,27,3,"40-44 "
57547,8,278,12,1,104,174,3,5,"30-34 "
57677,9,988,15,2,988,0,9,0,"45-49 "
57707,2,121,7,0,121,0,2,0,"45-49 "
57738,12,2449,21,2,1253,1196,5,7,"50-54 "
58148,24,4853,18,1,1744,3109,19,5,"30-34 "
58230,1,140,9,0,140,0,1,0,"55-59 "
58452,1,342,3,0,342,0,1,0,"35-39 "
58490,2,10008,5,0,0,10008,0,2,"30-34 "
58551,34,3909,5,1,1676,2233,8,26,"45-49 "
58568,14,1114,18,0,0,1114,0,14,"35-39 "
58698,44,10013,5,1,7085,2928,23,21,"35-39 "
58759,16,2004,19,0,1898,106,14,2,"45-49 "
58766,6,8555,2,1,8555,0,6,0,"45-49 "
58827,7,1364,4,0,0,1364,0,7,">65 "
58865,15,3854,2,2,972,2882,1,14,"45-49 "
59138,22,2223,8,2,2223,0,22,0,"30-34 "
59398,5,4141,14,1,4141,0,5,0,"40-44 "
59411,6,1150,10,5,557,593,3,3,"45-49 "
59497,5,620,5,3,149,471,1,4,"35-39 "
59527,49,4681,6,1,1935,2746,30,19,"30-34 "
59831,9,8295,32,0,0,8295,0,9,"25-29 "
59848,3,196,32,0,0,196,0,3,"30-34 "
59992,12,1869,32,0,0,1869,0,12,"45-49 "
60172,5,4528,42,0,4528,0,5,0,"35-39 "
60400,12,2474,34,0,2474,0,12,0,"40-44 "
60554,46,5761,2,1,2535,3226,22,24,"35-39 "
60592,4,977,38,0,977,0,4,0,"30-34 "
60776,2,663,40,0,0,663,0,2,"60-64 "
61681,19,4878,23,0,4462,416,16,3,"35-39 "
61704,10,636,5,2,589,47,8,2,"40-44 "
61728,6,769,35,0,769,0,6,0,"50-54 "
61742,3,153,28,0,153,0,3,0,"45-49 "
61773,1,105,31,0,105,0,1,0,"45-49 "
62299,7,3517,19,3,238,3279,3,4,"25-29 "
62817,10,1126,20,0,1126,0,10,0,"40-44 "
63111,14,3461,34,0,3461,0,14,0,"55-59 "
63227,11,1119,37,0,1119,0,11,0,"50-54 "
63326,16,936,14,2,498,438,9,7,"35-39 "
63449,4,12893,3,0,12125,768,1,3,"45-49 "
64033,15,1928,19,0,0,1928,0,15,"45-49 "
64170,3,266,24,0,266,0,3,0,"50-54 "
64217,28,6678,7,0,6678,0,28,0,"50-54 "
64637,9,455,11,0,0,455,0,9,"30-34 "
64873,17,1940,5,0,0,1940,0,17,"45-49 "
64897,8,1568,4,0,0,1568,0,8,"50-54 "
65245,7,887,8,1,887,0,7,0,"55-59 "
65283,12,3610,2,0,3610,0,12,0,"40-44 "
65931,8,1125,14,0,1125,0,8,0,"40-44 "
66020,7,874,5,0,0,874,0,7,"30-34 "
66037,15,1473,39,0,0,1473,0,15,"45-49 "
66259,15,1594,11,0,0,1594,0,15,"45-49 "
66594,16,4743,19,1,4413,330,12,4,"40-44 "
66662,18,2251,8,2,1330,921,9,9,"30-34 "
66693,35,5978,25,0,0,5978,0,35,"25-29 "
66730,3,492,10,8,492,0,3,0,"35-39 "
66761,6,4049,31,0,4049,0,6,0,"35-39 "
67843,2,274,32,0,0,274,0,2,"50-54 "
67942,3,586,19,0,0,586,0,3,"30-34 "
68024,15,1193,41,0,1193,0,15,0,"55-59 "
68079,24,7759,6,1,5191,2568,13,11,"40-44 "
68086,3,630,34,0,630,0,3,0,"60-64 "
68192,16,2012,4,0,0,2012,0,16,"45-49 "
68383,16,2454,16,0,2454,0,16,0,"45-49 "
68468,30,6146,21,0,6146,0,30,0,"35-39 "
68604,17,2099,4,2,131,1968,4,13,"45-49 "
68956,3,2081,35,0,2081,0,3,0,"45-49 "
69137,45,5926,11,0,1336,4590,10,35,"35-39 "
69946,8,3270,38,0,3270,0,8,0,"40-44 "
69953,8,683,15,0,683,0,8,0,"45-49 "
70102,4,925,15,1,535,390,1,3,"40-44 "
70232,33,2721,25,0,0,2721,0,33,"35-39 "
70249,9,1068,10,3,68,1000,1,8,"40-44 "
70560,13,1509,12,0,0,1509,0,13,"45-49 "
70584,31,8510,11,1,1523,6987,6,25,"45-49 "
70591,10,14817,22,2,5793,9024,8,2,"45-49 "
70607,3,184,29,0,184,0,3,0,"40-44 "
70621,42,16383,32,0,0,16383,0,42,"45-49 "
70669,3,836,32,0,0,836,0,3,"35-39 "
70805,5,1970,17,4,1949,21,4,1,"25-29 "
70928,11,1072,35,0,1072,0,11,0,"55-59 "
71062,6,399,8,1,74,325,2,4,"35-39 "
71093,76,25228,27,0,24731,497,67,9,"30-34 "
71178,70,7265,6,0,6858,407,65,5,"35-39 "
71284,39,5706,2,1,5149,557,31,8,"40-44 "
71345,28,4091,13,0,4091,0,28,0,"35-39 "
71390,2,264,16,0,264,0,2,0,"55-59 "
72045,25,3044,4,1,2948,96,23,2,"30-34 "
72304,27,3133,19,0,0,3133,0,27,"35-39 "
72892,11,603,19,0,0,603,0,11,"40-44 "
73080,8,1092,34,0,1092,0,8,0,"35-39 "
73639,3,752,25,0,0,752,0,3,"40-44 "
73813,29,1863,4,1,1634,229,25,4,"35-39 "
73837,3,153,4,0,0,153,0,3,"55-59 "
73868,2,1112,15,0,1112,0,2,0,"30-34 "
74209,5,985,25,0,0,985,0,5,"40-44 "
74216,9,1032,19,0,0,1032,0,9,"55-59 "
74315,7,1021,12,0,0,1021,0,7,"45-49 "
74353,30,4364,2,1,2151,2213,15,15,"45-49 "
74445,29,2146,5,1,469,1677,10,19,"40-44 "
74469,4,202,18,0,0,202,0,4,"40-44 "
74568,5,1133,33,0,0,1133,0,5,"50-54 "
74612,23,17090,5,2,1509,15581,13,10,"35-39 "
74650,9,843,39,0,0,843,0,9,"40-44 "
74674,4,333,18,0,0,333,0,4,"40-44 "
74704,15,2034,25,0,0,2034,0,15,"45-49 "
74711,25,3505,25,0,1748,1757,10,15,"50-54 "
74797,17,2808,11,2,0,2808,0,17,"45-49 "
74803,2,2500,7,8,2500,0,2,0,"45-49 "
74872,3,353,34,0,353,0,3,0,"40-44 "
74889,1,129,4,0,0,129,0,1,">65 "
74902,7,544,20,0,544,0,7,0,"50-54 "
74940,4,1600,10,0,1600,0,4,0,">65 "
75008,68,24082,5,1,11958,12124,34,34,"45-49 "
75169,40,3302,2,1,3302,0,40,0,">65 "
75275,47,7437,5,1,4573,2864,13,34,"45-49 "
75305,28,6132,2,1,5479,653,20,8,"45-49 "
75343,18,1616,5,1,885,731,9,9,"40-44 "
75367,10,1792,2,4,1750,42,9,1,">65 "
75374,22,5842,14,1,961,4881,6,16,"60-64 "
75404,12,3116,4,2,2241,875,8,4,"60-64 "
75435,5,242,40,0,0,242,0,5,"50-54 "
75459,6,388,18,3,242,146,3,3,"30-34 "
75602,43,6287,10,1,4036,2251,27,16,"35-39 "
75664,19,2838,8,1,1277,1561,9,10,">65 "
75800,30,7477,22,0,7477,0,30,0,"45-49 "
75879,13,1767,11,2,0,1767,0,13,"25-29 "
75930,5,2181,30,2,2181,0,5,0,"50-54 "
75954,37,3404,4,1,2233,1171,22,15,"60-64 "
75985,28,4032,41,0,4032,0,28,0,"35-39 "
76036,10,855,9,0,855,0,10,0,"45-49 "
76043,11,1158,40,0,0,1158,0,11,"35-39 "
76050,35,5139,15,1,5139,0,35,0,"45-49 "
76180,4,1993,9,8,320,1673,2,2,"30-34 "
76227,11,1195,20,0,1195,0,11,0,"45-49 "
76319,2,125,19,0,0,125,0,2,"50-54 "
76371,15,1195,25,0,0,1195,0,15,"30-34 "
76623,9,1007,36,0,1007,0,9,0,"35-39 "
76654,12,670,13,2,670,0,12,0,"60-64 "
77071,4,473,12,4,384,89,2,2,"45-49 "
77118,9,1946,8,4,1946,0,9,0,"25-29 "
77279,9,2675,39,0,0,2675,0,9,"60-64 "
78436,3,554,39,0,0,554,0,3,"40-44 "
78641,3,1508,26,0,0,1508,0,3,"35-39 "
78771,28,5883,4,1,0,5883,0,28,"35-39 "
80729,12,777,40,0,0,777,0,12,"45-49 "
80842,60,5015,4,1,3772,1243,46,14,"45-49 "
80897,11,1114,6,2,299,815,7,4,"40-44 "
81054,3,1662,23,0,1662,0,3,0,"55-59 "
81252,11,396,30,1,267,129,10,1,"60-64 "
81269,14,1049,21,1,598,451,8,6,"40-44 "
81344,3,25461,16,0,25461,0,3,0,"30-34 "
81375,3,330,5,9,158,172,1,2,">65 "
81412,135,32816,2,0,23409,9407,89,46,"45-49 "
81467,10,1428,11,0,0,1428,0,10,"40-44 "
81757,10,3462,11,2,0,3462,0,10,"35-39 "
81894,15,1911,35,0,1911,0,15,0,"50-54 "
81979,8,388,38,0,388,0,8,0,"35-39 "
81986,13,780,42,0,780,0,13,0,"40-44 "
82099,16,1700,12,0,0,1700,0,16,"45-49 "
82174,14,8492,2,2,8262,230,8,6,">65 "
82389,3,127,22,0,127,0,3,0,"45-49 "
82464,4,441,5,0,0,441,0,4,"50-54 "
82723,7,2895,42,0,2895,0,7,0,"40-44 "
82990,39,5562,19,1,79,5483,1,38,"35-39 "
83010,11,2787,28,0,2787,0,11,0,"35-39 "
83089,2,354,17,0,354,0,2,0,"55-59 "
83102,25,4073,17,0,4073,0,25,0,"55-59 "
83140,5,1363,28,1,1363,0,5,0,">65 "
83188,10,2144,19,0,0,2144,0,10,"45-49 "
83201,1,36,17,0,36,0,1,0,"35-39 "
83249,4,1013,8,0,1013,0,4,0,"35-39 "
83638,13,1214,4,2,684,530,7,6,"50-54 "
83768,9,1848,19,0,0,1848,0,9,"50-54 "
84185,8,1804,20,3,1804,0,8,0,"25-29 "
84253,11,1586,42,0,1586,0,11,0,"45-49 "
84277,1,339,38,0,339,0,1,0,"45-49 "
84307,20,13516,7,1,13516,0,20,0,"25-29 "
84451,7,1620,27,0,1620,0,7,0,"35-39 "
84550,5,1057,21,0,1057,0,5,0,"35-39 "
84697,17,1696,4,2,97,1599,3,14,">65 "
85045,1,34,11,0,0,34,0,1,"45-49 "
85168,7,588,4,3,36,552,1,6,"35-39 "
85175,15,1324,18,0,0,1324,0,15,"40-44 "
85229,29,1322,8,1,1322,0,29,0,"40-44 "
85335,1,36,19,0,0,36,0,1,"40-44 "
86059,17,6586,9,2,1028,5558,3,14,"40-44 "
86240,4,561,30,0,321,240,3,1,"30-34 "
86356,17,3250,11,0,0,3250,0,17,"40-44 "
86394,16,1725,35,0,1725,0,16,0,"50-54 "
86400,23,1693,12,1,60,1633,1,22,"25-29 "
86882,1,60,32,0,0,60,0,1,"30-34 "
87001,1,60,32,0,0,60,0,1,"35-39 "
87018,6,1438,10,2,1438,0,6,0,"35-39 "
87049,34,4930,11,1,0,4930,0,34,"35-39 "
87063,12,3455,35,0,3455,0,12,0,"35-39 "
87162,18,3884,4,1,1571,2313,11,7,"25-29 "
87858,2,432,10,0,432,0,2,0,"35-39 "
88008,6,4136,34,0,4136,0,6,0,"40-44 "
88039,2,471,12,0,0,471,0,2,">65 "
88183,10,3069,7,2,3069,0,10,0,"35-39 "
88343,2,96,19,8,60,36,1,1,"40-44 "
88404,1,1676,11,0,0,1676,0,1,"25-29 "
88435,8,1349,14,3,947,402,3,5,"35-39 "
88541,28,8160,4,1,4918,3242,18,10,"35-39 "
88848,2,1705,19,0,1368,337,1,1,"35-39 "
88954,4,402,4,0,0,402,0,4,">65 "
89081,25,4234,16,0,4234,0,25,0,"45-49 "
89203,53,27318,2,1,11293,16025,32,21,"60-64 "
89319,11,4469,4,0,0,4469,0,11,"45-49 "
89418,6,449,3,0,449,0,6,0,"60-64 "
89456,1,36,19,0,0,36,0,1,"40-44 "
89517,36,10575,4,1,693,9882,4,32,">65 "
89715,3,254,18,7,218,36,2,1,"50-54 "
89739,10,590,20,0,590,0,10,0,"45-49 "
89975,9,728,31,0,728,0,9,0,"40-44 "
89982,1,60,32,0,0,60,0,1,">65 "
90629,88,9567,4,0,1086,8481,14,74,"45-49 "
90643,5,532,5,3,0,532,0,5,"40-44 "
91022,8,799,10,3,799,0,8,0,"35-39 "
91138,1,265,19,0,0,265,0,1,"30-34 "
91206,51,5046,11,1,3091,1955,29,22,"40-44 "
91343,85,20070,8,0,8768,11302,54,31,"35-39 "
91473,18,1520,12,1,747,773,12,6,"45-49 "
91626,9,6439,8,0,6439,0,9,0,"35-39 "
92043,54,9007,4,1,0,9007,0,54,"45-49 "
93842,40,5441,4,1,0,5441,0,40,"25-29 "
94542,5,384,14,2,357,27,4,1,"45-49 "
94931,3,346,18,0,0,346,0,3,"60-64 "
95013,4,257,24,0,257,0,4,0,"50-54 "
95112,11,1418,27,0,1418,0,11,0,">65 "
95334,9,1029,13,2,1029,0,9,0,"50-54 "
95365,43,5545,9,0,4401,1144,31,12,"45-49 "
95518,5,3128,24,0,3128,0,5,0,"55-59 "
95549,29,4003,21,1,3250,753,22,7,"60-64 "
95563,3,12963,40,0,0,12963,0,3,"40-44 "
95877,1,60,32,0,0,60,0,1,"40-44 "
95907,166,51265,3,0,24921,26344,114,52,"35-39 "
95921,13,2632,32,0,0,2632,0,13,"35-39 "
96232,16,2930,8,2,2242,688,15,1,">65 "
96874,11,9390,5,1,1701,7689,4,7,"60-64 "
97079,7,4810,18,0,0,4810,0,7,"60-64 "
97093,3,1958,11,3,1482,476,2,1,"60-64 "
97215,6,586,37,0,586,0,6,0,"60-64 "
98380,5,786,11,0,0,786,0,5,"40-44 "
98779,7,1139,6,4,883,256,6,1,"30-34 "
98946,77,6456,4,0,0,6456,0,77,"40-44 "
99202,2,64,4,0,0,64,0,2,">65 "
99394,14,1079,21,0,1079,0,14,0,"30-34 "
99721,9,961,20,0,961,0,9,0,"45-49 "
99790,44,4574,8,1,3077,1497,30,14,"60-64 "
99851,9,889,11,2,0,889,0,9,"55-59 "
100021,44,5541,12,1,1764,3777,17,27,"30-34 "
100144,2,132,3,0,132,0,2,0,"40-44 "
100175,2,578,35,0,578,0,2,0,"50-54 "
100199,17,1481,14,0,1481,0,17,0,"50-54 "
100410,8,1592,39,0,0,1592,0,8,"50-54 "
100496,8,568,6,2,568,0,8,0,"40-44 "
100519,12,1145,42,0,1145,0,12,0,"30-34 "
100588,18,2650,2,2,2270,380,17,1,"40-44 "
100625,7,1438,32,0,0,1438,0,7,"45-49 "
100861,34,16255,11,0,15907,348,32,2,"55-59 "
100946,10,13526,3,0,13526,0,10,0,"55-59 "
100960,7,2297,3,5,2168,129,6,1,"25-29 "
100991,18,2095,32,0,0,2095,0,18,"40-44 "
101066,4,284,18,0,0,284,0,4,"40-44 "
101868,15,1469,4,2,0,1469,0,15,"40-44 "
101981,160,49306,3,0,42694,6612,135,25,"45-49 "
101998,26,5574,4,1,4326,1248,23,3,"40-44 "
102032,7,1641,12,0,0,1641,0,7,"35-39 "
102070,7,645,2,0,645,0,7,0,"30-34 "
102100,27,2957,2,1,2957,0,27,0,"40-44 "
102216,17,3620,14,1,3620,0,17,0,"45-49 "
102292,88,21337,2,0,12882,8455,48,40,"35-39 "
102308,4,2020,17,4,2020,0,4,0,"60-64 "
102438,12,3492,40,0,0,3492,0,12,"45-49 "
102728,29,4283,33,0,3012,1271,17,12,"35-39 "
102803,20,6003,35,0,6003,0,20,0,"45-49 "
103053,54,5469,5,0,0,5469,0,54,"30-34 "
103060,19,2624,12,0,0,2624,0,19,"55-59 "
103077,25,2412,4,1,246,2166,4,21,"35-39 "
103114,9,7253,39,0,0,7253,0,9,"50-54 "
103176,6,434,15,4,434,0,6,0,"40-44 "
103220,11,819,5,2,0,819,0,11,"40-44 "
103251,5,379,33,0,0,379,0,5,"30-34 "
103350,39,5470,38,0,2595,2875,22,17,"45-49 "
103442,9,690,23,0,690,0,9,0,"35-39 "
103541,8,3102,25,2,2934,168,7,1,"60-64 "
103589,3,296,26,0,0,296,0,3,">65 "
103718,9,747,21,2,747,0,9,0,"60-64 "
103763,1,60,33,0,0,60,0,1,"50-54 "
103800,4,441,28,4,441,0,4,0,"45-49 "
104036,2,98,33,0,0,98,0,2,"35-39 "
104395,4,244,18,0,0,244,0,4,"40-44 "
105002,21,1647,4,1,1317,330,16,5,"40-44 "
105286,20,1890,7,1,1510,380,13,7,"55-59 "
105347,7,1510,36,0,1510,0,7,0,"50-54 "
106276,24,2438,5,1,633,1805,6,18,"50-54 "
106412,1,60,34,0,60,0,1,0,"45-49 "
106849,14,632,10,2,464,168,11,3,"35-39 "
107334,3,248,29,0,248,0,3,0,"35-39 "
107426,15,2390,6,2,2390,0,15,0,"50-54 "
107587,5,4323,18,0,0,4323,0,5,"40-44 "
107655,6,705,25,0,0,705,0,6,"35-39 "
107839,37,19735,15,1,16023,3712,15,22,"25-29 "
107976,22,1460,11,1,0,1460,0,22,"50-54 "
108300,12,1598,26,0,258,1340,3,9,"55-59 "
108447,7,1964,12,1,1835,129,4,3,"30-34 "
109567,9,1458,7,0,1458,0,9,0,"60-64 "
110839,22,3339,39,0,0,3339,0,22,"35-39 "
110860,26,2699,12,1,0,2699,0,26,"35-39 "
110969,9,1384,12,3,439,945,5,4,"35-39 "
112642,8,973,5,0,0,973,0,8,">65 "
112796,16,5125,18,0,0,5125,0,16,"60-64 "
112826,29,5226,28,0,5226,0,29,0,"35-39 "
113151,6,633,10,2,376,257,3,3,"40-44 "
113397,26,2847,5,1,1845,1002,16,10,"40-44 "
113724,25,7598,17,0,7598,0,25,0,"30-34 "
114295,21,5181,6,0,5181,0,21,0,"25-29 "
116169,4,540,21,0,540,0,4,0,"60-64 "
116206,25,4148,9,0,3388,760,20,5,"35-39 "
116633,1,89,5,0,0,89,0,1,"30-34 "
116893,10,1293,29,0,1293,0,10,0,"55-59 "
116947,23,3198,2,1,2512,686,16,7,"45-49 "
116985,4,1303,7,7,1303,0,4,0,">65 "
117029,4,1733,4,6,1521,212,1,3,">65 "
117173,23,3196,41,0,3196,0,23,0,">65 "
117364,14,5408,8,1,4177,1231,10,4,"55-59 "
117593,11,819,29,0,819,0,11,0,"35-39 "
117968,33,31410,2,1,31410,0,33,0,"50-54 "
118118,20,1517,16,1,881,636,14,6,"40-44 "
118170,11,2493,30,0,2493,0,11,0,"55-59 "
118194,5,295,26,0,0,295,0,5,"40-44 "
118668,9,285,7,0,285,0,9,0,"45-49 "
118712,2,216,13,0,216,0,2,0,"<25 "
118743,28,3579,18,0,0,3579,0,28,"45-49 "
118798,3,389,11,0,0,389,0,3,"25-29 "
119047,1,94,25,0,0,94,0,1,">65 "
119115,2,212,25,0,0,212,0,2,"30-34 "
119252,5,187,16,0,187,0,5,0,"60-64 "
119283,39,6024,3,1,1318,4706,13,26,">65 "
119559,1,238,19,0,0,238,0,1,">65 "
119627,8,2897,1,0,2897,0,8,0,"60-64 "
119634,42,17801,2,0,17801,0,42,0,"45-49 "
119672,2,844,17,0,844,0,2,0,"30-34 "
119924,6,650,6,0,650,0,6,0,"45-49 "
119979,9,5235,18,2,0,5235,0,9,">65 "
120258,32,2721,11,1,2035,686,20,12,"35-39 "
120319,6,565,3,0,565,0,6,0,"40-44 "
121156,16,2752,4,2,1836,916,9,7,"45-49 "
121354,11,926,4,0,0,926,0,11,"35-39 "
121460,6,343,19,0,0,343,0,6,"35-39 "
121514,72,5749,4,0,1258,4491,20,52,"45-49 "
122764,25,7290,38,0,7290,0,25,0,"55-59 "
123075,3,483,37,0,483,0,3,0,"35-39 "
124218,13,482,33,0,0,482,0,13,"35-39 "
126076,13,3278,32,0,0,3278,0,13,"50-54 "
126502,6,1324,40,0,0,1324,0,6,"45-49 "
126809,25,4478,20,1,4478,0,25,0,"30-34 "
127028,15,4146,14,0,4146,0,15,0,"50-54 "
127233,18,3212,33,0,0,3212,0,18,"60-64 "
127677,3,209,25,0,0,209,0,3,"35-39 "
127936,34,5077,14,1,3936,1141,21,13,"50-54 "
128087,27,23395,11,0,0,23395,0,27,"35-39 "
128469,24,3434,8,1,2426,1008,13,11,"40-44 "
128506,21,3780,11,1,1120,2660,15,6,"45-49 "
128582,6,366,8,0,366,0,6,0,"40-44 "
128612,17,3473,19,1,0,3473,0,17,"50-54 "
128797,27,3360,26,0,0,3360,0,27,"50-54 "
129145,2,374,2,0,374,0,2,0,"55-59 "
129183,3,824,42,0,824,0,3,0,"50-54 "
129732,21,2921,18,0,0,2921,0,21,"60-64 "
130769,10,2353,30,1,1834,519,4,6,"30-34 "
131353,58,8407,19,0,0,8407,0,58,"35-39 "
131780,17,15718,33,0,15112,606,8,9,"55-59 "
131841,7,781,19,0,0,781,0,7,"35-39 "
131865,2,124,25,0,0,124,0,2,"55-59 "
132756,6,953,1,0,953,0,6,0,"40-44 "
132916,1,315,2,0,315,0,1,0,"40-44 "
133265,21,1415,32,0,0,1415,0,21,"40-44 "
133821,6,537,25,0,0,537,0,6,"30-34 "
134026,5,1710,16,0,1710,0,5,0,"25-29 "
134088,1,200,11,0,0,200,0,1,"35-39 "
134521,32,17448,8,1,17448,0,32,0,"30-34 "
134897,10,2706,19,0,0,2706,0,10,"<25 "
134941,46,6163,2,1,5581,582,36,10,"50-54 "
135153,10,555,4,3,0,555,0,10,"30-34 "
135375,3,262,34,3,262,0,3,0,"30-34 "
135436,9,434,19,1,0,434,0,9,"50-54 "
135474,3,992,34,0,992,0,3,0,"45-49 "
135627,5,4147,35,1,4147,0,5,0,"60-64 "
135672,26,2843,3,1,2843,0,26,0,"40-44 "
135788,19,2296,11,1,0,2296,0,19,"45-49 "
135801,13,1088,31,1,1088,0,13,0,"45-49 "
135894,3,179,5,0,0,179,0,3,"45-49 "
136013,6,317,16,0,317,0,6,0,"55-59 "
136051,54,5939,5,1,2351,3588,25,29,"50-54 "
136099,22,2480,5,2,526,1954,8,14,"50-54 "
136136,44,2565,11,1,0,2565,0,44,"35-39 "
136143,52,5416,4,1,1670,3746,10,42,"40-44 "
136174,50,21542,18,0,0,21542,0,50,"45-49 "
136235,7,1801,41,0,1801,0,7,0,"30-34 "
136273,14,7565,11,2,0,7565,0,14,"50-54 "
136303,33,2414,6,1,1579,835,22,11,"55-59 "
136334,21,3074,26,0,0,3074,0,21,"45-49 "
136389,5,661,12,0,0,661,0,5,"50-54 "
136396,32,8521,12,1,0,8521,0,32,"30-34 "
136471,5,2143,6,7,1318,825,3,2,"45-49 "
136822,45,12621,9,1,3925,8696,22,23,"50-54 "
136860,4,315,13,1,99,216,1,3,"45-49 "
136952,1,341,19,0,0,341,0,1,"45-49 "
137027,19,1929,14,1,1929,0,19,0,"30-34 "
137072,8,1008,33,0,0,1008,0,8,"30-34 "
137102,21,6119,5,0,0,6119,0,21,"30-34 "
137881,1,99,13,0,99,0,1,0,"30-34 "
137928,18,30561,8,1,7099,23462,8,10,"25-29 "
138123,57,7931,5,0,6935,996,43,14,"30-34 "
138130,2,648,21,0,648,0,2,0,"25-29 "
138352,4,871,11,5,0,871,0,4,"45-49 "
138499,15,6235,14,2,6235,0,15,0,"40-44 "
138598,5,549,21,0,549,0,5,0,"40-44 "
138628,24,2759,26,1,1526,1233,15,9,"30-34 "
139526,8,4077,11,3,492,3585,3,5,">65 "
139557,12,2214,10,1,595,1619,3,9,"35-39 "
139847,38,3293,2,1,2039,1254,18,20,"35-39 "
139854,14,1855,5,3,315,1540,5,9,"55-59 "
139861,19,3690,10,1,3690,0,19,0,"30-34 "
139892,1,396,21,0,396,0,1,0,"30-34 "
139977,22,2603,10,1,1259,1344,11,11,"55-59 "
140027,15,1790,9,0,1790,0,15,0,"30-34 "
140300,4,1890,21,0,1890,0,4,0,"55-59 "
140355,4,9852,8,6,9852,0,4,0,"50-54 "
140379,46,6230,10,1,6016,214,41,5,"45-49 "
140386,2,242,26,0,0,242,0,2,"55-59 "
140461,32,6125,19,1,3017,3108,10,22,"30-34 "
140546,5,499,33,0,0,499,0,5,"35-39 "
140607,9,1205,32,0,0,1205,0,9,"30-34 "
140621,6,912,5,0,0,912,0,6,"50-54 "
140690,17,1485,4,1,0,1485,0,17,"45-49 "
141833,37,4877,24,0,2688,2189,26,11,"45-49 "
141949,13,874,12,0,0,874,0,13,"45-49 "
143370,16,1634,2,2,988,646,8,8,"45-49 "
143448,3,396,14,0,396,0,3,0,"40-44 "
143516,60,6772,3,1,3621,3151,15,45,"50-54 "
143660,15,866,7,1,866,0,15,0,"40-44 "
143783,8,1340,3,2,944,396,7,1,"50-54 "
143851,1,296,40,0,0,296,0,1,"30-34 "
144247,1,145,9,0,145,0,1,0,"35-39 "
144391,5,549,9,0,549,0,5,0,"45-49 "
144834,33,9536,2,1,5757,3779,17,16,"55-59 "
145060,7,1967,4,0,0,1967,0,7,"45-49 "
145152,1,624,4,0,0,624,0,1,"50-54 "
145930,1,2601,42,0,2601,0,1,0,"35-39 "
146005,6,463,5,0,0,463,0,6,"35-39 "
146265,34,4426,3,1,1029,3397,4,30,"40-44 "
146432,4,374,18,0,0,374,0,4,"40-44 "
146470,16,1361,36,0,1361,0,16,0,"55-59 "
146708,4,441,6,0,441,0,4,0,"50-54 "
147293,14,1246,19,0,0,1246,0,14,"40-44 "
147668,4,171,6,0,171,0,4,0,"35-39 "
147743,18,2509,40,0,0,2509,0,18,"50-54 "
147873,9,833,11,0,0,833,0,9,"40-44 "
147910,39,6536,29,0,6536,0,39,0,"35-39 "
148207,6,1651,5,0,0,1651,0,6,"35-39 "
148740,41,3913,5,1,1520,2393,21,20,"35-39 "
148887,2,950,35,0,950,0,2,0,"45-49 "
149068,1,135,25,0,0,135,0,1,"40-44 "
149174,28,4337,5,1,820,3517,1,27,"45-49 "
149211,1,36,20,0,36,0,1,0,"35-39 "
149266,6,781,39,0,0,781,0,6,"45-49 "
149426,7,6334,20,1,6334,0,7,0,"30-34 "
149556,19,24991,34,0,24991,0,19,0,"50-54 "
149563,7,1049,17,1,1027,22,6,1,"55-59 "
151153,26,1491,31,0,1197,294,23,3,"35-39 "
151269,23,1875,4,1,0,1875,0,23,"45-49 "
151337,20,5676,3,2,5077,599,18,2,"35-39 "
151351,8,2433,19,0,0,2433,0,8,"30-34 "
151832,12,879,4,3,566,313,5,7,"30-34 "
152198,12,5789,3,1,1441,4348,8,4,"40-44 "
152525,15,1470,11,1,1314,156,12,3,"25-29 "
152884,18,3687,12,2,2780,907,9,9,"45-49 "
152945,7,2304,20,0,2304,0,7,0,"40-44 "
153102,6,1418,19,0,0,1418,0,6,"35-39 "
153300,2,80,16,0,80,0,2,0,"25-29 "
153362,13,2566,4,3,0,2566,0,13,"45-49 "
153393,7,660,21,0,660,0,7,0,"55-59 "
153454,6,4429,29,2,4429,0,6,0,"50-54 "
153485,9,444,41,0,444,0,9,0,"45-49 "
153607,1,45,5,0,0,45,0,1,"30-34 "
154093,38,4928,4,0,0,4928,0,38,"40-44 "
154215,10,1132,7,1,1132,0,10,0,"40-44 "
154338,5,594,14,0,594,0,5,0,"45-49 "
154369,21,2116,29,0,2116,0,21,0,"35-39 "
154413,12,2790,33,0,0,2790,0,12,"45-49 "
154451,32,4378,8,1,4378,0,32,0,"35-39 "
154468,24,2949,37,0,2949,0,24,0,"35-39 "
154499,32,6392,6,0,6392,0,32,0,"40-44 "
154550,60,8621,4,1,2503,6118,16,44,"45-49 "
154567,3,428,30,0,428,0,3,0,"40-44 "
154574,7,1819,14,4,1153,666,5,2,"55-59 "
154581,18,1563,13,2,1563,0,18,0,"40-44 "
154611,12,993,4,0,0,993,0,12,"35-39 "
154628,16,2200,3,2,2200,0,16,0,"50-54 "
154727,10,2630,22,2,2630,0,10,0,"50-54 "
154789,1,396,19,0,0,396,0,1,"50-54 "
154901,41,5958,25,0,0,5958,0,41,"40-44 "
154932,17,3020,5,1,109,2911,2,15,"40-44 "
154970,5,542,31,2,298,244,2,3,"25-29 "
155144,89,48364,2,0,43865,4499,57,32,"55-59 "
155168,7,1452,3,0,1452,0,7,0,"45-49 "
155182,25,17067,7,1,17067,0,25,0,"45-49 "
155533,3,1662,18,0,0,1662,0,3,"55-59 "
155656,3,334,24,0,334,0,3,0,">65 "
155694,14,782,32,0,577,205,9,5,"45-49 "
156059,3,189,4,3,0,189,0,3,"30-34 "
156097,2,225,2,0,225,0,2,0,"50-54 "
156158,6,2059,2,0,2059,0,6,0,"40-44 "
156196,74,8236,3,0,8236,0,74,0,"30-34 "
156264,13,1096,36,0,1096,0,13,0,"60-64 "
156448,7,923,18,0,0,923,0,7,"35-39 "
156493,11,1356,19,1,954,402,4,7,"30-34 "
156509,3,196,13,3,196,0,3,0,"30-34 "
156578,2,1084,13,9,1084,0,2,0,"55-59 "
156615,17,1538,1,2,629,909,7,10,"50-54 "
156776,3,492,13,6,432,60,2,1,"35-39 "
157025,11,2023,42,0,2023,0,11,0,"50-54 "
157285,37,9171,3,1,5090,4081,23,14,"45-49 "
157421,3,1109,7,0,1109,0,3,0,"40-44 "
157445,2,348,4,0,0,348,0,2,"40-44 "
157742,27,3322,30,0,3322,0,27,0,"40-44 "
157919,22,2546,2,1,1534,1012,11,11,"30-34 "
158183,6,532,41,0,532,0,6,0,"45-49 "
158282,16,1384,5,0,0,1384,0,16,"45-49 "
158305,9,617,6,0,617,0,9,0,"45-49 "
158312,26,12416,32,0,0,12416,0,26,"50-54 "
158565,2,177,25,0,0,177,0,2,"25-29 "
158626,18,3625,8,2,3109,516,17,1,"60-64 "
158688,19,2493,7,1,2493,0,19,0,">65 "
158848,19,2783,32,0,0,2783,0,19,"55-59 "
159135,37,22302,12,1,1150,21152,20,17,"60-64 "
159227,13,1339,5,0,0,1339,0,13,"35-39 "
159234,77,11464,4,0,8484,2980,50,27,"35-39 "
159401,2,92,33,0,0,92,0,2,"30-34 "
159456,1,60,34,0,60,0,1,0,"50-54 "
159487,1,60,34,0,60,0,1,0,"45-49 "
159746,31,12429,16,0,191,12238,3,28,"40-44 "
159760,25,2608,5,1,480,2128,8,17,"35-39 "
159791,107,13231,12,0,10763,2468,83,24,"35-39 "
160230,2,1145,13,0,1145,0,2,0,">65 "
160360,8,1296,17,0,1296,0,8,0,"55-59 "
160445,57,6406,4,1,0,6406,0,57,"30-34 "
160544,3,275,25,0,0,275,0,3,"45-49 "
160889,22,11755,25,1,5375,6380,12,10,"45-49 "
160896,8,868,19,2,0,868,0,8,"40-44 "
161053,13,2035,39,0,0,2035,0,13,"50-54 "
161084,33,3928,42,0,3928,0,33,0,"40-44 "
161152,6,1015,26,0,0,1015,0,6,"35-39 "
161343,8,2459,11,0,0,2459,0,8,"35-39 "
161404,35,3981,3,1,3981,0,35,0,"50-54 "
161503,6,1291,30,0,1291,0,6,0,"45-49 "
161527,47,5962,12,1,1344,4618,17,30,"35-39 "
161541,32,6964,15,1,6495,469,26,6,"50-54 "
161558,4,963,19,0,0,963,0,4,"35-39 "
161763,2,355,8,0,355,0,2,0,"55-59 "
161879,1,106250,37,0,106250,0,1,0,"45-49 "
161886,29,4995,12,1,1370,3625,16,13,"35-39 "
162340,9,1306,6,2,1150,156,8,1,"50-54 "
162487,6,462,11,0,0,462,0,6,"25-29 "
162517,7,758,18,2,590,168,5,2,"55-59 "
162555,5,1878,18,4,666,1212,1,4,"50-54 "
162722,20,1747,25,1,1144,603,13,7,"50-54 "
162753,2,104,5,0,0,104,0,2,"35-39 "
162982,1,36,14,0,36,0,1,0,"45-49 "
163316,15,1928,4,0,0,1928,0,15,"40-44 "
163590,37,8595,32,0,0,8595,0,37,"40-44 "
163804,4,259,21,0,259,0,4,0,"40-44 "
163835,24,3693,33,0,0,3693,0,24,"45-49 "
163873,1,115,17,0,115,0,1,0,"45-49 "
163934,23,4644,26,0,3833,811,16,7,"55-59 "
163972,49,12120,4,1,8012,4108,28,21,"60-64 "
164016,31,7703,12,1,4510,3193,11,20,"40-44 "
164122,3,6472,32,0,0,6472,0,3,"50-54 "
164252,79,10994,2,1,9396,1598,64,15,"50-54 "
165570,1,60,32,0,0,60,0,1,"35-39 "
166232,9,2106,9,2,1765,341,5,4,"40-44 "
166324,38,12597,2,1,11242,1355,32,6,"60-64 "
166355,1,944,19,0,0,944,0,1,"40-44 "
166546,5,2363,7,0,2363,0,5,0,"40-44 "
166690,1,2725,12,0,0,2725,0,1,"45-49 "
166805,9,1265,11,2,203,1062,2,7,"<25 "
166898,8,3672,28,0,3672,0,8,0,"40-44 "
167710,6,363,32,0,0,363,0,6,"35-39 "
168311,16,680,40,0,0,680,0,16,"45-49 "
168366,2,181,26,0,0,181,0,2,"50-54 "
168502,13,3236,27,0,3236,0,13,0,"40-44 "
169967,16,5191,4,1,4502,689,10,6,"35-39 "
170109,6,368,18,0,0,368,0,6,"30-34 "
170161,5,505,40,0,0,505,0,5,">65 "
170215,3,303,14,10,303,0,3,0,"60-64 "
170369,6,1526,11,0,0,1526,0,6,"50-54 "
170376,15,1665,8,2,1665,0,15,0,"50-54 "
170734,2,696,30,0,696,0,2,0,"35-39 "
170949,18,2516,6,2,2516,0,18,0,"35-39 "
171113,27,4842,14,1,2467,2375,14,13,"50-54 "
171311,8,1370,33,1,0,1370,0,8,"45-49 "
171335,18,1925,5,0,0,1925,0,18,"50-54 "
171403,2,92,35,0,92,0,2,0,"55-59 "
171434,13,2131,3,3,1279,852,3,10,">65 "
171557,20,3876,38,0,3876,0,20,0,"55-59 "
171687,15,1237,7,1,1237,0,15,0,">65 "
171748,13,10061,8,2,10061,0,13,0,"35-39 "
171755,29,7181,40,0,0,7181,0,29,"50-54 "
171854,49,8339,19,0,0,8339,0,49,"45-49 "
171878,36,2834,7,1,1850,984,29,7,"35-39 "
171885,7,518,6,2,180,338,2,5,"45-49 "
171892,2,628,3,0,628,0,2,0,"45-49 "
171915,5,3460,8,0,3460,0,5,0,"35-39 "
171977,4,521,12,0,0,521,0,4,"40-44 "
172042,24,2647,14,0,628,2019,6,18,"45-49 "
172202,9,332,22,0,73,259,2,7,"50-54 "
172363,14,1390,19,0,0,1390,0,14,"45-49 "
172417,37,6513,3,1,6513,0,37,0,"50-54 "
172431,11,1328,8,2,1328,0,11,0,">65 "
172523,13,1033,19,0,0,1033,0,13,"50-54 "
172868,4,265,10,0,265,0,4,0,"35-39 "
172875,3,2990,20,0,2990,0,3,0,"60-64 "
172882,16,3720,9,1,1666,2054,8,8,"35-39 "
173018,9,1454,8,4,1454,0,9,0,"55-59 "
173094,9,3366,8,4,3366,0,9,0,"30-34 "
173216,2,95,39,0,0,95,0,2,"50-54 "
173285,4,356,4,0,0,356,0,4,"45-49 "
173339,1,60,35,0,60,0,1,0,"55-59 "
173360,8,703,35,1,703,0,8,0,"25-29 "
173391,28,3511,6,1,3511,0,28,0,"30-34 "
173414,11,1212,20,2,696,516,10,1,"45-49 "
173452,6,899,17,0,899,0,6,0,"40-44 "
173704,22,1631,10,1,1092,539,14,8,"45-49 "
174015,11,3738,2,0,3738,0,11,0,"25-29 "
174183,1,259,41,0,259,0,1,0,"30-34 "
174909,5,522,38,0,522,0,5,0,"40-44 "
175173,4,979,40,0,0,979,0,4,">65 "
175180,1,125,12,0,0,125,0,1,"50-54 "
175357,37,8950,11,1,8179,771,32,5,"50-54 "
175364,1,60,35,0,60,0,1,0,"25-29 "
175432,5,447,11,0,0,447,0,5,"30-34 "
176323,36,4140,15,1,2551,1589,27,9,"45-49 "
176408,8,2539,15,3,564,1975,6,2,"35-39 "
178143,5,821,8,1,821,0,5,0,"40-44 "
178594,8,680,4,0,0,680,0,8,"55-59 "
179430,10,693,4,4,0,693,0,10,"45-49 "
180436,62,11518,2,1,11518,0,62,0,"55-59 "
180474,13,511,26,0,0,511,0,13,"45-49 "
180955,10,1059,4,0,0,1059,0,10,"50-54 "
181082,9,5408,12,2,4096,1312,3,6,"60-64 "
181402,36,5356,8,1,4018,1338,28,8,">65 "
181709,5,311,20,0,311,0,5,0,"50-54 "
181747,2,256,20,0,256,0,2,0,"50-54 "
182317,3,1042,33,2,0,1042,0,3,"30-34 "
182409,3,816,15,6,756,60,2,1,"30-34 "
182669,9,1083,4,0,0,1083,0,9,"40-44 "
182997,17,6969,5,1,5932,1037,8,9,"30-34 "
183031,32,2431,14,1,1538,893,24,8,"60-64 "
183062,21,3867,5,1,3383,484,16,5,"40-44 "
183079,8,751,11,0,0,751,0,8,"40-44 "
183161,8,688,5,0,0,688,0,8,"40-44 "
184182,11,3280,12,0,0,3280,0,11,"40-44 "
184311,10,2671,39,0,0,2671,0,10,"45-49 "
184571,46,2314,4,1,1290,1024,24,22,"45-49 "
185875,12,2008,15,0,2008,0,12,0,"35-39 "
186339,32,4229,2,1,2820,1409,20,12,"40-44 "
187183,9,3055,2,4,3055,0,9,0,"40-44 "
187299,30,8102,3,1,3130,4972,4,26,"35-39 "
187473,8,266,25,0,0,266,0,8,"50-54 "
187541,11,11677,25,0,7617,4060,4,7,"45-49 "
187589,7,1119,18,0,0,1119,0,7,"40-44 "
187626,7,847,21,1,847,0,7,0,"40-44 "
187657,5,1060,25,0,0,1060,0,5,"50-54 "
188005,4,629,12,0,0,629,0,4,"40-44 "
188357,18,5915,19,0,0,5915,0,18,"40-44 "
188760,16,10585,6,2,10235,350,15,1,"50-54 "
188852,5,2813,6,2,2813,0,5,0,"45-49 "
188920,9,2290,32,1,163,2127,3,6,"30-34 "
189019,15,1174,32,0,0,1174,0,15,"35-39 "
189248,2,560,41,0,560,0,2,0,"30-34 "
189439,7,891,16,1,891,0,7,0,"40-44 "
190138,77,13688,6,0,11725,1963,61,16,"45-49 "
190213,16,5150,15,0,924,4226,5,11,"45-49 "
190411,17,3800,17,1,3800,0,17,0,"35-39 "
190459,23,2828,5,1,582,2246,6,17,"55-59 "
190695,3,6364,6,11,6364,0,3,0,"50-54 "
190787,21,4116,14,1,4116,0,21,0,"35-39 "
190916,1,20,38,0,20,0,1,0,"40-44 "
191050,56,6531,6,1,3015,3516,24,32,"30-34 "
191159,5,1068,5,6,60,1008,1,4,"45-49 "
191234,4,3036,9,0,3036,0,4,0,"40-44 "
191265,61,6442,5,1,341,6101,4,57,"40-44 "
191432,22,2356,22,1,977,1379,11,11,"45-49 "
191548,2,268,6,16,268,0,2,0,"35-39 "
191593,1,60,35,0,60,0,1,0,"55-59 "
191661,2,286,22,0,286,0,2,0,"35-39 "
191685,23,7628,8,1,7628,0,23,0,"45-49 "
191715,12,1833,3,3,1833,0,12,0,"40-44 "
191746,2,68,12,0,0,68,0,2,"35-39 "
191869,23,3949,5,1,1276,2673,5,18,"35-39 "
192101,8,404,5,0,0,404,0,8,"40-44 "
192217,8,714,8,0,714,0,8,0,"30-34 "
192361,13,1405,14,0,1405,0,13,0,"35-39 "
192538,24,2782,6,1,2154,628,20,4,"35-39 "
192729,14,2539,5,1,399,2140,1,13,"30-34 "
193245,14,3997,6,0,3997,0,14,0,"35-39 "
194327,2,483,19,0,0,483,0,2,"45-49 "
194334,1,156,19,0,0,156,0,1,"25-29 "
194600,20,8069,26,0,7554,515,14,6,">65 "
194631,7,979,19,0,0,979,0,7,"30-34 "
194655,45,9057,2,1,6512,2545,31,14,"50-54 "
194754,26,5062,3,0,5062,0,26,0,"35-39 "
194778,39,7437,3,1,7437,0,39,0,"40-44 "
194846,36,10990,20,0,2806,8184,7,29,"45-49 "
194914,8,613,16,0,613,0,8,0,"40-44 "
194921,51,6033,5,1,3630,2403,38,13,"35-39 "
195010,3,1298,11,0,0,1298,0,3,"35-39 "
195058,21,5918,19,0,3754,2164,3,18,"40-44 "
195072,7,465,6,0,465,0,7,0,"35-39 "
195195,16,3484,4,2,3125,359,13,3,"50-54 "
195546,30,5520,13,0,2986,2534,12,18,"45-49 "
195584,26,3665,4,1,1458,2207,14,12,"40-44 "
195751,11,2520,22,1,1059,1461,2,9,"45-49 "
195782,11,5167,17,1,5167,0,11,0,"30-34 "
195812,9,2035,7,3,2035,0,9,0,"35-39 "
196024,6,1213,16,0,1213,0,6,0,"30-34 "
196093,12,1313,17,0,1313,0,12,0,"50-54 "
196222,30,5465,14,1,4415,1050,18,12,"55-59 "
196567,22,22454,19,1,0,22454,0,22,"45-49 "
196666,52,5933,4,1,3211,2722,32,20,"30-34 "
196673,28,3459,5,1,1527,1932,10,18,"35-39 "
196680,1,60,33,0,0,60,0,1,"45-49 "
196734,48,10317,15,1,10317,0,48,0,">65 "
196765,26,1950,2,2,1700,250,23,3,"55-59 "
196895,25,5617,4,2,3930,1687,16,9,"35-39 "
196918,2,160,33,0,0,160,0,2,"30-34 "
197007,27,3399,28,0,1008,2391,9,18,"35-39 "
197038,49,4580,4,1,1381,3199,6,43,"30-34 "
197212,24,4624,31,0,4624,0,24,0,"35-39 "
197243,20,8632,2,2,7058,1574,3,17,"30-34 "
197533,3,810,26,0,0,810,0,3,"30-34 "
197601,12,1173,18,0,0,1173,0,12,">65 "
197625,16,1952,18,0,0,1952,0,16,"35-39 "
197656,2,189,23,0,189,0,2,0,"55-59 "
197670,7,659,39,0,0,659,0,7,"55-59 "
197700,18,1827,2,1,1013,814,10,8,"40-44 "
197786,51,3979,21,0,3979,0,51,0,"40-44 "
197946,9,795,42,0,795,0,9,0,"35-39 "
197960,18,3670,6,2,3670,0,18,0,"60-64 "
198004,19,3655,27,0,3655,0,19,0,"35-39 "
198035,13,1289,25,1,0,1289,0,13,"30-34 "
198127,115,17525,2,0,9576,7949,93,22,"30-34 "
198202,1,60,35,0,60,0,1,0,"30-34 "
198653,24,2575,17,1,721,1854,9,15,"30-34 "
198738,14,13765,5,2,13149,616,12,2,"40-44 "
198813,25,4263,40,0,0,4263,0,25,"35-39 "
199056,27,2967,13,1,947,2020,7,20,"25-29 "
199346,60,5264,2,1,4195,1069,42,18,"40-44 "
199360,5,348,18,3,60,288,1,4,"55-59 "
199384,5,1296,35,0,1296,0,5,0,"50-54 "
199391,7,300,11,0,0,300,0,7,"35-39 "
199407,1,60,35,0,60,0,1,0,"25-29 "
199469,2,195,35,3,195,0,2,0,"25-29 "
199513,27,4166,4,1,1004,3162,2,25,"30-34 "
199599,6,718,15,3,718,0,6,0,"40-44 "
199612,3,911,14,2,911,0,3,0,">65 "
199995,23,2354,34,0,2354,0,23,0,"35-39 "
200066,4,219,9,0,219,0,4,0,"25-29 "
200356,3,1699,10,4,1699,0,3,0,"35-39 "
200813,28,1765,4,1,366,1399,9,19,"40-44 "
201056,87,10659,5,0,2739,7920,20,67,"35-39 "
201629,20,1448,39,0,0,1448,0,20,"30-34 "
201834,1,390,3,0,390,0,1,0,"35-39 "
201865,4,502,4,0,0,502,0,4,"40-44 "
201964,38,3698,5,1,0,3698,0,38,"30-34 "
202190,39,3727,8,1,1359,2368,20,19,"25-29 "
202749,7,2300,9,4,1253,1047,4,3,"55-59 "
202794,4,226,12,5,0,226,0,4,"50-54 "
202879,1,60,32,0,0,60,0,1,"55-59 "
202886,3,481,26,0,0,481,0,3,"40-44 "
203005,2,78,36,0,78,0,2,0,"60-64 "
203166,11,1224,25,0,0,1224,0,11,">65 "
203173,15,5805,34,0,5805,0,15,0,"30-34 "
203180,7,268,24,0,268,0,7,0,"40-44 "
203265,1,89,17,0,89,0,1,0,">65 "
203562,16,1721,14,0,1721,0,16,0,"50-54 "
203739,25,4143,9,1,3844,299,19,6,"40-44 "
203746,32,7376,14,1,5685,1691,16,16,"35-39 "
203838,15,4594,14,2,4594,0,15,0,"45-49 "
203975,16,727,18,0,0,727,0,16,"30-34 "
204040,6,486,16,3,486,0,6,0,">65 "
204095,13,1786,37,0,1786,0,13,0,">65 "
204118,41,4124,11,1,0,4124,0,41,"25-29 "
204149,6,1447,16,0,1447,0,6,0,"60-64 "
204255,10,2021,22,0,1286,735,3,7,"30-34 "
204446,28,2430,19,1,2171,259,24,4,">65 "
204514,6,884,6,0,884,0,6,0,">65 "
204569,4,321,18,0,142,179,2,2,"50-54 "
204637,12,1053,15,2,833,220,9,3,"45-49 "
205115,34,22412,7,1,22102,310,33,1,"45-49 "
205207,60,32492,9,1,32492,0,60,0,"30-34 "
205221,5,1535,32,0,0,1535,0,5,">65 "
205320,1,40,25,0,0,40,0,1,"35-39 "
205375,11,738,18,0,0,738,0,11,"30-34 "
205450,17,1270,23,0,1270,0,17,0,"25-29 "
205498,22,17759,2,2,2459,15300,21,1,"30-34 "
205504,13,1645,34,0,1645,0,13,0,"35-39 "
205511,9,2772,16,1,2772,0,9,0,"55-59 "
205528,31,7130,6,0,3851,3279,19,12,">65 "
205689,26,5167,5,1,1093,4074,4,22,"35-39 "
205740,6,650,23,0,650,0,6,0,"45-49 "
205771,21,2651,24,0,2651,0,21,0,"40-44 "
205818,59,7074,14,0,5417,1657,43,16,"25-29 "
205863,21,9498,6,2,8260,1238,12,9,"35-39 "
205894,20,4762,6,1,4762,0,20,0,"40-44 "
206075,1,36,18,0,0,36,0,1,"50-54 "
206105,19,1429,25,0,0,1429,0,19,"30-34 "
206655,17,1807,6,2,1807,0,17,0,"45-49 "
206679,7,946,13,4,946,0,7,0,"40-44 "
207096,6,468,26,0,0,468,0,6,"55-59 "
207126,49,15964,5,1,10806,5158,26,23,"50-54 "
207218,29,4245,5,0,0,4245,0,29,"35-39 "
207423,9,844,13,0,844,0,9,0,"30-34 "
207744,10,1070,14,2,123,947,2,8,"35-39 "
208062,6,4849,6,0,4849,0,6,0,"35-39 "
208239,8,853,24,0,853,0,8,0,"30-34 "
208420,3,272,3,0,272,0,3,0,"35-39 "
208604,11,1749,14,0,1749,0,11,0,"40-44 "
208895,12,2012,5,0,0,2012,0,12,"40-44 "
208963,8,989,29,1,640,349,4,4,"40-44 "
209236,47,5781,11,1,0,5781,0,47,"35-39 "
209793,10,1869,19,0,0,1869,0,10,"55-59 "
209991,5,338,32,0,0,338,0,5,"35-39 "
210096,8,3187,14,0,3187,0,8,0,"45-49 "
210188,9,1577,10,3,529,1048,7,2,"40-44 "
210249,7,6282,32,0,322,5960,6,1,"40-44 "
210270,1,849,16,0,849,0,1,0,">65 "
210324,7,438,32,1,213,225,3,4,"40-44 "
210737,2,514,4,0,0,514,0,2,"45-49 "
210904,14,2369,4,0,0,2369,0,14,"45-49 "
211215,1,580,11,0,0,580,0,1,"40-44 "
211338,27,3126,4,1,485,2641,4,23,"50-54 "
211383,3,250,21,0,250,0,3,0,"45-49 "
211482,14,1408,18,0,0,1408,0,14,"40-44 "
211734,12,1052,40,0,0,1052,0,12,"55-59 "
211772,23,2834,3,1,2834,0,23,0,"30-34 "
211949,5,454,6,0,454,0,5,0,"40-44 "
212519,9,582,25,0,0,582,0,9,"40-44 "
212649,3,683,31,0,683,0,3,0,"45-49 "
212809,7,597,18,0,0,597,0,7,"55-59 "
213073,5,1060,4,0,0,1060,0,5,"35-39 "
213233,14,1555,25,0,0,1555,0,14,"35-39 "
213301,30,12413,33,0,0,12413,0,30,"35-39 "
213776,10,2535,4,2,0,2535,0,10,"35-39 "
214223,7,370,33,0,0,370,0,7,"45-49 "
214339,21,1295,5,2,1041,254,13,8,"35-39 "
214384,17,1103,11,1,443,660,9,8,"45-49 "
214414,7,1482,36,0,1482,0,7,0,"40-44 "
214544,67,7889,10,0,3142,4747,32,35,"45-49 "
215725,1,130,25,0,0,130,0,1,"35-39 "
215756,15,1069,11,0,0,1069,0,15,"40-44 "
216029,29,11855,7,0,11855,0,29,0,"45-49 "
216371,4,608,35,0,608,0,4,0,"45-49 "
216449,2,159,15,10,159,0,2,0,"35-39 "
216517,13,6449,10,0,6449,0,13,0,"30-34 "
216531,22,11624,6,1,6372,5252,16,6,"45-49 "
216869,12,1252,31,0,1252,0,12,0,"40-44 "
216937,2,456,21,6,396,60,1,1,"30-34 "
217361,98,15799,2,0,6960,8839,76,22,"45-49 "
217408,12,1076,19,2,259,817,6,6,"35-39 "
217538,5,794,23,0,794,0,5,0,"50-54 "
218115,24,22059,2,1,3873,18186,9,15,"35-39 "
218498,1,119,12,0,0,119,0,1,"30-34 "
218658,14,501,22,0,501,0,14,0,"40-44 "
218962,9,494,41,0,494,0,9,0,"25-29 "
219068,3,689,2,1,689,0,3,0,"55-59 "
219259,15,1028,14,2,944,84,13,2,"50-54 "
219310,26,2816,5,1,2097,719,18,8,"35-39 "
219334,7,569,39,0,0,569,0,7,"45-49 "
219389,64,6519,3,1,4799,1720,52,12,"30-34 "
219440,30,10233,14,1,9837,396,25,5,"35-39 "
219549,21,2744,19,1,582,2162,3,18,"25-29 "
219570,32,3069,4,1,1044,2025,10,22,"<25 "
219617,25,8829,5,0,0,8829,0,25,"40-44 "
219716,19,6092,16,0,6092,0,19,0,"55-59 "
219747,19,2734,21,1,2432,302,14,5,"50-54 "
219891,78,14664,8,0,11877,2787,56,22,"55-59 "
219969,6,11591,5,6,1408,10183,4,2,"45-49 "
220026,7,2605,14,3,2605,0,7,0,"60-64 "
220057,1,195,25,0,0,195,0,1,">65 "
220118,6,794,12,0,0,794,0,6,"50-54 "
220149,25,1754,16,1,746,1008,10,15,"40-44 "
220170,19,6141,4,2,4935,1206,8,11,"40-44 "
220361,1,249,38,0,249,0,1,0,">65 "
220385,1,60,34,0,60,0,1,0,"45-49 "
220392,16,1504,8,1,1504,0,16,0,"50-54 "
220552,5,655,39,0,0,655,0,5,"25-29 "
220644,6,424,41,0,424,0,6,0,"50-54 "
220682,9,8794,2,4,8794,0,9,0,"45-49 "
220828,2,174,39,0,0,174,0,2,"50-54 "
220842,43,3383,30,0,2700,683,29,14,"30-34 "
220972,9,1164,11,3,865,299,6,3,"45-49 "
221016,4,246,32,0,0,246,0,4,">65 "
221023,41,7690,41,0,7690,0,41,0,"30-34 "
221177,72,8459,3,1,4863,3596,58,14,"45-49 "
221467,7,396,25,0,0,396,0,7,"40-44 "
221573,13,5847,5,2,5762,85,12,1,"50-54 "
221610,1,396,21,0,396,0,1,0,"40-44 "
221634,13,2025,41,0,2025,0,13,0,"35-39 "
222143,6,598,8,0,598,0,6,0,"45-49 "
222204,20,2458,12,1,2005,453,14,6,"40-44 "
222242,2,1680,13,0,1680,0,2,0,"50-54 "
223119,6,415,36,0,415,0,6,0,"40-44 "
223317,31,4719,4,0,0,4719,0,31,"45-49 "
223638,6,2591,22,0,2591,0,6,0,"35-39 "
225588,5,466,18,3,430,36,4,1,"30-34 "
225656,24,20832,19,0,10971,9861,22,2,"50-54 "
225670,15,17896,5,0,0,17896,0,15,"45-49 "
225793,10,15929,34,0,15929,0,10,0,"40-44 "
226394,20,1849,39,0,0,1849,0,20,"35-39 "
227032,13,2193,15,0,2193,0,13,0,"50-54 "
227261,9,1908,19,0,0,1908,0,9,"30-34 "
227773,14,938,21,1,800,138,11,3,"50-54 "
227919,3,596,9,0,596,0,3,0,"50-54 "
229135,16,2988,6,0,2988,0,16,0,"45-49 "
229210,21,1932,10,0,1932,0,21,0,"45-49 "
229241,10,1299,26,0,0,1299,0,10,">65 "
229593,13,1452,20,0,1452,0,13,0,"50-54 "
230278,8,832,39,0,0,832,0,8,"45-49 "
230483,33,4065,18,1,3448,617,31,2,"35-39 "
230667,40,4121,5,0,0,4121,0,40,"40-44 "
231909,15,1109,30,1,715,394,10,5,"35-39 "
231930,6,248,24,0,248,0,6,0,"30-34 "
231961,1,60,35,0,60,0,1,0,"40-44 "
232005,5,591,34,1,591,0,5,0,"<25 "
232012,39,7640,10,1,3946,3694,18,21,"30-34 "
232265,13,1243,32,0,0,1243,0,13,"35-39 "
232333,49,7005,19,0,4041,2964,30,19,"35-39 "
232340,9,2030,22,0,2030,0,9,0,"35-39 "
232494,4,693,17,3,693,0,4,0,"50-54 "
233262,72,5615,6,0,4602,1013,60,12,"55-59 "
233484,19,9298,4,1,485,8813,2,17,"35-39 "
233606,26,4093,15,1,2883,1210,18,8,"35-39 "
233705,8,432,40,0,0,432,0,8,"35-39 "
234290,15,1416,23,0,1416,0,15,0,"35-39 "
234467,20,3588,14,1,1506,2082,11,9,"35-39 "
234481,1,1476,18,0,0,1476,0,1,"35-39 "
234764,8,2026,7,1,2026,0,8,0,"50-54 "
235228,6,1181,5,0,0,1181,0,6,">65 "
235266,8,1369,41,0,1369,0,8,0,"30-34 "
235587,15,1176,2,2,1176,0,15,0,"50-54 "
235617,31,6810,6,1,4835,1975,19,12,"60-64 "
235648,12,12209,27,1,12209,0,12,0,"35-39 "
235754,45,8240,6,0,8240,0,45,0,">65 "
235761,2,94,24,0,94,0,2,0,"35-39 "
236058,11,37449,41,0,37449,0,11,0,"30-34 "
236645,25,2381,11,1,1949,432,20,5,"35-39 "
236874,26,3908,7,1,1519,2389,15,11,"40-44 "
237109,16,1476,6,2,1476,0,16,0,"55-59 "
237130,12,6891,7,2,6891,0,12,0,"45-49 "
237437,23,2316,4,1,1311,1005,13,10,"<25 "
238243,9,2601,10,3,1790,811,4,5,"55-59 "
238281,5,337,21,0,337,0,5,0,"25-29 "
238540,24,2849,39,0,0,2849,0,24,"30-34 "
238571,3,227,3,0,227,0,3,0,"40-44 "
238618,7,2261,4,0,0,2261,0,7,"30-34 "
238717,23,2411,6,1,1618,793,15,8,"50-54 "
239448,88,7835,6,0,5570,2265,71,17,"35-39 "
239530,23,3299,19,1,472,2827,8,15,"35-39 "
241540,7,475,19,1,0,475,0,7,"50-54 "
241656,1,36,3,0,36,0,1,0,"25-29 "
241700,10,5194,28,0,5194,0,10,0,"30-34 "
242110,13,2476,39,0,0,2476,0,13,"30-34 "
242127,18,10133,4,1,7906,2227,10,8,"35-39 "
242233,2,191,12,0,0,191,0,2,"50-54 "
242936,25,6930,22,0,6930,0,25,0,"40-44 "
243728,2,572,29,0,572,0,2,0,"50-54 "
245456,9,774,30,0,774,0,9,0,"30-34 "
245524,5,1179,30,0,1179,0,5,0,"30-34 "
245746,4,729,4,6,418,311,2,2,"25-29 "
245920,8,706,6,1,464,242,5,3,"45-49 "
246033,18,3849,2,0,3849,0,18,0,"40-44 "
246088,1,780,12,0,0,780,0,1,"30-34 "
246095,8,635,22,0,635,0,8,0,"40-44 "
246118,8,605,15,0,605,0,8,0,"40-44 "
246255,6,598,21,0,598,0,6,0,"60-64 "
246842,27,4116,25,0,0,4116,0,27,"40-44 "
247375,3,263,13,0,263,0,3,0,"45-49 "
247962,9,2451,37,0,2451,0,9,0,"45-49 "
248433,3,191,37,0,191,0,3,0,"45-49 "
248655,16,1234,3,2,829,405,12,4,"30-34 "
248952,2,669,8,0,669,0,2,0,"55-59 "
249713,14,1953,13,1,1830,123,11,3,"35-39 "
249850,2,420,6,0,420,0,2,0,"25-29 "
250061,13,1583,8,1,1583,0,13,0,"40-44 "
250412,9,110002,18,0,0,110002,0,9,"35-39 "
250511,14,798,18,0,0,798,0,14,"50-54 "
250771,1,1700,15,0,1700,0,1,0,"40-44 "
250870,1,60,34,0,60,0,1,0,"30-34 "
251006,3,1092,33,0,0,1092,0,3,"35-39 "
251129,5,1443,4,0,0,1443,0,5,"40-44 "
251167,2,166,20,0,166,0,2,0,"55-59 "
251402,38,2552,4,1,530,2022,10,28,"50-54 "
251426,4,1144,4,0,0,1144,0,4,"50-54 "
251631,2,416,26,0,0,416,0,2,"50-54 "
252492,7,1492,7,0,1492,0,7,0,">65 "
252898,9,616,3,0,616,0,9,0,"35-39 "
254434,1,999,28,0,999,0,1,0,"40-44 "
255202,20,7443,12,1,0,7443,0,20,"35-39 "
255431,13,5038,19,1,0,5038,0,13,">65 "
255806,9,559,15,0,559,0,9,0,"35-39 "
255967,6,302,16,0,302,0,6,0,"40-44 "
256254,14,5367,6,1,5367,0,14,0,"35-39 "
256582,4,322,19,0,0,322,0,4,"45-49 "
256735,17,2126,42,0,2126,0,17,0,"35-39 "
257916,22,6202,18,1,0,6202,0,22,"45-49 "
257930,22,777,12,1,383,394,8,14,"25-29 "
258067,27,5726,5,1,2115,3611,11,16,"40-44 "
258098,19,2204,32,0,0,2204,0,19,"30-34 "
258173,29,7370,3,0,7370,0,29,0,"45-49 "
258180,4,381,19,0,0,381,0,4,">65 "
258555,4,369,19,0,0,369,0,4,"50-54 "
260114,7,1023,26,0,0,1023,0,7,"50-54 "
260411,5,314,32,0,0,314,0,5,"60-64 "
260541,1,120,8,0,120,0,1,0,">65 "
260589,6,2067,5,0,0,2067,0,6,"55-59 "
261487,3,233,8,0,233,0,3,0,"30-34 "
261647,12,2609,14,0,2609,0,12,0,"35-39 "
261715,8,14054,40,0,0,14054,0,8,"45-49 "
262965,21,3264,27,0,3264,0,21,0,"25-29 "
265713,8,9918,2,4,3922,5996,7,1,"25-29 "
266215,25,3636,3,1,1616,2020,13,12,"30-34 "
266314,2,589,11,0,0,589,0,2,"25-29 "
266444,41,5891,3,1,1628,4263,12,29,"50-54 "
267274,4,3678,25,0,0,3678,0,4,"50-54 "
267465,5,3271,18,0,0,3271,0,5,"35-39 "
267755,1,10044,22,0,10044,0,1,0,"35-39 "
267779,10,731,25,0,0,731,0,10,"45-49 "
267854,74,10708,4,0,2110,8598,25,49,"40-44 "
267960,18,3457,7,1,1987,1470,9,9,"45-49 "
268035,1,36,8,0,36,0,1,0,"60-64 "
268615,3,160,4,0,0,160,0,3,"45-49 "
268653,46,14069,17,0,4364,9705,8,38,"35-39 "
268745,10,604,13,3,604,0,10,0,"60-64 "
269032,43,4699,4,1,2593,2106,22,21,"35-39 "
269247,8,1351,30,0,1351,0,8,0,"40-44 "
269285,11,3844,18,0,0,3844,0,11,"45-49 "
269414,34,3705,12,1,652,3053,3,31,"50-54 "
269896,8,2275,19,0,0,2275,0,8,"55-59 "
270083,49,8698,1,1,4987,3711,28,21,"40-44 "
270175,1,3360,16,0,3360,0,1,0,"55-59 "
270212,1,684,7,0,684,0,1,0,"35-39 "
270236,26,2319,9,1,694,1625,13,13,"25-29 "
270663,13,4610,8,1,1848,2762,10,3,"40-44 "
270700,27,2683,10,1,1236,1447,11,16,"35-39 "
270786,11,708,39,0,0,708,0,11,"40-44 "
271189,9,703,15,0,703,0,9,0,"40-44 "
271219,1,684,5,0,0,684,0,1,"35-39 "
271622,16,5683,8,1,1706,3977,8,8,"45-49 "
271646,2,308,22,0,308,0,2,0,">65 "
271837,9,671,5,0,0,671,0,9,"25-29 "
272025,3,359,26,0,0,359,0,3,"35-39 "
272902,7,1636,6,0,1636,0,7,0,"45-49 "
273466,13,1002,20,0,884,118,11,2,"30-34 "
273534,3,275,39,0,0,275,0,3,"40-44 "
274456,14,1136,16,1,411,725,7,7,"45-49 "
274975,14,1146,4,3,710,436,9,5,"35-39 "
274999,16,1745,9,2,1224,521,8,8,"40-44 "
275095,3,288,34,0,288,0,3,0,"50-54 "
277808,4,275,30,0,275,0,4,0,"45-49 "
278515,14,2442,18,0,0,2442,0,14,"40-44 "
279024,11,485,10,0,485,0,11,0,"25-29 "
280440,9,1449,12,1,0,1449,0,9,"35-39 "
280723,1,749,20,0,749,0,1,0,"35-39 "
281799,55,8834,19,0,8300,534,53,2,"30-34 "
281980,59,20839,2,1,20839,0,59,0,"45-49 "
282901,9,1732,20,0,1732,0,9,0,"40-44 "
284936,15,2356,4,1,676,1680,6,9,"45-49 "
285827,7,1934,26,0,0,1934,0,7,"35-39 "
285858,1,36,5,0,0,36,0,1,"40-44 "
285896,14,16220,12,0,0,16220,0,14,"45-49 "
288095,4,163,41,0,163,0,4,0,"60-64 "
288149,16,2375,32,0,0,2375,0,16,"35-39 "
288606,14,878,13,0,878,0,14,0,"50-54 "
289078,17,2007,23,0,2007,0,17,0,"40-44 "
289313,9,759,27,0,759,0,9,0,"40-44 "
289375,2,268,30,0,268,0,2,0,"30-34 "
289450,4,1903,20,0,1903,0,4,0,"35-39 "
289856,3,140,27,0,140,0,3,0,"35-39 "
290173,7,1705,10,1,1705,0,7,0,"35-39 "
290852,1,66,40,0,0,66,0,1,"35-39 "
291170,8,431,14,0,431,0,8,0,"40-44 "
291200,45,6054,3,1,2337,3717,24,21,"45-49 "
291217,10,3034,2,2,1308,1726,3,7,"35-39 "
291460,3,5513,18,0,0,5513,0,3,"45-49 "
291552,41,9562,19,0,0,9562,0,41,"45-49 "
291934,2,234,25,0,0,234,0,2,"30-34 "
292177,7,26987,12,3,24372,2615,2,5,"35-39 "
292184,6,682,12,0,0,682,0,6,"45-49 "
292306,19,4086,11,1,1674,2412,12,7,"40-44 "
292504,21,6422,3,2,3715,2707,10,11,"30-34 "
292528,5,309,42,0,309,0,5,0,"35-39 "
293044,27,5709,6,1,5709,0,27,0,"35-39 "
293174,23,1788,6,1,1788,0,23,0,"35-39 "
293303,20,1256,8,1,1256,0,20,0,"30-34 "
293389,9,777,23,0,456,321,4,5,"50-54 "
293617,1,396,21,0,396,0,1,0,"60-64 "
294560,40,8319,16,1,8319,0,40,0,"30-34 "
295024,3,494,18,0,0,494,0,3,"40-44 "
295260,3,1714,33,0,0,1714,0,3,"30-34 "
296106,19,1970,12,1,0,1970,0,19,"45-49 "
296311,10,6432,18,1,0,6432,0,10,"55-59 "
296373,12,2535,18,0,0,2535,0,12,"50-54 "
296717,5,1517,40,0,0,1517,0,5,"45-49 "
296830,9,1189,25,0,0,1189,0,9,"55-59 "
297325,16,2411,31,0,2411,0,16,0,"35-39 "
299152,2,140,25,0,0,140,0,2,"35-39 "
299831,7,3316,14,2,3316,0,7,0,"45-49 "
299848,3,847,18,0,0,847,0,3,"45-49 "
299855,24,1756,3,0,1756,0,24,0,"45-49 "
299893,22,2994,4,1,2361,633,11,11,"50-54 "
300179,18,1963,20,1,1760,203,15,3,"60-64 "
300285,46,6821,2,1,4368,2453,22,24,"35-39 "
300353,8,973,3,0,973,0,8,0,"30-34 "
300384,15,6920,3,1,3132,3788,1,14,"30-34 "
300421,15,5118,38,0,5118,0,15,0,"40-44 "
300490,7,765,42,0,765,0,7,0,">65 "
300650,7,1443,16,0,1443,0,7,0,"25-29 "
300681,18,2613,10,1,2613,0,18,0,"35-39 "
300735,40,23070,2,1,22737,333,38,2,"30-34 "
300841,8,900,5,0,279,621,3,5,"45-49 "
300919,32,9045,18,1,1541,7504,14,18,"30-34 "
301213,5,183,26,0,0,183,0,5,"30-34 "
301473,18,5679,27,0,5679,0,18,0,"60-64 "
301510,6,550,5,0,0,550,0,6,"30-34 "
301657,12,2538,7,3,2538,0,12,0,"35-39 "
301770,4,347,23,0,347,0,4,0,"35-39 "
301923,3,2844,2,12,2844,0,3,0,"35-39 "
302012,15,1873,6,1,1479,394,11,4,"35-39 "
302135,56,22927,2,1,14174,8753,33,23,"60-64 "
302142,10,2309,4,3,0,2309,0,10,"30-34 "
302326,10,4071,19,0,0,4071,0,10,"50-54 "
302500,11,2000,4,0,0,2000,0,11,"40-44 "
302647,22,1958,2,1,1958,0,22,0,"45-49 "
302777,20,7560,31,0,7560,0,20,0,"40-44 "
302814,10,630,10,1,630,0,10,0,"45-49 "
302845,3,553,40,0,0,553,0,3,"50-54 "
302869,4,1062,20,0,1062,0,4,0,"35-39 "
302890,1,260,12,0,0,260,0,1,"35-39 "
302975,8,3423,7,0,3423,0,8,0,"30-34 "
303057,5,387,17,0,387,0,5,0,"35-39 "
303262,18,3888,3,0,3888,0,18,0,"45-49 "
303392,20,3201,11,2,351,2850,6,14,"35-39 "
303514,13,2490,32,1,0,2490,0,13,"45-49 "
303606,17,1707,19,0,0,1707,0,17,"60-64 "
303668,17,4193,9,2,4193,0,17,0,"55-59 "
303736,21,1253,25,0,0,1253,0,21,"<25 "
303743,3,660,32,3,0,660,0,3,"25-29 "
303750,8,4540,5,2,0,4540,0,8,"55-59 "
303767,1,1392,18,0,0,1392,0,1,"25-29 "
303873,1,60,33,0,0,60,0,1,"55-59 "
303880,1,60,33,0,0,60,0,1,"35-39 "
303910,14,8214,5,2,0,8214,0,14,"45-49 "
304092,36,10503,14,1,10503,0,36,0,"35-39 "
304153,45,5160,16,1,3418,1742,26,19,"50-54 "
304184,16,1580,2,2,805,775,7,9,"40-44 "
304207,16,1635,5,2,0,1635,0,16,"35-39 "
304245,1,355,29,0,355,0,1,0,"55-59 "
304290,2,1416,40,0,0,1416,0,2,">65 "
304474,20,2692,33,0,2084,608,16,4,"45-49 "
304511,35,13700,18,1,0,13700,0,35,"30-34 "
304580,9,1555,5,4,722,833,6,3,"45-49 "
304818,17,2169,9,2,2169,0,17,0,"35-39 "
304832,33,5342,14,1,5342,0,33,0,"40-44 "
304849,9,1131,42,0,1131,0,9,0,"50-54 "
304856,14,1323,39,0,0,1323,0,14,"35-39 "
305082,26,4743,20,1,2014,2729,15,11,"45-49 "
305136,6,40474,14,0,40474,0,6,0,"30-34 "
305143,18,4633,19,1,2408,2225,3,15,">65 "
305167,22,12892,5,2,11825,1067,12,10,">65 "
305204,4,1902,16,4,1902,0,4,0,">65 "
305211,14,1617,5,2,0,1617,0,14,"35-39 "
305228,68,9261,4,1,4286,4975,35,33,"60-64 "
305358,1,60,35,0,60,0,1,0,"25-29 "
305372,1,944,14,0,944,0,1,0,"60-64 "
305747,8,1622,9,0,1622,0,8,0,"40-44 "
306010,9,4126,4,3,0,4126,0,9,"35-39 "
306539,22,4766,13,1,4724,42,21,1,"35-39 "
306997,29,2721,4,1,712,2009,7,22,"50-54 "
307024,16,1371,7,1,638,733,10,6,"45-49 "
307437,29,5843,10,1,2406,3437,20,9,"35-39 "
307444,15,2455,3,2,2455,0,15,0,"50-54 "
307451,22,1656,14,1,1444,212,19,3,"30-34 "
307482,54,6111,6,1,2050,4061,14,40,"35-39 "
307574,2,181,13,0,181,0,2,0,"35-39 "
308359,35,3595,11,1,2174,1421,26,9,"60-64 "
308373,21,3833,14,1,3110,723,15,6,"60-64 "
308410,26,4485,4,1,185,4300,3,23,">65 "
308472,57,4674,3,1,4341,333,55,2,"50-54 "
308656,5,241,14,1,241,0,5,0,"30-34 "
308687,5,297,12,2,61,236,2,3,"55-59 "
309448,57,30675,3,1,13224,17451,24,33,"40-44 "
309486,25,1785,12,1,184,1601,3,22,"50-54 "
309998,2,973,4,0,0,973,0,2,"30-34 "
310321,16,981,11,0,0,981,0,16,"40-44 "
310918,29,5333,5,1,1466,3867,8,21,"40-44 "
310970,3,4246,21,5,4246,0,3,0,"50-54 "
311014,44,6452,4,1,0,6452,0,44,"35-39 "
311021,11,2282,5,2,0,2282,0,11,"45-49 "
311090,8,941,11,0,0,941,0,8,"25-29 "
311403,1,476,4,0,0,476,0,1,"45-49 "
311540,7,1657,4,0,0,1657,0,7,"45-49 "
311755,6,611,15,0,611,0,6,0,"25-29 "
311762,7,445,13,3,117,328,2,5,"35-39 "
311786,5,202,31,0,202,0,5,0,"30-34 "
311885,13,2940,10,2,1140,1800,4,9,"35-39 "
311960,8,511,3,4,366,145,6,2,"60-64 "
312103,5,633,23,0,633,0,5,0,"40-44 "
312561,12,655,39,0,384,271,7,5,"35-39 "
312578,32,10958,9,1,4040,6918,7,25,"40-44 "
312653,27,2646,4,1,0,2646,0,27,"30-34 "
312721,6,737,41,0,737,0,6,0,"45-49 "
312844,26,8848,5,0,0,8848,0,26,"45-49 "
312882,2,839,26,0,0,839,0,2,"40-44 "
312998,2,43,32,0,0,43,0,2,"40-44 "
313025,8,2827,12,2,910,1917,6,2,">65 "
313063,1,36,19,0,0,36,0,1,"60-64 "
313087,11,1039,5,0,0,1039,0,11,"55-59 "
313117,37,3274,14,0,410,2864,4,33,"35-39 "
313162,1,60,32,0,0,60,0,1,"50-54 "
313223,1,39,5,0,0,39,0,1,"60-64 "
313247,13,903,2,3,881,22,12,1,"35-39 "
313490,14,1881,5,0,0,1881,0,14,"30-34 "
314060,13,783,12,0,0,783,0,13,"40-44 "
314084,18,1873,5,2,0,1873,0,18,"40-44 "
315647,5,378,33,0,0,378,0,5,"35-39 "
315661,22,2161,16,0,2161,0,22,0,"35-39 "
315852,64,18404,8,0,5484,12920,15,49,"40-44 "
315975,9,1473,12,0,0,1473,0,9,"30-34 "
316354,12,1216,38,0,1216,0,12,0,"35-39 "
316552,5,267,29,0,267,0,5,0,"40-44 "
317658,6,848,21,0,848,0,6,0,"40-44 "
317856,24,4509,18,1,0,4509,0,24,"50-54 "
318020,13,2563,10,2,2563,0,13,0,"45-49 "
318211,1,60,32,0,0,60,0,1,"30-34 "
319713,4,538,11,0,0,538,0,4,"50-54 "
319829,37,16862,6,1,12282,4580,25,12,"35-39 "
319850,6,808,11,5,0,808,0,6,">65 "
320313,7,330,31,1,100,230,3,4,"25-29 "
320351,4,988,34,0,988,0,4,0,"50-54 "
320627,14,998,10,2,223,775,3,11,"35-39 "
320788,7,567,13,0,567,0,7,0,">65 "
321341,17,2239,4,2,0,2239,0,17,"25-29 "
321396,52,8325,12,1,6612,1713,40,12,"45-49 "
321433,61,6350,5,1,6147,203,58,3,"40-44 "
321709,6,217,11,3,105,112,2,4,"50-54 "
321839,13,28096,21,1,22876,5220,11,2,"35-39 "
322010,9,8506,26,2,0,8506,0,9,"40-44 "
322041,6,423,2,3,423,0,6,0,"60-64 "
322058,9,7489,10,1,7489,0,9,0,"30-34 "
322140,101,15494,15,0,7528,7966,46,55,"35-39 "
322201,20,1617,30,0,1285,332,16,4,"40-44 "
322720,33,2666,20,1,2343,323,29,4,"45-49 "
322775,40,9656,11,1,0,9656,0,40,"25-29 "
322867,14,2246,26,1,1308,938,8,6,"40-44 "
322904,7,434,24,2,434,0,7,0,"50-54 "
322966,41,6775,12,1,3930,2845,22,19,"45-49 "
323017,6,2074,21,0,2074,0,6,0,"30-34 "
323215,30,4952,16,1,4952,0,30,0,"40-44 "
323369,4,206,37,0,206,0,4,0,"40-44 "
324540,7,3126,3,0,3126,0,7,0,"45-49 "
324977,60,8308,13,0,8308,0,60,0,"40-44 "
325172,5,334,12,4,0,334,0,5,"60-64 "
325202,2,168,11,0,0,168,0,2,"35-39 "
325301,11,907,12,3,400,507,3,8,"60-64 "
325486,4,3496,12,0,0,3496,0,4,"35-39 "
325929,8,391,11,0,66,325,1,7,"35-39 "
326018,4,722,14,0,722,0,4,0,">65 "
326056,31,2727,26,0,0,2727,0,31,"35-39 "
326063,29,7165,18,1,3292,3873,14,15,"30-34 "
326070,24,2997,6,0,2997,0,24,0,"45-49 "
326148,4,512,26,0,0,512,0,4,"60-64 "
326438,43,24042,3,1,23826,216,40,3,"45-49 "
326858,7,2115,18,0,0,2115,0,7,"45-49 "
326889,9,922,11,0,0,922,0,9,"55-59 "
326919,3,229,11,10,94,135,2,1,"30-34 "
328524,21,2884,13,0,2884,0,21,0,"35-39 "
328531,21,4163,2,1,4163,0,21,0,"35-39 "
328548,5,873,31,0,873,0,5,0,"35-39 "
328586,9,1041,23,0,1041,0,9,0,"50-54 "
328753,4,1038,30,0,1038,0,4,0,"40-44 "
329002,8,4338,13,2,748,3590,7,1,"45-49 "
329224,43,2634,8,1,1580,1054,27,16,"45-49 "
329637,1,342,38,0,342,0,1,0,"25-29 "
330442,17,2315,13,1,2315,0,17,0,"35-39 "
331586,35,2234,8,1,2234,0,35,0,"35-39 "
331708,3,297,35,0,297,0,3,0,"35-39 "
331739,2,83,13,0,83,0,2,0,"25-29 "
331746,27,5665,2,1,5665,0,27,0,"35-39 "
331784,5,1484,28,2,1055,429,2,3,"60-64 "
332118,6,230,20,2,230,0,6,0,"45-49 "
332262,11,598,6,0,452,146,9,2,"35-39 "
332347,1,99,13,0,99,0,1,0,"60-64 "
333085,1,156,15,0,156,0,1,0,"50-54 "
333122,19,2094,25,1,603,1491,9,10,"40-44 "
333320,5,194,2,0,194,0,5,0,"60-64 "
334563,32,3908,42,0,3908,0,32,0,"40-44 "
334662,17,4784,19,1,0,4784,0,17,"55-59 "
335065,26,5937,4,1,0,5937,0,26,"60-64 "
336154,114,16218,4,0,5584,10634,70,44,"40-44 "
336420,19,4027,7,2,4027,0,19,0,"50-54 "
336796,34,16898,2,1,13647,3251,31,3,"45-49 "
337151,1,580,20,0,580,0,1,0,"30-34 "
337175,10,1307,19,0,0,1307,0,10,"35-39 "
337182,61,5534,4,1,377,5157,8,53,"50-54 "
337410,14,1543,18,0,0,1543,0,14,"45-49 "
337557,17,875,20,1,875,0,17,0,"60-64 "
338110,8,1112,30,1,1112,0,8,0,"45-49 "
338349,15,5260,41,0,5260,0,15,0,"35-39 "
338370,1,36,17,0,36,0,1,0,"40-44 "
338455,14,4917,17,1,245,4672,2,12,"45-49 "
338509,32,2209,3,1,2209,0,32,0,">65 "
338707,31,5404,4,1,1121,4283,15,16,"40-44 "
339018,11,1564,4,0,0,1564,0,11,"35-39 "
339070,41,14331,20,0,14331,0,41,0,"45-49 "
339278,13,7421,36,0,7421,0,13,0,"30-34 "
339384,23,4465,2,0,4465,0,23,0,"30-34 "
339391,11,3766,9,3,3766,0,11,0,"35-39 "
339407,2,55,3,0,55,0,2,0,"40-44 "
339490,5,3637,15,0,3637,0,5,0,"30-34 "
339506,10,805,12,1,0,805,0,10,"35-39 "
339568,18,2005,15,0,2005,0,18,0,"30-34 "
339728,10,986,40,0,0,986,0,10,"35-39 "
339797,16,3033,25,0,0,3033,0,16,"25-29 "
339896,9,617,32,0,0,617,0,9,"60-64 "
340137,31,7124,11,1,0,7124,0,31,"35-39 "
340182,8,718,17,0,718,0,8,0,"40-44 "
340441,40,7466,4,0,4751,2715,14,26,"40-44 "
340588,7,1145,32,0,0,1145,0,7,"25-29 "
340625,17,3226,5,2,1745,1481,6,11,"<25 "
340670,22,7765,4,2,0,7765,0,22,"25-29 "
340854,17,1587,2,0,1587,0,17,0,"40-44 "
341042,7,1275,30,1,1275,0,7,0,"<25 "
341110,5,982,21,0,982,0,5,0,"<25 "
341257,4,465,5,7,0,465,0,4,"35-39 "
342070,2,319,22,0,319,0,2,0,">65 "
342223,17,3392,10,0,3392,0,17,0,"45-49 "
342254,6,1333,2,0,1333,0,6,0,"50-54 "
342605,26,4247,12,1,0,4247,0,26,"35-39 "
342650,18,1619,10,0,1619,0,18,0,"40-44 "
344043,14,1495,11,1,0,1495,0,14,"60-64 "
344388,2,121,20,0,121,0,2,0,"35-39 "
344708,1,990,31,0,990,0,1,0,"40-44 "
344784,3,543,37,0,543,0,3,0,"35-39 "
344999,4,295,36,0,295,0,4,0,"60-64 "
345712,7,17472,18,0,0,17472,0,7,"35-39 "
346115,18,2609,20,0,2112,497,11,7,"25-29 "
346207,7,770,14,2,770,0,7,0,"30-34 "
346672,20,1585,21,0,1585,0,20,0,"25-29 "
347129,3,260,10,0,260,0,3,0,"30-34 "
347211,6,170,11,1,0,170,0,6,"30-34 "
347532,3,106,27,0,106,0,3,0,"35-39 "
347877,57,17412,15,0,10014,7398,48,9,"40-44 "
347938,8,3716,10,2,3289,427,6,2,"35-39 "
348362,8,894,6,4,721,173,5,3,"35-39 "
348454,2,58,14,0,58,0,2,0,"35-39 "
348508,27,5062,18,1,951,4111,9,18,"40-44 "
348669,8,913,12,0,0,913,0,8,"45-49 "
348942,28,11309,11,0,0,11309,0,28,"55-59 "
349208,5,428,12,0,0,428,0,5,"30-34 "
349758,4,302,4,0,0,302,0,4,"30-34 "
349857,54,7753,3,1,6093,1660,39,15,"55-59 "
350341,8,1024,2,0,1024,0,8,0,"35-39 "
350440,47,7629,18,0,0,7629,0,47,"45-49 "
350716,13,1669,11,0,0,1669,0,13,"40-44 "
350846,5,1320,32,0,0,1320,0,5,">65 "
351218,23,3504,10,1,1831,1673,8,15,"45-49 "
351263,7,509,9,0,479,30,6,1,"50-54 "
351454,1,129,34,0,129,0,1,0,"40-44 "
351522,17,2686,19,0,0,2686,0,17,"40-44 "
352079,4,513,19,4,276,237,2,2,"35-39 "
353083,1,3120,28,0,3120,0,1,0,"30-34 "
353342,1,94,17,0,94,0,1,0,"45-49 "
353397,17,3099,25,1,0,3099,0,17,"30-34 "
353540,43,22201,12,1,11339,10862,20,23,"40-44 "
353656,18,3090,13,1,3090,0,18,0,"35-39 "
353908,16,6770,6,2,6770,0,16,0,"45-49 "
354028,1,580,12,0,0,580,0,1,">65 "
355322,24,7230,13,1,5597,1633,12,12,"45-49 "
355353,25,10837,2,1,3420,7417,11,14,"60-64 "
355537,21,2924,2,2,2034,890,15,6,"50-54 "
355643,53,5908,6,1,5386,522,48,5,"35-39 "
355766,8,1267,2,4,1267,0,8,0,"40-44 "
355780,40,4103,33,0,0,4103,0,40,"40-44 "
356190,2,166,34,0,166,0,2,0,"55-59 "
356220,64,9125,4,1,8196,929,51,13,"60-64 "
356299,6,675,39,0,0,675,0,6,"50-54 "
356824,5,505,23,2,505,0,5,0,"40-44 "
357050,4,1292,4,0,0,1292,0,4,"60-64 "
357159,20,1980,10,2,1980,0,20,0,"40-44 "
358194,2,230,2,0,230,0,2,0,"35-39 "
358736,4,29263,21,0,29263,0,4,0,"35-39 "
359856,5,537,38,0,537,0,5,0,"40-44 "
360319,12,1896,10,2,1896,0,12,0,">65 "
361606,46,4909,32,0,0,4909,0,46,"45-49 "
361873,5,445,38,0,445,0,5,0,"25-29 "
362276,6,861,2,5,765,96,4,2,"50-54 "
362283,22,13472,5,0,0,13472,0,22,"35-39 "
362344,37,4424,2,1,2719,1705,28,9,"55-59 "
362405,1,36,20,0,36,0,1,0,"50-54 "
362535,1,36,19,0,0,36,0,1,"45-49 "
362825,42,9282,12,0,1667,7615,12,30,"35-39 "
363297,1,1904,19,0,0,1904,0,1,"45-49 "
363327,11,3668,19,0,0,3668,0,11,"45-49 "
364881,49,4278,6,1,3261,1017,41,8,"35-39 "
366281,1,1904,22,0,1904,0,1,0,">65 "
366540,21,910,4,2,830,80,18,3,"40-44 "
367431,41,2722,4,1,1317,1405,21,20,"40-44 "
367677,22,1482,13,1,520,962,14,8,"35-39 "
367851,3,211,34,0,211,0,3,0,"55-59 "
368261,5,273,4,0,0,273,0,5,"50-54 "
368322,75,9591,2,1,5464,4127,32,43,"40-44 "
368476,49,2147,14,1,946,1201,22,27,"45-49 "
368568,64,10595,2,1,2484,8111,16,48,"35-39 "
368674,22,2574,8,1,1963,611,15,7,"45-49 "
369176,26,2488,14,1,2488,0,26,0,"60-64 "
369633,60,9172,2,0,1440,7732,11,49,"45-49 "
369954,9,1100,2,0,1100,0,9,0,"30-34 "
371261,14,1764,18,1,0,1764,0,14,"50-54 "
371957,1,420,25,0,0,420,0,1,"45-49 "
372138,6,724,15,0,724,0,6,0,"50-54 "
372367,4,347,15,0,347,0,4,0,"35-39 "
373074,3,238,15,0,238,0,3,0,"30-34 "
373579,8,517,3,0,280,237,3,5,"25-29 "
374590,11,674,6,0,674,0,11,0,"35-39 "
375016,4,395,4,0,0,395,0,4,"55-59 "
375245,9,2035,8,0,2035,0,9,0,"35-39 "
375757,9,4192,5,0,0,4192,0,9,"35-39 "
375764,18,1571,32,0,1511,60,17,1,"55-59 "
375917,24,4447,42,0,4447,0,24,0,"30-34 "
376082,4,408,5,0,0,408,0,4,"45-49 "
376136,1,32,23,0,32,0,1,0,"45-49 "
377836,11,2954,14,0,2954,0,11,0,"45-49 "
377904,3,255,39,0,0,255,0,3,"35-39 "
378208,10,1481,25,0,0,1481,0,10,"35-39 "
379137,5,1166,7,1,1166,0,5,0,"30-34 "
379144,8,4998,5,3,174,4824,2,6,">65 "
379472,12,4278,27,0,4278,0,12,0,"40-44 "
380249,3,221,5,0,0,221,0,3,"50-54 "
380300,27,5560,13,1,5044,516,26,1,"45-49 "
380355,22,7263,2,1,1365,5898,5,17,"50-54 "
380393,187,30507,2,0,15432,15075,110,77,"50-54 "
380713,13,2145,14,1,2145,0,13,0,"25-29 "
380881,27,5173,25,0,0,5173,0,27,"30-34 "
380942,108,15179,26,0,0,15179,0,108,"35-39 "
381147,45,18757,2,1,13340,5417,36,9,"35-39 "
381185,10,1639,22,0,1639,0,10,0,"50-54 "
381321,5,3724,25,2,0,3724,0,5,"50-54 "
381482,4,746,30,0,746,0,4,0,"45-49 "
381680,2,1908,3,0,1908,0,2,0,"30-34 "
382588,3,415,19,0,0,415,0,3,"35-39 "
382618,27,2426,2,1,1763,663,20,7,"40-44 "
382625,13,1331,20,0,1331,0,13,0,"35-39 "
382656,7,992,20,0,992,0,7,0,"40-44 "
382946,27,3418,25,0,0,3418,0,27,"35-39 "
383387,2,373,26,0,0,373,0,2,"50-54 "
384070,5,540,26,0,0,540,0,5,"60-64 "
384421,35,6173,15,1,6173,0,35,0,"50-54 "
384551,2,224,3,0,224,0,2,0,"40-44 "
384674,1,112,4,0,0,112,0,1,"25-29 "
384940,16,5269,22,0,5269,0,16,0,"60-64 "
385138,13,1031,3,3,531,500,10,3,"40-44 "
385244,2,180,6,0,180,0,2,0,"60-64 "
385329,16,1097,42,0,1097,0,16,0,"35-39 "
386234,16,4188,18,0,0,4188,0,16,"35-39 "
386449,13,575,11,0,0,575,0,13,"35-39 "
386463,19,1759,26,0,0,1759,0,19,"35-39 "
386920,1,396,20,0,396,0,1,0,"45-49 "
387804,2,432,18,2,396,36,1,1,"35-39 "
387828,26,2387,4,1,1465,922,12,14,"60-64 "
388139,8,484,3,0,313,171,6,2,"35-39 "
388276,4,415,12,0,0,415,0,4,"35-39 "
388306,13,1216,29,0,1216,0,13,0,"40-44 "
388726,2,575,40,0,0,575,0,2,"45-49 "
388993,5,852,38,0,852,0,5,0,"30-34 "
389006,21,3179,19,1,1177,2002,11,10,"30-34 "
389051,25,3087,6,1,987,2100,3,22,"30-34 "
390071,19,1727,5,2,0,1727,0,19,"35-39 "
390323,2,872,10,0,872,0,2,0,"50-54 "
390514,27,2713,11,1,1321,1392,11,16,"40-44 "
391146,3,68,37,0,68,0,3,0,"30-34 "
391481,15,1822,32,0,0,1822,0,15,">65 "
392198,19,9235,25,1,4544,4691,12,7,"30-34 "
392433,58,5215,9,1,2453,2762,23,35,">65 "
392495,25,4761,7,0,4761,0,25,0,"40-44 "
392617,11,796,15,1,796,0,11,0,"45-49 "
392662,19,3838,9,1,2671,1167,13,6,">65 "
392709,11,1564,38,0,1564,0,11,0,"55-59 "
393805,27,4764,31,0,4764,0,27,0,"45-49 "
393997,14,4334,5,2,1523,2811,9,5,"35-39 "
394062,23,1610,15,0,1610,0,23,0,"45-49 "
395182,4,1068,3,2,618,450,3,1,"50-54 "
395519,8,570,39,0,0,570,0,8,"35-39 "
396127,11,511,10,2,511,0,11,0,">65 "
397124,13,3465,25,1,0,3465,0,13,"35-39 "
397391,113,88823,2,0,79531,9292,62,51,"40-44 "
397568,15,2882,25,0,0,2882,0,15,"40-44 "
397872,8,1771,14,3,1771,0,8,0,"40-44 "
397988,4,477,23,2,477,0,4,0,"35-39 "
398770,14,3631,13,0,3631,0,14,0,"50-54 "
398923,7,1608,29,0,1608,0,7,0,"40-44 "
399074,8,19964,17,0,19964,0,8,0,"35-39 "
399180,14,1274,35,0,236,1038,8,6,"45-49 "
399203,18,4551,23,1,3917,634,15,3,"30-34 "
399210,2,559,19,4,540,19,1,1,"35-39 "
399227,22,6025,3,1,4577,1448,11,11,"40-44 "
399326,58,13426,13,0,10520,2906,44,14,"35-39 "
399401,22,4318,3,1,1349,2969,16,6,"50-54 "
399425,24,2158,6,2,2158,0,24,0,"45-49 "
399449,45,8863,3,1,7264,1599,31,14,"30-34 "
399524,9,2109,35,0,2109,0,9,0,"40-44 "
399838,8,1037,14,2,842,195,5,3,"55-59 "
400176,27,2275,15,1,2275,0,27,0,"30-34 "
400244,1,36,20,0,36,0,1,0,"40-44 "
401142,11,966,9,0,966,0,11,0,"35-39 "
401425,9,1766,2,0,1766,0,9,0,"45-49 "
401470,22,2255,19,1,0,2255,0,22,"40-44 "
401524,4,2044,26,0,0,2044,0,4,"30-34 "
401746,5,570,18,0,0,570,0,5,">65 "
402071,16,1931,12,2,781,1150,12,4,"50-54 "
402118,19,1627,10,0,1627,0,19,0,"35-39 "
402163,8,686,4,1,497,189,5,3,"45-49 "
402224,6,617,32,1,468,149,4,2,"45-49 "
402293,13,1818,24,1,1758,60,12,1,"40-44 "
402392,7,728,14,0,728,0,7,0,">65 "
402590,26,20467,8,1,19994,473,18,8,"55-59 "
403559,30,9188,18,0,0,9188,0,30,"50-54 "
404495,25,4613,33,0,3054,1559,18,7,"35-39 "
405706,3,447,6,0,447,0,3,0,"40-44 "
405782,3,459,28,0,459,0,3,0,"35-39 "
405843,24,1095,17,1,377,718,9,15,"35-39 "
406734,37,4391,2,1,4391,0,37,0,"40-44 "
406840,4,5888,3,0,5888,0,4,0,"50-54 "
407755,10,1580,9,2,580,1000,1,9,"45-49 "
408745,25,2048,5,0,1816,232,21,4,"35-39 "
409643,37,2712,5,0,0,2712,0,37,"45-49 "
409803,2,135,16,0,135,0,2,0,">65 "
409841,24,2575,26,0,0,2575,0,24,"35-39 "
409858,5,1025,13,3,671,354,3,2,"40-44 "
409889,1,36,16,0,36,0,1,0,"40-44 "
410083,4,1003,19,4,118,885,2,2,"55-59 "
410151,13,1278,26,0,0,1278,0,13,"30-34 "
410168,36,5061,2,1,4821,240,30,6,"30-34 "
410212,14,4611,10,2,466,4145,2,12,"45-49 "
410403,2,384,5,2,239,145,1,1,"40-44 "
410434,40,17407,21,0,9099,8308,19,21,"40-44 "
410472,12,1100,39,0,0,1100,0,12,"30-34 "
411035,23,3372,6,2,3372,0,23,0,"45-49 "
411271,67,6318,5,0,1874,4444,23,44,"45-49 "
411387,13,921,14,0,921,0,13,0,"40-44 "
411967,9,1894,33,0,0,1894,0,9,"45-49 "
412803,30,4675,11,1,0,4675,0,30,"35-39 "
413107,1,356,28,0,356,0,1,0,"30-34 "
413497,40,19189,5,1,1108,18081,12,28,"25-29 "
413572,20,2653,21,1,1295,1358,10,10,"35-39 "
414425,3,215,32,0,0,215,0,3,"45-49 "
414609,12,2079,16,1,2079,0,12,0,"40-44 "
414760,46,4945,4,1,3250,1695,35,11,">65 "
414791,2,237,2,0,237,0,2,0,">65 "
415057,4,10515,22,0,10515,0,4,0,">65 "
415408,38,9608,32,0,0,9608,0,38,"45-49 "
415484,45,8020,2,1,5848,2172,31,14,"60-64 "
415729,3,205,14,0,205,0,3,0,"50-54 "
416207,18,2953,25,1,717,2236,10,8,"35-39 "
416221,45,8275,11,0,0,8275,0,45,">65 "
416269,13,8926,13,0,8926,0,13,0,"40-44 "
416764,3,871,19,0,0,871,0,3,"35-39 "
417020,9,2875,12,0,0,2875,0,9,"30-34 "
418287,14,1510,29,0,1510,0,14,0,"45-49 "
418683,10,2938,3,4,2938,0,10,0,"45-49 "
418690,33,6262,4,0,0,6262,0,33,"35-39 "
418874,27,3950,11,1,1747,2203,7,20,"40-44 "
418997,13,3831,32,0,0,3831,0,13,"50-54 "
419826,15,2731,12,0,0,2731,0,15,"50-54 "
419895,30,3899,14,1,3899,0,30,0,"35-39 "
420099,53,7646,4,1,0,7646,0,53,"35-39 "
420501,7,1536,33,0,0,1536,0,7,"30-34 "
420655,42,3131,5,1,2757,374,39,3,"40-44 "
420679,81,16699,14,0,12468,4231,54,27,"30-34 "
420877,10,3199,32,0,0,3199,0,10,"55-59 "
420914,25,3096,19,0,0,3096,0,25,"35-39 "
420976,23,3872,5,0,0,3872,0,23,"35-39 "
421225,5,426,4,0,0,426,0,5,"45-49 "
421263,9,1323,9,3,951,372,4,5,"<25 "
421294,25,3635,21,1,3575,60,24,1,"30-34 "
421317,11,566,2,4,566,0,11,0,">65 "
421461,12,1257,13,0,1257,0,12,0,"40-44 "
422123,30,9502,2,1,8462,1040,23,7,"30-34 "
422499,5,11387,20,0,11387,0,5,0,"50-54 "
422642,12,659,17,0,659,0,12,0,"35-39 "
422772,45,5336,3,1,1877,3459,19,26,"35-39 "
423014,17,20525,10,1,4817,15708,8,9,"35-39 "
423304,6,1142,26,0,0,1142,0,6,"35-39 "
423397,5,2379,5,6,2269,110,3,2,"60-64 "
423403,34,8333,14,0,5721,2612,9,25,"45-49 "
423427,4,4794,26,0,0,4794,0,4,"45-49 "
423939,35,3890,35,0,3890,0,35,0,"35-39 "
423960,7,567,25,1,0,567,0,7,"45-49 "
424028,8,359,19,0,0,359,0,8,">65 "
424035,1,60,35,0,60,0,1,0,"30-34 "
424042,5,209,4,0,0,209,0,5,"45-49 "
424172,32,7546,4,1,5840,1706,24,8,"35-39 "
424288,9,373,22,0,109,264,2,7,"55-59 "
424295,21,3028,5,1,1579,1449,11,10,"50-54 "
424349,18,1844,20,1,1563,281,10,8,"<25 "
424356,29,3829,18,1,0,3829,0,29,"40-44 "
424646,6,929,8,0,929,0,6,0,"45-49 "
424677,31,2483,11,0,0,2483,0,31,"50-54 "
424745,28,2391,2,1,1700,691,21,7,"40-44 "
425926,9,639,17,0,639,0,9,0,"40-44 "
425933,20,2885,8,1,1292,1593,12,8,"50-54 "
425940,2,312,8,6,312,0,2,0,"40-44 "
425964,2,96,7,12,36,60,1,1,"40-44 "
426008,4,277,12,6,178,99,3,1,">65 "
426046,5,2745,18,4,0,2745,0,5,"40-44 "
426053,226,24805,1,0,13474,11331,111,115,"40-44 "
426060,12,1761,15,2,1761,0,12,0,"30-34 "
426169,7,968,22,0,968,0,7,0,"50-54 "
426190,32,1794,5,0,0,1794,0,32,"35-39 "
426206,8,1054,20,2,1054,0,8,0,">65 "
426220,1,19,10,0,19,0,1,0,"45-49 "
426275,3,369,25,3,60,309,1,2,"60-64 "
426282,22,1408,2,2,1389,19,21,1,"40-44 "
426299,11,713,3,0,713,0,11,0,"40-44 "
426329,9,1837,5,0,0,1837,0,9,"50-54 "
426374,63,7970,3,1,2538,5432,22,41,"30-34 "
426381,16,1400,25,1,965,435,8,8,"35-39 "
426459,23,3716,18,1,275,3441,3,20,"40-44 "
426473,7,1787,39,0,0,1787,0,7,"40-44 "
426497,14,7321,12,2,5587,1734,11,3,"40-44 "
426503,31,4159,4,1,1516,2643,18,13,"35-39 "
426541,14,1839,12,2,969,870,8,6,"35-39 "
426596,11,677,32,1,364,313,3,8,"45-49 "
426619,11,652,28,0,483,169,6,5,"30-34 "
426626,3,224,16,2,224,0,3,0,"55-59 "
426732,29,2454,3,1,1650,804,20,9,"60-64 "
426824,97,11928,2,0,7335,4593,57,40,"45-49 "
426848,33,4410,8,1,4074,336,30,3,"50-54 "
426855,5,4134,11,0,0,4134,0,5,"30-34 "
426879,10,2537,18,2,0,2537,0,10,"40-44 "
426886,12,2901,18,0,0,2901,0,12,"50-54 "
426909,3,1136,13,7,1136,0,3,0,"40-44 "
426947,8,2393,32,0,0,2393,0,8,"40-44 "
427005,9,842,10,1,842,0,9,0,"40-44 "
427012,16,11029,11,1,9111,1918,9,7,"40-44 "
427029,46,5636,3,1,1860,3776,11,35,"40-44 "
427159,85,13108,6,0,11451,1657,65,20,"45-49 "
427203,4,274,35,2,274,0,4,0,"60-64 "
427241,16,2125,2,0,2125,0,16,0,"40-44 "
427449,1,19,19,0,0,19,0,1,"50-54 "
427531,9,1293,6,3,331,962,4,5,"55-59 "
427579,7,498,4,0,0,498,0,7,"45-49 "
427586,5,2203,25,0,0,2203,0,5,"50-54 "
427906,5,233,10,0,233,0,5,0,"40-44 "
427999,11,2515,11,0,0,2515,0,11,"35-39 "
428088,2,348,20,0,348,0,2,0,"35-39 "
429450,5,354,32,0,0,354,0,5,"30-34 "
430128,36,5621,2,1,3383,2238,18,18,"45-49 "
430296,24,4331,3,0,4331,0,24,0,">65 "
430784,16,5081,9,0,5081,0,16,0,"35-39 "
431651,20,2780,20,1,1799,981,7,13,"35-39 "
431859,14,1234,2,0,1234,0,14,0,"40-44 "
431910,14,1642,17,0,1642,0,14,0,"55-59 "
432009,11,2186,7,3,1131,1055,8,3,"50-54 "
432085,17,5686,20,0,5686,0,17,0,"45-49 "
432177,4,947,34,0,947,0,4,0,"45-49 "
432238,52,11029,4,1,2752,8277,29,23,"40-44 "
432757,6,584,37,0,584,0,6,0,"35-39 "
432900,2,640,12,11,60,580,1,1,">65 "
432979,1,89,4,0,0,89,0,1,">65 "
433129,52,6493,13,0,4708,1785,32,20,"35-39 "
433136,36,2417,19,0,0,2417,0,36,"45-49 "
433174,10,766,22,0,766,0,10,0,"45-49 "
433198,2,16016,3,12,464,15552,1,1,"40-44 "
433228,6,1092,41,0,1092,0,6,0,"45-49 "
433259,36,6114,28,0,6114,0,36,0,"40-44 "
433280,9,3842,19,0,0,3842,0,9,"50-54 "
433594,22,2525,8,1,1200,1325,13,9,"40-44 "
433617,6,1038,18,0,0,1038,0,6,"35-39 "
433624,20,4697,32,0,3521,1176,14,6,"40-44 "
433648,75,16795,18,0,7202,9593,15,60,"45-49 "
433686,7,2584,4,0,0,2584,0,7,"40-44 "
433709,12,631,20,2,631,0,12,0,">65 "
434102,33,3716,9,1,2124,1592,22,11,"35-39 "
434133,11,3748,5,2,3095,653,7,4,"35-39 "
434195,3,593,8,0,593,0,3,0,"30-34 "
434300,12,1548,19,0,0,1548,0,12,"50-54 "
436083,15,1674,26,1,1440,234,13,2,">65 "
436175,7,2244,25,0,0,2244,0,7,"40-44 "
436731,24,6157,2,1,6157,0,24,0,"30-34 "
436908,19,2866,24,1,2866,0,19,0,"45-49 "
437066,1,3132,20,0,3132,0,1,0,"30-34 "
437493,32,5846,34,0,5846,0,32,0,"40-44 "
437547,34,5002,7,1,5002,0,34,0,"40-44 "
437585,24,6034,12,0,0,6034,0,24,"40-44 "
437653,6,513,38,0,513,0,6,0,"35-39 "
437691,9,8959,11,2,0,8959,0,9,"25-29 "
437769,5,415,40,0,0,415,0,5,"30-34 "
437776,1,3120,31,0,3120,0,1,0,"35-39 "
437868,2,829,13,0,829,0,2,0,"30-34 "
437875,3,497,18,0,0,497,0,3,"35-39 "
438155,27,6549,3,1,5241,1308,15,12,"30-34 "
438483,4,2123,6,2,126,1997,2,2,"60-64 "
438896,6,1502,21,0,1502,0,6,0,"30-34 "
438940,3,70,13,0,70,0,3,0,"50-54 "
439008,8,848,14,1,848,0,8,0,">65 "
439121,15,4862,33,0,0,4862,0,15,"50-54 "
439695,1,60,35,0,60,0,1,0,"30-34 "
439725,109,16604,2,0,12549,4055,102,7,"55-59 "
439862,19,3825,3,1,2343,1482,13,6,"45-49 "
439978,6,2921,18,0,0,2921,0,6,"30-34 "
440011,45,3944,33,0,0,3944,0,45,"35-39 "
440189,61,10890,15,0,6489,4401,49,12,"40-44 "
440578,14,3740,39,0,0,3740,0,14,"25-29 "
440646,13,4190,10,2,3511,679,7,6,"35-39 "
440660,9,821,32,0,0,821,0,9,"35-39 "
440875,14,1673,3,1,1673,0,14,0,"60-64 "
440936,1,396,12,0,0,396,0,1,"45-49 "
441896,31,6924,3,1,4479,2445,3,28,"40-44 "
442022,5,361,25,0,0,361,0,5,"30-34 "
442466,12,1010,40,0,0,1010,0,12,"<25 "
442541,2,4732,35,0,4732,0,2,0,"25-29 "
442558,27,9439,16,1,9439,0,27,0,"50-54 "
442954,2,860,35,0,860,0,2,0,"55-59 "
442992,4,341,2,0,341,0,4,0,"40-44 "
443074,4,1212,18,0,0,1212,0,4,"35-39 "
443104,33,2481,6,1,2044,437,27,6,"45-49 "
443173,10,1268,4,0,0,1268,0,10,"35-39 "
443531,25,3308,13,1,2504,804,15,10,"45-49 "
444019,10,2275,12,0,0,2275,0,10,"35-39 "
444262,6,451,7,0,451,0,6,0,"35-39 "
444514,13,765,28,0,765,0,13,0,"30-34 "
445092,8,831,18,3,228,603,3,5,"50-54 "
445207,3,321,14,0,321,0,3,0,"50-54 "
445443,19,2686,7,2,2124,562,15,4,">65 "
445450,16,6464,9,1,6464,0,16,0,"45-49 "
445467,6,1160,42,0,1160,0,6,0,"25-29 "
445474,31,5356,8,1,3791,1565,13,18,"30-34 "
445481,14,3209,22,1,2024,1185,11,3,"50-54 "
445498,13,963,3,3,963,0,13,0,"50-54 "
445511,7,552,2,5,492,60,6,1,"25-29 "
445542,8,392,4,0,0,392,0,8,"30-34 "
445603,9,1705,5,0,0,1705,0,9,"25-29 "
445634,1,820,32,0,0,820,0,1,"30-34 "
445672,29,2840,13,1,2840,0,29,0,"30-34 "
445924,47,5417,25,0,0,5417,0,47,"40-44 "
445931,14,2141,4,2,0,2141,0,14,"45-49 "
446037,27,7714,14,0,5601,2113,20,7,"25-29 "
446082,6,464,42,0,464,0,6,0,"25-29 "
446402,18,2125,8,0,2125,0,18,0,"25-29 "
446419,7,556,7,2,556,0,7,0,"55-59 "
446464,4,403,29,0,403,0,4,0,"25-29 "
446495,19,2641,13,0,2641,0,19,0,"25-29 "
446525,3,220,40,0,0,220,0,3,"45-49 "
446587,2,3847,19,0,0,3847,0,2,"30-34 "
446594,26,2831,25,0,493,2338,6,20,"60-64 "
446655,2,168,10,0,168,0,2,0,"30-34 "
446761,3,788,21,0,788,0,3,0,"35-39 "
447201,4,2202,10,4,2202,0,4,0,"55-59 "
447225,23,5182,8,1,2680,2502,7,16,"50-54 "
447348,3,193,11,0,0,193,0,3,"35-39 "
448154,3,182,32,0,0,182,0,3,"40-44 "
448635,8,2234,2,0,2234,0,8,0,"45-49 "
448666,6,563,2,6,563,0,6,0,"40-44 "
448680,7,1906,24,0,1906,0,7,0,"45-49 "
448802,13,3272,39,0,0,3272,0,13,"45-49 "
449168,1,2565,4,0,0,2565,0,1,"35-39 "
450133,9,1258,37,0,1258,0,9,0,"45-49 "
452090,1,65,36,0,65,0,1,0,"40-44 "
452403,3,259,27,0,259,0,3,0,"35-39 "
452786,22,2438,4,0,0,2438,0,22,"50-54 "
452960,13,2968,4,2,0,2968,0,13,"45-49 "
453035,37,13016,23,0,13016,0,37,0,"35-39 "
453370,11,732,33,0,0,732,0,11,"45-49 "
453523,49,4894,4,0,0,4894,0,49,"40-44 "
453837,12,1564,18,0,0,1564,0,12,"45-49 "
453844,21,1917,25,0,0,1917,0,21,"35-39 "
453905,16,1869,19,1,1474,395,9,7,"30-34 "
453981,4,546,4,0,0,546,0,4,"30-34 "
454179,3,491,6,0,491,0,3,0,"60-64 "
454650,5,1635,28,0,1635,0,5,0,"50-54 "
454766,11,1211,6,0,1211,0,11,0,"50-54 "
454827,10,2888,41,0,2888,0,10,0,"35-39 "
455411,3,256,42,0,256,0,3,0,"40-44 "
456197,2,303,16,0,303,0,2,0,"25-29 "
456487,10,1263,13,2,1263,0,10,0,"35-39 "
457415,34,5757,14,0,4121,1636,18,16,"45-49 "
458832,5,2380,19,0,0,2380,0,5,"35-39 "
459853,7,540,31,0,540,0,7,0,"35-39 "
460071,17,4799,17,1,4799,0,17,0,"45-49 "
460859,6,368,35,0,368,0,6,0,"35-39 "
462365,14,6551,25,1,2533,4018,8,6,"45-49 "
462822,26,2490,19,1,535,1955,7,19,"45-49 "
462877,4,230,19,0,0,230,0,4,"40-44 "
462891,71,14472,12,0,7977,6495,38,33,"35-39 "
463003,4,402,32,0,0,402,0,4,"45-49 "
463089,11,1639,20,0,1639,0,11,0,"40-44 "
463157,11,1401,15,2,543,858,8,3,"45-49 "
463805,8,527,8,3,527,0,8,0,"50-54 "
463874,1,60,33,0,0,60,0,1,"50-54 "
465120,18,21246,18,1,0,21246,0,18,"35-39 "
468718,49,5182,5,1,1276,3906,12,37,"35-39 "
469012,29,3602,14,1,2517,1085,19,10,"40-44 "
469616,11,1695,25,0,0,1695,0,11,">65 "
469814,57,7948,14,1,2713,5235,39,18,"40-44 "
470032,31,2612,2,1,1725,887,17,14,"35-39 "
470865,38,4654,5,1,2911,1743,19,19,"45-49 "
471305,10,1185,26,0,0,1185,0,10,"40-44 "
471589,4,904,4,0,0,904,0,4,"25-29 "
471749,20,3802,5,2,0,3802,0,20,"40-44 "
471886,4,560,17,4,500,60,3,1,"40-44 "
471947,5,957,17,3,897,60,4,1,"<25 "
472241,3,390,15,0,390,0,3,0,">65 "
472302,8,1388,15,2,1388,0,8,0,"35-39 "
472319,11,3997,25,0,0,3997,0,11,"35-39 "
472654,82,17386,4,0,0,17386,0,82,"35-39 "
473606,7,542,27,0,542,0,7,0,"35-39 "
474290,8,1129,16,0,1129,0,8,0,"45-49 "
475396,26,13345,5,0,0,13345,0,26,"35-39 "
475556,20,6807,6,0,6807,0,20,0,"25-29 "
477543,5,952,21,1,217,735,2,3,">65 "
477796,7,2344,38,0,2344,0,7,0,"40-44 "
478175,42,15522,4,0,2056,13466,8,34,"35-39 "
478182,12,1068,21,2,1068,0,12,0,"50-54 "
478229,9,902,5,1,202,700,1,8,"30-34 "
478304,17,1026,41,0,1026,0,17,0,"50-54 "
478342,48,8029,5,1,6964,1065,40,8,"40-44 "
478380,32,5669,19,1,0,5669,0,32,"30-34 "
478458,56,63745,16,0,63247,498,47,9,"35-39 "
478991,14,1071,25,0,0,1071,0,14,"30-34 "
479455,1,71,22,0,71,0,1,0,"25-29 "
480604,9,794,2,0,794,0,9,0,"35-39 "
481083,17,1912,4,0,0,1912,0,17,"40-44 "
481533,17,1429,19,1,1138,291,12,5,"50-54 "
482141,5,230,25,0,0,230,0,5,"30-34 "
482400,18,5440,32,0,0,5440,0,18,"25-29 "
482479,28,3465,11,0,0,3465,0,28,"35-39 "
483049,2,190,23,0,190,0,2,0,"35-39 "
483421,32,3410,5,1,2487,923,19,13,"30-34 "
483445,16,13060,12,2,889,12171,2,14,"50-54 "
483995,3,229,40,0,0,229,0,3,"25-29 "
484121,8,810,16,2,36,774,1,7,"45-49 "
484558,1,840,10,0,840,0,1,0,"30-34 "
484992,11,1210,19,0,0,1210,0,11,"55-59 "
486224,10,2110,13,0,2110,0,10,0,"45-49 "
486408,18,1782,17,1,403,1379,3,15,"45-49 "
486514,13,3132,32,0,0,3132,0,13,"35-39 "
487351,13,1160,11,0,0,1160,0,13,"30-34 "
487559,25,7192,19,1,5130,2062,16,9,"45-49 "
488006,4,466,6,0,466,0,4,0,"<25 "
488044,14,13408,19,0,0,13408,0,14,"45-49 "
488167,10,2124,42,0,2124,0,10,0,"35-39 "
488679,17,2392,11,0,0,2392,0,17,"35-39 "
489157,2,145,25,4,0,145,0,2,"40-44 "
489171,24,3379,5,1,529,2850,7,17,"40-44 "
489188,15,2313,13,1,227,2086,2,13,"35-39 "
489201,2,122,33,0,0,122,0,2,"35-39 "
489225,13,1356,8,0,1356,0,13,0,"30-34 "
489249,19,3467,14,1,3467,0,19,0,"25-29 "
490290,4,2230,17,0,2230,0,4,0,"30-34 "
490962,38,7014,3,1,7014,0,38,0,"35-39 "
491341,1,60,34,0,60,0,1,0,"55-59 "
493536,4,4345,25,0,0,4345,0,4,"30-34 "
494076,6,18642,32,2,11960,6682,1,5,"30-34 "
494090,21,1846,30,1,1658,188,19,2,"60-64 "
494120,3,6270,32,3,5480,790,2,1,"25-29 "
494724,35,2317,14,1,2317,0,35,0,"40-44 "
494755,25,26331,4,1,0,26331,0,25,"30-34 "
495158,30,5156,12,1,4180,976,15,15,"30-34 "
495301,41,2049,6,1,1667,382,31,10,"35-39 "
495929,5,1807,4,3,0,1807,0,5,"25-29 "
496537,2,1647,19,0,0,1647,0,2,"45-49 "
496957,39,20867,5,1,1713,19154,15,24,"30-34 "
497121,1,195,28,0,195,0,1,0,"30-34 "
497879,24,2615,23,1,2615,0,24,0,"40-44 "
498821,17,5319,11,0,0,5319,0,17,"35-39 "
499569,16,5190,2,1,1511,3679,13,3,"45-49 "
499774,15,1288,39,0,0,1288,0,15,"40-44 "
499989,1,60,32,0,0,60,0,1,"35-39 "
500081,25,2890,11,0,1009,1881,8,17,"35-39 "
500241,3,287,39,0,0,287,0,3,"30-34 "
500692,13,1864,27,0,1864,0,13,0,"40-44 "
500944,8,2937,41,0,2937,0,8,0,"35-39 "
501439,10,1101,17,2,1101,0,10,0,"45-49 "
502139,22,3798,32,0,0,3798,0,22,"50-54 "
502443,4,398,18,4,0,398,0,4,"40-44 "
502542,74,8346,5,0,1313,7033,15,59,"45-49 "
503181,10,1247,6,1,771,476,7,3,"35-39 "
503488,28,7107,12,0,0,7107,0,28,"40-44 "
503518,5,662,2,0,662,0,5,0,"40-44 "
503983,12,1569,8,0,1569,0,12,0,"40-44 "
504195,1,60,34,0,60,0,1,0,"45-49 "
504256,48,4229,13,1,3853,376,42,6,"40-44 "
504324,1,3008,4,0,0,3008,0,1,"50-54 "
504478,5,969,2,0,969,0,5,0,"30-34 "
504539,7,1986,34,1,995,991,3,4,"40-44 "
505604,2,2900,42,0,2900,0,2,0,"30-34 "
505765,6,6757,18,0,0,6757,0,6,"30-34 "
505819,21,21781,4,1,0,21781,0,21,"40-44 "
506595,16,2093,10,2,2093,0,16,0,"40-44 "
506618,22,8888,2,2,4477,4411,17,5,"35-39 "
506694,6,453,6,0,453,0,6,0,"40-44 "
506847,14,7166,13,2,7166,0,14,0,"40-44 "
506885,6,2492,39,0,0,2492,0,6,"50-54 "
506892,25,6294,7,0,1444,4850,7,18,"25-29 "
508582,9,3689,13,0,3689,0,9,0,"40-44 "
509855,3,16955,7,0,16955,0,3,0,"35-39 "
511445,2,232,20,0,232,0,2,0,"45-49 "
511582,12,1159,19,1,0,1159,0,12,"40-44 "
511605,6,778,2,0,778,0,6,0,"30-34 "
511834,21,13954,7,1,1545,12409,8,13,"50-54 "
511957,12,1454,28,0,1454,0,12,0,"45-49 "
511995,7,2089,15,0,2089,0,7,0,"50-54 "
512077,14,12361,20,0,12361,0,14,0,"40-44 "
512695,4,2685,9,0,2685,0,4,0,"45-49 "
512749,3,185522,29,0,185522,0,3,0,"50-54 "
512831,7,854,8,0,854,0,7,0,"60-64 "
512909,17,2206,13,2,510,1696,3,14,"40-44 "
513814,7,819,26,0,0,819,0,7,"40-44 "
514262,5,360,38,0,360,0,5,0,"30-34 "
514583,2,6660,17,0,6660,0,2,0,"45-49 "
514866,16,3232,37,0,3232,0,16,0,"40-44 "
515030,24,3454,12,0,0,3454,0,24,"45-49 "
515214,8,674,18,0,0,674,0,8,"40-44 "
515252,29,2425,19,1,454,1971,8,21,"35-39 "
515320,24,3311,12,1,1308,2003,7,17,"35-39 "
515467,3,121,22,5,121,0,3,0,"30-34 "
515900,21,1215,25,0,341,874,6,15,"25-29 "
515917,8,2514,32,0,0,2514,0,8,"45-49 "
515948,3,594,37,0,594,0,3,0,"40-44 "
516150,57,5819,5,1,2943,2876,22,35,"40-44 "
516440,10,4361,8,0,4361,0,10,0,"60-64 "
516464,16,3590,20,1,3590,0,16,0,"45-49 "
516471,2,141,36,0,141,0,2,0,">65 "
516501,1,36,19,0,0,36,0,1,"55-59 "
516549,5,5008,15,4,5008,0,5,0,"40-44 "
516624,10,1648,3,4,1648,0,10,0,"35-39 "
516709,1,135,32,0,0,135,0,1,"30-34 "
516853,8,522,39,0,0,522,0,8,"50-54 "
516921,42,7423,12,1,3180,4243,14,28,"40-44 "
517140,3,7290,9,0,7290,0,3,0,"40-44 "
517546,17,3462,2,0,3462,0,17,0,"50-54 "
517737,12,859,16,2,709,150,9,3,"55-59 "
517898,44,3776,3,1,2258,1518,21,23,"40-44 "
517935,42,4182,19,0,0,4182,0,42,"35-39 "
518208,9,452,18,0,0,452,0,9,"45-49 "
518321,6,1391,25,0,0,1391,0,6,"50-54 "
518741,4,209,20,0,209,0,4,0,"40-44 "
518789,13,1299,29,0,1299,0,13,0,">65 "
518888,5,542,27,2,542,0,5,0,"40-44 "
519007,1,39,7,0,39,0,1,0,"35-39 "
519021,10,1160,4,0,0,1160,0,10,"30-34 "
519106,14,1051,42,0,1051,0,14,0,"30-34 "
519151,8,1169,14,0,1169,0,8,0,"35-39 "
519274,9,3888,16,0,3888,0,9,0,"35-39 "
519335,11,899,20,0,899,0,11,0,"25-29 "
519458,4,598,4,0,0,598,0,4,"30-34 "
519687,28,3568,11,0,0,3568,0,28,"50-54 "
519731,3,230,4,0,0,230,0,3,"45-49 "
520010,3,446,17,0,446,0,3,0,"30-34 "
520058,18,1507,17,1,1507,0,18,0,"35-39 "
520348,2,268,2,13,268,0,2,0,"45-49 "
520379,1,36,2,0,36,0,1,0,"45-49 "
520409,18,12441,5,0,0,12441,0,18,"40-44 "
520461,41,3556,18,0,0,3556,0,41,"35-39 "
520485,7,795,37,0,795,0,7,0,"30-34 "
520621,24,5658,22,1,4257,1401,13,11,"35-39 "
520850,10,2893,4,4,0,2893,0,10,"30-34 "
520911,7,463,17,0,463,0,7,0,"25-29 "
520928,44,2733,6,1,2733,0,44,0,"40-44 "
520942,8,1414,27,2,1414,0,8,0,"35-39 "
521215,18,3316,21,1,3118,198,16,2,"25-29 "
521277,33,6683,4,1,0,6683,0,33,"30-34 "
521338,4,537,31,0,537,0,4,0,"40-44 "
521369,2,230,7,0,230,0,2,0,"40-44 "
521468,28,2831,18,1,0,2831,0,28,"45-49 "
522083,39,8318,17,0,7408,910,37,2,"40-44 "
522151,10,20766,25,2,0,20766,0,10,"35-39 "
522182,20,4852,15,0,4852,0,20,0,"30-34 "
522427,32,3315,5,1,1576,1739,8,24,"40-44 "
522618,2,392,31,3,392,0,2,0,"50-54 "
522670,18,2158,4,0,0,2158,0,18,"40-44 "
522687,13,626,13,0,176,450,5,8,"60-64 "
522694,6,1012,24,2,1012,0,6,0,">65 "
522847,28,3047,6,1,369,2678,3,25,"35-39 "
523110,11,980,9,1,499,481,8,3,"40-44 "
523202,3,310,29,0,310,0,3,0,">65 "
523219,17,1296,14,1,1296,0,17,0,"40-44 "
523240,18,1301,22,1,59,1242,1,17,"45-49 "
523387,6,557,19,0,0,557,0,6,"35-39 "
523455,31,4878,7,0,4878,0,31,0,"40-44 "
523608,7,350,40,0,0,350,0,7,"30-34 "
524063,11,1225,11,0,0,1225,0,11,"50-54 "
524094,6,238,8,4,178,60,5,1,"30-34 "
524124,4,525,12,0,0,525,0,4,"40-44 "
524209,11,9089,21,1,1440,7649,6,5,"30-34 "
524247,11,1114,13,2,556,558,4,7,"35-39 "
524261,88,19570,2,0,19570,0,88,0,"40-44 "
524322,4,317,20,0,317,0,4,0,"25-29 "
524421,7,1364,20,0,1364,0,7,0,"50-54 "
524582,4,736,19,0,0,736,0,4,"35-39 "
524698,5,390,26,0,0,390,0,5,"35-39 "
524933,39,6178,6,1,894,5284,6,33,"50-54 "
525008,23,9146,12,1,304,8842,3,20,"30-34 "
525206,25,3038,33,0,0,3038,0,25,"45-49 "
525251,11,10305,33,1,3681,6624,5,6,"35-39 "
525282,32,1745,10,1,290,1455,3,29,"45-49 "
525435,18,1288,8,2,484,804,8,10,"60-64 "
525473,3,242,13,0,242,0,3,0,"40-44 "
525541,2,495,39,0,0,495,0,2,"30-34 "
525558,29,8314,10,1,4194,4120,8,21,"25-29 "
525572,1,516,37,0,516,0,1,0,"45-49 "
525602,17,1660,8,2,1660,0,17,0,"40-44 "
525855,14,2170,19,1,2039,131,12,2,"45-49 "
525947,7,327,21,0,327,0,7,0,"35-39 "
525954,17,1375,4,0,0,1375,0,17,"40-44 "
526074,6,221,18,4,0,221,0,6,"30-34 "
526111,1,49,13,0,49,0,1,0,"55-59 "
526166,9,1715,18,0,0,1715,0,9,"30-34 "
526203,10,989,18,0,0,989,0,10,"55-59 "
526234,14,2274,12,0,0,2274,0,14,"55-59 "
526524,9,3477,19,1,0,3477,0,9,"35-39 "
526968,4,2201,24,4,2201,0,4,0,"60-64 "
527026,23,2550,18,0,0,2550,0,23,"40-44 "
527163,16,1554,25,0,1155,399,9,7,"40-44 "
527361,2,416,3,0,416,0,2,0,"30-34 "
527514,3,309,33,0,0,309,0,3,"30-34 "
527682,4,532,5,0,0,532,0,4,"35-39 "
527996,41,4373,16,0,794,3579,5,36,"40-44 "
528078,9,1676,35,0,1676,0,9,0,"45-49 "
528085,8,523,19,0,0,523,0,8,"40-44 "
528146,8,834,22,1,834,0,8,0,"40-44 "
528177,12,1639,32,0,0,1639,0,12,"35-39 "
528382,4,505,12,0,0,505,0,4,"30-34 "
528405,8,752,17,0,752,0,8,0,"50-54 "
528429,15,1781,19,1,1286,495,11,4,"<25 "
528573,22,3646,11,1,683,2963,4,18,"35-39 "
528580,16,2172,38,0,2172,0,16,0,"50-54 "
528665,12,1632,21,1,1632,0,12,0,"35-39 "
528993,3,279,4,0,0,279,0,3,"35-39 "
529297,14,7067,18,1,0,7067,0,14,"35-39 "
529655,6,1307,3,0,1307,0,6,0,"40-44 "
529730,1,36,12,0,0,36,0,1,">65 "
529761,2,484,7,2,448,36,1,1,"60-64 "
529815,3,345,2,0,345,0,3,0,"30-34 "
530378,6,2209,19,2,861,1348,2,4,"50-54 "
530408,18,2665,11,2,0,2665,0,18,"50-54 "
530958,1,39,9,0,39,0,1,0,"30-34 "
530965,1,119,9,0,119,0,1,0,"45-49 "
531078,12,963,4,0,243,720,4,8,"25-29 "
531184,20,1859,18,0,0,1859,0,20,"40-44 "
531467,47,4407,3,1,4407,0,47,0,"40-44 "
531498,52,6036,11,0,721,5315,3,49,"35-39 "
531825,16,1919,11,0,0,1919,0,16,"40-44 "
531931,9,744,3,2,744,0,9,0,"35-39 "
532099,1,36,22,0,36,0,1,0,"30-34 "
532303,2,27,11,0,0,27,0,2,"30-34 "
532495,17,31134,4,0,13740,17394,12,5,"35-39 "
532525,2,500,18,0,0,500,0,2,"45-49 "
532532,23,4872,9,0,4872,0,23,0,"35-39 "
532594,26,2161,12,0,0,2161,0,26,"35-39 "
532617,1,36,14,0,36,0,1,0,">65 "
532648,5,268,32,0,0,268,0,5,"45-49 "
532662,10,1102,5,0,0,1102,0,10,"45-49 "
532679,24,2789,17,1,2789,0,24,0,"35-39 "
532860,2,2844,19,0,0,2844,0,2,"30-34 "
533089,15,6539,12,2,927,5612,8,7,">65 "
533140,4,3317,32,0,0,3317,0,4,"45-49 "
533232,8,2640,8,0,2640,0,8,0,">65 "
533300,8,5063,7,4,1031,4032,7,1,"25-29 "
533331,3,453,18,0,0,453,0,3,"25-29 "
533492,19,4290,2,1,4290,0,19,0,"45-49 "
533515,7,4136,25,2,2711,1425,2,5,"50-54 "
533737,3,269,12,10,231,38,2,1,"45-49 "
533768,19,1369,3,1,1369,0,19,0,"30-34 "
533775,2,173,8,0,173,0,2,0,"30-34 "
534109,9,1715,25,0,0,1715,0,9,"25-29 "
534161,14,1039,14,1,1039,0,14,0,"40-44 "
534260,12,680,17,0,680,0,12,0,"45-49 "
534291,14,1670,14,0,1670,0,14,0,"35-39 "
534314,8,2434,30,0,2434,0,8,0,"45-49 "
534338,9,1236,33,0,0,1236,0,9,"45-49 "
534659,16,1513,20,1,1513,0,16,0,"40-44 "
534819,15,2022,14,1,760,1262,9,6,">65 "
534871,10,678,4,0,0,678,0,10,"35-39 "
534925,39,3932,13,1,2227,1705,20,19,"30-34 "
534963,33,1851,33,0,0,1851,0,33,"40-44 "
535021,12,999,42,0,999,0,12,0,"35-39 "
535090,5,447,12,0,0,447,0,5,"40-44 "
535144,21,1555,19,1,0,1555,0,21,"25-29 "
535182,24,4824,7,1,3092,1732,20,4,"35-39 "
535229,6,447,33,0,396,51,4,2,"35-39 "
535694,11,6301,16,0,6301,0,11,0,"35-39 "
535793,3,229,7,3,229,0,3,0,">65 "
535847,15,1774,5,0,0,1774,0,15,"45-49 "
536271,4,128,19,0,0,128,0,4,"50-54 "
536363,19,2018,3,1,1037,981,11,8,"40-44 "
536554,1,199,38,0,199,0,1,0,"35-39 "
536578,31,3186,6,1,3013,173,26,5,"45-49 "
536585,18,15131,36,0,4500,10631,1,17,"45-49 "
536653,7,627,18,0,0,627,0,7,"45-49 "
536721,32,17569,14,1,17569,0,32,0,"40-44 "
536868,4,204,25,0,0,204,0,4,"30-34 "
537179,3,267,6,0,267,0,3,0,"30-34 "
537216,16,1939,21,1,803,1136,8,8,"40-44 "
537421,24,3111,34,0,3111,0,24,0,"45-49 "
537469,29,3326,22,1,3326,0,29,0,"45-49 "
537759,7,1618,39,0,0,1618,0,7,"30-34 "
537797,5,460,41,0,460,0,5,0,"45-49 "
537834,2,122,7,0,122,0,2,0,"35-39 "
537858,3,228,37,0,228,0,3,0,"45-49 "
537919,3,120,27,4,99,21,2,1,"45-49 "
537957,62,18975,2,1,11464,7511,46,16,"55-59 "
537971,11,657,29,1,657,0,11,0,"35-39 "
538169,11,3873,24,0,3873,0,11,0,"40-44 "
538213,9,2581,4,0,2364,217,6,3,"30-34 "
538428,12,1038,31,0,623,415,7,5,"40-44 "
538503,10,964,2,1,964,0,10,0,"45-49 "
538787,48,4895,9,1,3369,1526,36,12,"45-49 "
538923,29,9268,2,1,7578,1690,28,1,"55-59 "
539166,58,4615,5,1,1725,2890,20,38,"40-44 "
539173,14,975,8,2,975,0,14,0,"40-44 "
539487,15,3326,2,2,1725,1601,9,6,"25-29 "
539494,13,3383,3,3,714,2669,5,8,"50-54 "
539500,6,1098,2,5,1098,0,6,0,"50-54 "
539562,12,2149,5,0,0,2149,0,12,"30-34 "
539586,1,32,26,0,0,32,0,1,"30-34 "
539593,38,7810,2,1,2098,5712,20,18,"40-44 "
539654,22,2425,2,2,2294,131,20,2,"<25 "
539722,15,1246,32,0,0,1246,0,15,"<25 "
539845,2,294,26,2,149,145,1,1,"35-39 "
539913,10,1887,13,3,1887,0,10,0,">65 "
539937,50,18747,7,1,4584,14163,19,31,"40-44 "
539951,25,8400,18,0,7712,688,21,4,"35-39 "
539968,27,7855,8,1,7855,0,27,0,"45-49 "
539982,3,79,25,0,0,79,0,3,">65 "
540018,12,1908,25,1,1644,264,6,6,"35-39 "
540087,34,9950,4,1,2341,7609,11,23,"50-54 "
540216,7,797,34,0,797,0,7,0,"35-39 "
540438,8,690,14,0,690,0,8,0,"55-59 "
540506,7,1342,21,0,1342,0,7,0,"45-49 "
540643,105,49621,2,0,46617,3004,82,23,"45-49 "
540681,17,7917,39,0,4415,3502,13,4,"30-34 "
540711,49,6540,2,1,6540,0,49,0,"45-49 "
541596,6,495,23,0,495,0,6,0,"30-34 "
541855,8,867,32,0,0,867,0,8,"40-44 "
542012,1,1872,19,0,0,1872,0,1,"35-39 "
542074,6,3199,31,2,1375,1824,4,2,"50-54 "
542333,9,1067,19,0,671,396,8,1,"25-29 "
542357,57,7104,5,1,2884,4220,19,38,"40-44 "
542364,1,944,22,0,944,0,1,0,"40-44 "
542371,28,2733,12,1,0,2733,0,28,"55-59 "
542395,72,19811,18,0,11869,7942,47,25,"55-59 "
543125,4,210,42,0,210,0,4,0,"25-29 "
543316,15,5041,11,2,2805,2236,6,9,"35-39 "
543699,7,224,21,0,224,0,7,0,"55-59 "
543743,29,2655,19,0,0,2655,0,29,"35-39 "
543811,13,4156,18,1,0,4156,0,13,"50-54 "
543842,1,284,25,0,0,284,0,1,"50-54 "
543927,4,398,43,0,398,0,4,0,"60-64 "
544078,30,3827,5,1,371,3456,5,25,"45-49 "
544122,24,4674,17,1,3289,1385,12,12,"45-49 "
544184,4,756,33,0,0,756,0,4,"35-39 "
544252,2,231,19,0,0,231,0,2,"35-39 "
544276,8,743,25,0,0,743,0,8,"40-44 "
544382,7,614,18,0,0,614,0,7,"40-44 "
544511,23,2543,15,0,1543,1000,15,8,"40-44 "
544764,10,4153,28,0,4153,0,10,0,"40-44 "
545631,9,973,12,3,680,293,7,2,"35-39 "
545686,14,2904,12,0,0,2904,0,14,"40-44 "
545723,4,1104,33,0,0,1104,0,4,"35-39 "
545747,13,1930,32,1,221,1709,4,9,"25-29 "
545761,17,2025,7,1,808,1217,5,12,"45-49 "
545884,2,576,35,2,576,0,2,0,"60-64 "
545891,9,3340,5,4,893,2447,4,5,"60-64 "
545921,4,257,19,2,0,257,0,4,"30-34 "
546065,9,1417,2,2,1287,130,7,2,">65 "
546218,1,1196,18,0,0,1196,0,1,"40-44 "
546379,10,616,40,0,0,616,0,10,"45-49 "
546782,16,1218,10,1,153,1065,3,13,"30-34 "
546881,26,4340,8,1,4340,0,26,0,"45-49 "
546935,23,11795,8,0,9446,2349,8,15,"35-39 "
547154,6,459,25,0,0,459,0,6,"35-39 "
547192,10,1042,9,1,398,644,5,5,">65 "
547208,21,2968,12,1,0,2968,0,21,"35-39 "
547284,6,648,13,0,648,0,6,0,"35-39 "
547291,20,2158,21,1,391,1767,8,12,"40-44 "
547314,13,2718,2,2,1628,1090,12,1,"45-49 "
547413,4,1425,9,4,498,927,2,2,">65 "
547529,11,924,34,0,924,0,11,0,"35-39 "
547680,60,15901,6,0,9324,6577,34,26,"45-49 "
548397,6,654,16,0,654,0,6,0,"40-44 "
548632,9,1352,12,1,0,1352,0,9,">65 "
548694,4,859,5,0,0,859,0,4,">65 "
548915,8,2113,26,0,0,2113,0,8,"50-54 "
548939,5,745,15,4,745,0,5,0,"45-49 "
548960,5,2483,26,2,1582,901,3,2,"25-29 "
549028,16,18513,6,2,17976,537,8,8,"25-29 "
549097,11,1771,21,0,1771,0,11,0,">65 "
549189,7,1590,5,3,0,1590,0,7,"30-34 "
549295,16,974,36,0,974,0,16,0,"45-49 "
549370,8,896,2,0,896,0,8,0,"40-44 "
549400,5,1339,25,0,0,1339,0,5,"50-54 "
549431,10,891,6,0,891,0,10,0,">65 "
549493,27,2331,5,1,1145,1186,14,13,"35-39 "
549523,7,963,17,3,330,633,3,4,"40-44 "
549530,1,36,6,0,36,0,1,0,"55-59 "
550000,1,75,4,0,0,75,0,1,"50-54 "
550017,9,897,35,0,897,0,9,0,"25-29 "
550024,18,845,34,0,455,390,8,10,"30-34 "
550031,14,840,20,1,840,0,14,0,"55-59 "
550154,8,794,29,0,794,0,8,0,"30-34 "
550260,28,2803,10,1,2803,0,28,0,"35-39 "
550673,1,66,32,0,0,66,0,1,"50-54 "
550697,28,4070,41,0,4070,0,28,0,"35-39 "
550734,6,226,4,4,0,226,0,6,"30-34 "
550741,2,65,39,0,0,65,0,2,"30-34 "
551229,26,5265,27,0,2147,3118,6,20,">65 "
551373,17,2947,14,0,2947,0,17,0,"45-49 "
551397,3,1824,14,0,1824,0,3,0,"50-54 "
551489,5,436,4,0,0,436,0,5,"45-49 "
551496,23,3164,11,1,573,2591,7,16,"35-39 "
551700,3,1117,17,0,1117,0,3,0,"35-39 "
551908,9,1563,19,1,0,1563,0,9,"50-54 "
551915,7,596,32,0,0,596,0,7,"50-54 "
552004,1,125,13,0,125,0,1,0,"60-64 "
552134,2,81,4,0,0,81,0,2,"45-49 "
552158,2,196,4,0,0,196,0,2,"40-44 "
552172,1,36,4,0,0,36,0,1,"30-34 "
552202,15,3888,27,1,3888,0,15,0,"40-44 "
552295,7,907,38,0,907,0,7,0,"25-29 "
552455,9,976,33,0,0,976,0,9,"25-29 "
552509,14,9575,4,3,7661,1914,10,4,"30-34 "
552530,8,978,4,4,521,457,4,4,"30-34 "
552585,51,6870,19,0,1823,5047,12,39,"25-29 "
552615,57,18414,4,1,13765,4649,37,20,"25-29 "
552653,2,434,19,0,0,434,0,2,"30-34 "
553209,17,7653,25,0,0,7653,0,17,"55-59 "
553223,18,1796,2,2,747,1049,6,12,"40-44 "
556255,26,7233,5,0,0,7233,0,26,"40-44 "
556279,31,4203,27,0,4203,0,31,0,"35-39 "
556354,17,7144,31,0,2323,4821,2,15,"40-44 "
556378,15,9507,19,1,996,8511,1,14,"45-49 "
556446,12,1556,42,0,1556,0,12,0,"35-39 "
556453,12,1224,12,0,0,1224,0,12,"40-44 "
556590,28,18971,5,1,12882,6089,15,13,"25-29 "
556637,9,746,11,3,390,356,5,4,"45-49 "
556675,1,60,33,0,0,60,0,1,"55-59 "
556767,11,5299,8,1,5299,0,11,0,"30-34 "
556842,3,1312,17,0,1312,0,3,0,"40-44 "
556897,8,1214,2,4,1214,0,8,0,">65 "
556941,21,11765,20,1,11765,0,21,0,"35-39 "
557078,3,2691,5,1,2000,691,1,2,"25-29 "
557153,4,437,20,0,437,0,4,0,"30-34 "
557801,39,14661,6,1,11591,3070,25,14,"40-44 "
557818,16,1918,10,2,1918,0,16,0,"55-59 "
558068,38,15515,10,0,15515,0,38,0,"30-34 "
558075,9,1241,6,2,1241,0,9,0,"45-49 "
558082,21,1421,2,2,777,644,10,11,"40-44 "
558105,17,1438,6,2,541,897,6,11,"60-64 "
558341,16,8324,15,0,8324,0,16,0,"50-54 "
558587,19,5212,15,1,179,5033,5,14,"40-44 "
558594,1,60,34,0,60,0,1,0,"35-39 "
558723,88,11332,9,0,5998,5334,33,55,"30-34 "
558945,10,815,19,0,0,815,0,10,"50-54 "
559119,48,11675,6,1,2123,9552,18,30,"40-44 "
559270,2,274,3,6,274,0,2,0,"35-39 "
559331,12,760,2,1,760,0,12,0,"50-54 "
559560,21,1862,3,1,1862,0,21,0,"45-49 "
559645,14,851,2,3,851,0,14,0,"25-29 "
559720,2,17,5,6,9,8,1,1,"30-34 "
559782,14,1074,29,0,1074,0,14,0,"40-44 "
559850,7,812,9,0,200,612,6,1,"40-44 "
560085,4,1186,18,0,0,1186,0,4,"45-49 "
560108,4,759,19,0,0,759,0,4,"35-39 "
560368,6,4038,13,4,4038,0,6,0,"50-54 "
560399,23,15351,4,1,0,15351,0,23,"35-39 "
561075,3,4601,28,0,4601,0,3,0,"35-39 "
561082,29,3765,5,1,1252,2513,11,18,"35-39 "
561365,26,4157,19,1,562,3595,9,17,">65 "
561372,29,3921,18,0,3649,272,25,4,"35-39 "
561426,2,500,20,0,500,0,2,0,"45-49 "
561594,3,320,2,0,320,0,3,0,"35-39 "
561686,19,1947,4,1,0,1947,0,19,"60-64 "
561730,1,36,8,0,36,0,1,0,"60-64 "
561907,8,4717,13,1,1980,2737,1,7,"35-39 "
562102,11,1523,39,0,0,1523,0,11,"35-39 "
562218,1,58,29,0,58,0,1,0,"45-49 "
562300,7,902,25,0,0,902,0,7,"30-34 "
562317,38,5902,6,1,2020,3882,15,23,"35-39 "
562461,23,1822,19,1,1055,767,13,10,"35-39 "
562782,3,714,19,0,0,714,0,3,"50-54 "
562904,4,938,21,0,938,0,4,0,"35-39 "
562980,46,8627,5,1,7259,1368,31,15,"40-44 "
563178,41,8127,4,1,0,8127,0,41,"50-54 "
563314,6,381,14,0,381,0,6,0,"45-49 "
563420,2,600,8,0,600,0,2,0,"55-59 "
563574,48,5484,4,1,1189,4295,12,36,"40-44 "
563918,10,4175,20,0,4175,0,10,0,"40-44 "
564007,3,205,39,0,0,205,0,3,"45-49 "
565172,11,988,19,0,0,988,0,11,"50-54 "
565264,11,961,17,2,287,674,5,6,"40-44 "
565448,5,230,28,0,230,0,5,0,"55-59 "
565639,7,1189,3,0,110,1079,1,6,"40-44 "
565660,12,1408,12,1,0,1408,0,12,"40-44 "
565707,6,225,20,0,225,0,6,0,"35-39 "
565738,19,6852,4,1,377,6475,5,14,"30-34 "
566575,6,1014,11,0,0,1014,0,6,"40-44 "
566896,1,4968,12,0,0,4968,0,1,"45-49 "
567244,12,1768,19,0,0,1768,0,12,"35-39 "
567596,6,1168,34,0,1168,0,6,0,"45-49 "
567930,2,170,14,0,170,0,2,0,"45-49 "
567985,17,1615,4,2,522,1093,10,7,"35-39 "
568128,3,292,23,0,292,0,3,0,"50-54 "
568159,6,1656,2,0,1656,0,6,0,"25-29 "
568425,3,258,25,0,0,258,0,3,"30-34 "
568456,12,3241,13,2,3241,0,12,0,"30-34 "
568555,30,3419,23,0,1445,1974,11,19,"50-54 "
568586,39,11194,5,1,8581,2613,19,20,"30-34 "
568654,1,944,16,0,944,0,1,0,"35-39 "
568890,4,554,4,0,0,554,0,4,"25-29 "
569217,22,3697,12,0,0,3697,0,22,"25-29 "
569248,4,600,3,0,600,0,4,0,"30-34 "
569583,12,4323,9,2,4323,0,12,0,"30-34 "
569996,1,60,33,0,0,60,0,1,"30-34 "
570565,119,46007,2,0,32741,13266,67,52,"30-34 "
570664,4,175,15,5,175,0,4,0,"40-44 "
570930,6,712,12,0,0,712,0,6,"45-49 "
571234,8,2321,4,0,0,2321,0,8,"35-39 "
571241,4,784,5,0,0,784,0,4,">65 "
571289,14,2575,7,0,2575,0,14,0,"40-44 "
571296,3,511,13,0,511,0,3,0,"45-49 "
571692,13,866,4,0,759,107,11,2,"40-44 "
571722,7,943,4,4,445,498,5,2,"35-39 "
571739,8,2318,5,0,0,2318,0,8,"55-59 "
572590,17,675,33,0,0,675,0,17,"35-39 "
572842,4,309,17,0,309,0,4,0,"25-29 "
572866,1,60,35,0,60,0,1,0,"25-29 "
572972,1,476,38,0,476,0,1,0,">65 "
572996,4,275,15,0,275,0,4,0,"35-39 "
573313,7,626,11,0,0,626,0,7,"55-59 "
573450,60,7356,4,0,452,6904,9,51,"40-44 "
573498,2,260,15,0,260,0,2,0,"45-49 "
573733,34,6742,10,1,5503,1239,29,5,"35-39 "
573764,7,1572,36,0,1572,0,7,0,"45-49 "
573887,18,2117,2,1,2117,0,18,0,"35-39 "
574082,10,864,15,0,864,0,10,0,"25-29 "
574303,5,3522,15,1,295,3227,2,3,"40-44 "
574549,10,1126,22,0,1126,0,10,0,"45-49 "
574600,10,1220,25,0,0,1220,0,10,"35-39 "
574716,20,3417,3,2,3417,0,20,0,"50-54 "
575010,18,1949,19,1,982,967,8,10,"55-59 "
575249,1,119,16,0,119,0,1,0,"35-39 "
575386,27,2273,18,0,1261,1012,18,9,"50-54 "
575416,22,1443,4,2,36,1407,1,21,"45-49 "
575461,2,137,30,0,137,0,2,0,"35-39 "
575676,8,1551,28,1,1551,0,8,0,"35-39 "
575683,8,876,20,0,876,0,8,0,"40-44 "
575690,10,1869,32,0,0,1869,0,10,"25-29 "
575911,7,587,26,0,0,587,0,7,"25-29 "
575928,8,3047,16,0,3047,0,8,0,"40-44 "
576017,41,4075,24,0,2991,1084,23,18,"30-34 "
576048,20,3834,15,1,3834,0,20,0,"45-49 "
576055,3,3301,31,2,3301,0,3,0,"40-44 "
576345,9,447,2,0,447,0,9,0,"35-39 "
576468,5,643,2,0,643,0,5,0,"45-49 "
576536,24,4816,39,0,0,4816,0,24,"50-54 "
576543,5,1434,22,0,1434,0,5,0,"30-34 "
576604,11,1675,39,0,0,1675,0,11,"35-39 "
576642,52,7041,3,1,3170,3871,32,20,"35-39 "
576727,4,911,4,7,0,911,0,4,"45-49 "
576741,10,1275,39,0,0,1275,0,10,"45-49 "
577014,5,2689,6,3,2689,0,5,0,"40-44 "
577069,10,1916,35,0,1916,0,10,0,"55-59 "
577380,6,828,17,2,828,0,6,0,"50-54 "
577397,5,1479,9,0,1479,0,5,0,"60-64 "
577496,8,1185,11,2,0,1185,0,8,"25-29 "
577519,11,1736,17,0,1736,0,11,0,"35-39 "
577632,8,3190,18,3,624,2566,1,7,"55-59 "
577656,43,5505,4,1,3076,2429,24,19,"45-49 "
577786,11,1581,11,0,0,1581,0,11,"25-29 "
577793,16,2593,22,0,2593,0,16,0,"40-44 "
577830,79,8018,3,0,8018,0,79,0,"50-54 "
578240,14,1216,21,1,951,265,9,5,"35-39 "
578264,9,582,33,0,0,582,0,9,"30-34 "
578295,6,17680,6,0,17680,0,6,0,">65 "
578578,54,10552,6,1,10552,0,54,0,"40-44 "
578608,12,33938,2,1,33938,0,12,0,"55-59 "
579254,6,947,2,0,947,0,6,0,"45-49 "
579285,7,2456,6,3,2456,0,7,0,"45-49 "
579315,20,2428,5,1,678,1750,5,15,"50-54 "
579711,19,1678,9,0,363,1315,5,14,"35-39 "
579735,12,917,25,1,500,417,6,6,"40-44 "
579766,3,110,12,7,60,50,1,2,">65 "
579933,71,19534,2,0,7509,12025,46,25,"35-39 "
579964,25,6321,36,0,6321,0,25,0,"35-39 "
579971,20,1531,11,1,0,1531,0,20,"50-54 "
580014,13,1881,11,2,0,1881,0,13,"40-44 "
580519,28,3540,4,1,3299,241,25,3,"40-44 "
580717,24,1594,13,1,1339,255,20,4,"45-49 "
580816,4,1332,38,0,1332,0,4,0,"60-64 "
580854,5,1530,2,3,1067,463,2,3,"40-44 "
580878,19,5114,15,1,2177,2937,11,8,">65 "
581066,6,473,4,2,0,473,0,6,"40-44 "
581110,2,89,34,0,89,0,2,0,"35-39 "
581240,6,388,29,0,388,0,6,0,"35-39 "
581318,15,3514,38,0,3514,0,15,0,"30-34 "
581448,15,1920,7,0,1920,0,15,0,"30-34 "
581523,5,330,13,1,330,0,5,0,">65 "
581615,12,1861,41,0,1861,0,12,0,"50-54 "
581660,24,2440,12,0,0,2440,0,24,"30-34 "
581684,2,135,20,0,135,0,2,0,"35-39 "
581721,2,136,34,0,136,0,2,0,"55-59 "
581875,13,1040,28,0,1040,0,13,0,"35-39 "
581905,21,4545,14,1,4545,0,21,0,"40-44 "
581943,4,696,32,0,0,696,0,4,"30-34 "
582032,9,283,10,0,283,0,9,0,"30-34 "
582063,24,2851,4,0,0,2851,0,24,"35-39 "
582100,38,3842,30,0,3842,0,38,0,"40-44 "
582193,11,1428,7,1,1428,0,11,0,"45-49 "
582230,13,980,40,0,0,980,0,13,"40-44 "
582261,128,13433,4,0,10006,3427,90,38,"40-44 "
582360,17,5045,7,0,5045,0,17,0,"30-34 "
582407,5,532,20,0,532,0,5,0,"60-64 "
582421,2,395,25,0,0,395,0,2,"35-39 "
582476,9,5637,32,0,0,5637,0,9,"30-34 "
582551,7,779,12,0,0,779,0,7,"50-54 "
582643,2,95,7,0,95,0,2,0,"35-39 "
582711,34,13640,14,1,13640,0,34,0,"45-49 "
582759,1,100,17,0,100,0,1,0,"50-54 "
582834,7,1779,26,0,0,1779,0,7,"45-49 "
582957,22,5442,13,0,5442,0,22,0,"35-39 "
583183,5,121,36,0,121,0,5,0,"25-29 "
583220,5,1021,18,0,0,1021,0,5,"55-59 "
583244,2,396,5,0,0,396,0,2,"50-54 "
583251,40,4865,4,1,761,4104,13,27,"25-29 "
583305,11,1660,14,2,1311,349,9,2,"45-49 "
583459,1,236,4,0,0,236,0,1,">65 "
583770,28,2864,18,1,178,2686,4,24,"25-29 "
583824,30,4919,5,1,3849,1070,25,5,"35-39 "
583862,1,1150,14,0,1150,0,1,0,"60-64 "
583879,6,523,3,1,523,0,6,0,"35-39 "
583886,6,2344,4,6,57,2287,2,4,"55-59 "
584098,7,647,12,1,0,647,0,7,"30-34 "
584159,12,1034,21,0,1034,0,12,0,"30-34 "
584265,7,4630,20,0,4630,0,7,0,"35-39 "
584272,36,6576,5,1,2547,4029,26,10,"25-29 "
584289,11,7033,3,2,7033,0,11,0,"30-34 "
584364,11,2919,27,1,2789,130,9,2,"40-44 "
584975,14,3348,18,2,551,2797,2,12,"30-34 "
585057,10,2754,2,0,2754,0,10,0,"35-39 "
585224,13,3112,35,0,3112,0,13,0,"55-59 "
585392,34,2739,18,1,2444,295,30,4,"35-39 "
585460,12,1678,19,0,0,1678,0,12,"30-34 "
585491,9,1734,4,0,0,1734,0,9,"30-34 "
585644,7,499,35,0,499,0,7,0,">65 "
585668,16,1736,39,0,0,1736,0,16,"35-39 "
585729,22,2984,12,1,1191,1793,8,14,"35-39 "
585750,41,5660,4,1,3448,2212,23,18,"40-44 "
585828,11,988,8,2,988,0,11,0,"35-39 "
585996,5,6993,17,0,6993,0,5,0,"30-34 "
586535,1,2490,6,0,2490,0,1,0,">65 "
586597,2,101,12,0,0,101,0,2,">65 "
586634,19,3105,40,0,0,3105,0,19,"40-44 "
586672,11,1636,9,3,1574,62,10,1,"50-54 "
586801,9,787,32,0,0,787,0,9,"35-39 "
586955,9,2486,8,0,2486,0,9,0,"30-34 "
586986,34,7780,11,1,0,7780,0,34,"45-49 "
587099,7,1312,15,3,145,1167,1,6,"30-34 "
587242,3,172,28,0,172,0,3,0,"35-39 "
587297,6,853,30,0,853,0,6,0,">65 "
588539,10,3328,18,0,924,2404,6,4,"25-29 "
588553,7,1074,9,0,1074,0,7,0,"30-34 "
588744,21,1908,3,1,1140,768,14,7,"35-39 "
588799,1,9104,18,0,0,9104,0,1,"35-39 "
589048,4,187,6,0,187,0,4,0,"50-54 "
589192,1,60,35,0,60,0,1,0,">65 "
589239,4,405,35,1,60,345,1,3,"60-64 "
589277,10,446,20,1,446,0,10,0,"35-39 "
589307,1,60,35,0,60,0,1,0,"30-34 "
589314,1,60,35,0,60,0,1,0,">65 "
589338,13,2182,25,1,0,2182,0,13,"50-54 "
589369,5,569,9,0,417,152,2,3,">65 "
589499,16,707,10,0,707,0,16,0,"45-49 "
589697,17,2406,18,1,0,2406,0,17,"<25 "
590167,21,2687,33,0,354,2333,3,18,"55-59 "
590235,17,22970,39,0,0,22970,0,17,"40-44 "
590303,6,3778,31,0,3778,0,6,0,"40-44 "
590792,19,17313,19,1,0,17313,0,19,"30-34 "
590860,8,447,25,0,0,447,0,8,"50-54 "
590983,17,901,6,0,901,0,17,0,"35-39 "
591072,6,536,7,0,536,0,6,0,">65 "
591935,12,1742,39,0,0,1742,0,12,"40-44 "
592406,1,2448,19,0,0,2448,0,1,"35-39 "
592468,2,2457,19,0,0,2457,0,2,"40-44 "
592475,17,6053,12,1,0,6053,0,17,"45-49 "
592628,9,539,6,0,539,0,9,0,"60-64 "
592673,40,6180,7,1,952,5228,10,30,"35-39 "
592796,2,137,7,2,99,38,1,1,"25-29 "
592918,72,25729,16,0,6405,19324,29,43,"35-39 "
593069,1,60,32,0,0,60,0,1,"35-39 "
593250,22,3811,16,0,3811,0,22,0,"35-39 "
593519,33,9524,4,0,0,9524,0,33,"35-39 "
593625,7,3758,42,0,3758,0,7,0,"40-44 "
593915,22,4164,5,1,852,3312,11,11,"35-39 "
595025,21,1923,3,2,1210,713,13,8,"55-59 "
595032,9,655,35,0,655,0,9,0,"25-29 "
595070,77,11250,3,1,5274,5976,57,20,"30-34 "
595094,1,117,37,0,117,0,1,0,"30-34 "
595131,21,2041,15,1,1362,679,12,9,"40-44 "
595155,27,2767,3,1,2291,476,22,5,"45-49 "
595216,12,4125,2,0,4125,0,12,0,"45-49 "
595285,1,128,10,0,128,0,1,0,"40-44 "
595384,24,2888,12,1,2562,326,19,5,"35-39 "
596602,53,4865,3,1,4865,0,53,0,"40-44 "
596831,7,1011,14,0,1011,0,7,0,"40-44 "
597043,16,1490,35,0,1490,0,16,0,"40-44 "
598484,9,10850,8,3,2312,8538,5,4,"35-39 "
600316,11,1068,4,0,0,1068,0,11,"55-59 "
601511,7,4510,39,0,0,4510,0,7,"45-49 "
601559,6,1037,28,0,1037,0,6,0,"50-54 "
601665,4,871,25,0,0,871,0,4,"45-49 "
601757,9,967,26,0,0,967,0,9,"35-39 "
601825,37,3611,5,1,772,2839,8,29,"40-44 "
602075,9,1166,40,0,0,1166,0,9,"60-64 "
602396,4,291,15,0,291,0,4,0,"35-39 "
603133,5,679,32,0,0,679,0,5,"40-44 "
603249,24,3144,16,1,2541,603,19,5,"40-44 "
603416,13,792,13,0,792,0,13,0,"40-44 "
603478,16,2573,39,0,0,2573,0,16,"35-39 "
603485,40,7426,9,0,4561,2865,23,17,"35-39 "
603508,3,577,34,0,577,0,3,0,"45-49 "
604062,37,16810,2,1,16810,0,37,0,"40-44 "
604307,1,104,42,0,104,0,1,0,"40-44 "
604734,17,983,18,0,0,983,0,17,"50-54 "
604796,36,5247,4,1,2591,2656,12,24,"30-34 "
605007,12,16248,21,0,16248,0,12,0,"35-39 "
605328,19,2926,7,0,2926,0,19,0,"30-34 "
605342,27,2437,6,1,2437,0,27,0,"25-29 "
605762,27,2101,7,0,797,1304,12,15,"45-49 "
606660,9,394,4,0,0,394,0,9,"55-59 "
607636,2,3168,14,0,3168,0,2,0,"45-49 "
607728,27,64286,4,1,60336,3950,1,26,"25-29 "
608978,4,361,9,0,361,0,4,0,"25-29 "
609050,9,1877,15,1,1877,0,9,0,"40-44 "
609098,6,731,34,0,731,0,6,0,"35-39 "
609715,15,2356,11,0,0,2356,0,15,"35-39 "
609821,1,36,19,0,0,36,0,1,"35-39 "
610308,14,3544,18,1,3270,274,11,3,">65 "
611039,18,4952,12,2,0,4952,0,18,"50-54 "
611268,7,1161,25,0,0,1161,0,7,"35-39 "
611985,13,6301,34,0,6301,0,13,0,"50-54 "
612708,9,1653,18,2,393,1260,4,5,"35-39 "
612869,34,9088,8,1,6343,2745,12,22,"45-49 "
612920,14,2515,11,1,0,2515,0,14,"30-34 "
612975,2,200,6,0,200,0,2,0,"40-44 "
613156,3,283,15,7,283,0,3,0,"55-59 "
614252,5,275,22,0,275,0,5,0,"35-39 "
614283,1,944,17,0,944,0,1,0,"35-39 "
616096,34,12167,8,1,3472,8695,8,26,"35-39 "
616140,16,1382,6,0,1382,0,16,0,"35-39 "
616195,28,2723,14,1,1253,1470,12,16,"40-44 "
617413,1,699,20,0,699,0,1,0,"35-39 "
617550,12,1975,31,0,1975,0,12,0,"40-44 "
617666,16,2864,33,0,0,2864,0,16,">65 "
617710,15,2321,42,0,2321,0,15,0,"35-39 "
617772,14,1336,14,1,1336,0,14,0,"45-49 "
618311,1,36,17,0,36,0,1,0,"30-34 "
618670,6,2866,18,4,1528,1338,3,3,"50-54 "
619721,2,598,6,15,598,0,2,0,"30-34 "
620789,8,2177,22,0,2177,0,8,0,"40-44 "
620840,12,756,17,2,756,0,12,0,"50-54 "
622080,10,6220,18,0,0,6220,0,10,"30-34 "
623384,23,5676,14,0,5676,0,23,0,"<25 "
623391,18,3079,18,0,0,3079,0,18,"35-39 "
624824,25,10884,33,0,0,10884,0,25,"35-39 "
627023,2,530,31,0,530,0,2,0,"40-44 "
627238,11,1123,7,3,190,933,4,7,"35-39 "
627436,21,2444,3,2,2244,200,19,2,"40-44 "
627566,8,1099,18,0,0,1099,0,8,"30-34 "
627573,60,15194,9,1,5955,9239,45,15,"30-34 "
627832,81,7867,5,0,0,7867,0,81,"55-59 "
628174,9,1439,5,4,1106,333,6,3,"35-39 "
628389,52,6881,7,0,1424,5457,11,41,"45-49 "
628662,15,680,42,0,680,0,15,0,"50-54 "
629515,12,2489,24,1,2489,0,12,0,"45-49 "
629539,20,1166,30,1,1166,0,20,0,"40-44 "
629959,12,1110,32,0,0,1110,0,12,"50-54 "
630023,1,2691,33,0,0,2691,0,1,"45-49 "
630047,17,2396,13,2,2396,0,17,0,">65 "
630849,69,7883,5,1,6200,1683,46,23,"40-44 "
630931,64,8010,3,1,8010,0,64,0,"50-54 "
630955,10,1073,7,0,1073,0,10,0,"40-44 "
630979,2,2329,38,0,2329,0,2,0,"55-59 "
631006,13,1027,18,0,0,1027,0,13,"60-64 "
631020,62,4478,8,1,2498,1980,40,22,"30-34 "
631044,3,484,35,0,484,0,3,0,"60-64 "
631761,3,378,21,0,378,0,3,0,"55-59 "
631808,26,3825,17,1,3352,473,20,6,"50-54 "
631938,36,6955,11,1,645,6310,9,27,"35-39 "
632256,9,10061,4,0,0,10061,0,9,"35-39 "
632478,7,562,7,3,211,351,3,4,"45-49 "
632522,14,2573,3,1,2573,0,14,0,"25-29 "
633338,2,33,37,0,33,0,2,0,"30-34 "
634243,44,6780,11,1,0,6780,0,44,"45-49 "
634908,5,1948,12,0,0,1948,0,5,"35-39 "
635073,12,878,12,0,0,878,0,12,"35-39 "
635110,11,1382,15,2,1382,0,11,0,"35-39 "
635516,21,3045,5,0,0,3045,0,21,"25-29 "
635677,33,24450,3,1,24450,0,33,0,"35-39 "
635707,4,362,33,0,0,362,0,4,"35-39 "
635714,8,5206,11,4,571,4635,2,6,"25-29 "
636414,5,1093,2,0,1093,0,5,0,"40-44 "
636575,22,2664,34,0,2664,0,22,0,"35-39 "
636940,15,8853,30,0,8853,0,15,0,"45-49 "
637015,22,1504,3,1,1449,55,20,2,"45-49 "
637206,11,4118,27,0,4118,0,11,0,"40-44 "
637978,11,4738,4,3,1179,3559,5,6,"25-29 "
638067,5,1077,18,3,0,1077,0,5,"40-44 "
638111,20,1467,8,2,552,915,7,13,"30-34 "
638203,19,3147,8,1,3147,0,19,0,"35-39 "
639026,1,956,4,0,0,956,0,1,"50-54 "
639064,10,741,18,2,632,109,9,1,">65 "
639453,20,2443,3,2,1585,858,9,11,"30-34 "
639613,22,1373,41,0,1373,0,22,0,"35-39 "
640497,14,1396,26,0,0,1396,0,14,"35-39 "
641159,3,966,40,0,0,966,0,3,"40-44 "
641692,22,2357,34,0,2357,0,22,0,"35-39 "
642217,17,3542,18,0,0,3542,0,17,"35-39 "
642385,3,493,42,0,493,0,3,0,"40-44 "
642781,20,15626,20,0,2921,12705,19,1,"45-49 "
642859,56,15380,11,0,857,14523,7,49,"35-39 "
642866,25,5875,25,0,0,5875,0,25,"30-34 "
643122,3,1304,19,0,0,1304,0,3,"45-49 "
643337,4,240,32,0,0,240,0,4,"35-39 "
644020,17,2381,4,2,1680,701,10,7,"45-49 "
644334,12,2697,8,0,2697,0,12,0,"45-49 "
644402,41,4255,18,1,0,4255,0,41,"40-44 "
644440,5,685,26,0,0,685,0,5,"35-39 "
644457,10,4107,26,0,0,4107,0,10,"60-64 "
644600,4,11240,2,4,11240,0,4,0,"40-44 "
645287,7,1245,11,0,0,1245,0,7,"45-49 "
646260,24,1689,39,0,0,1689,0,24,"30-34 "
646345,5,1304,20,0,1304,0,5,0,"30-34 "
646727,8,524,12,0,0,524,0,8,"30-34 "
646956,21,3646,20,1,750,2896,11,10,">65 "
647052,3,76,34,0,76,0,3,0,"40-44 "
647151,4,372,15,0,372,0,4,0,"40-44 "
647236,6,287,43,0,287,0,6,0,"25-29 "
647311,12,1771,15,0,1771,0,12,0,"25-29 "
647465,30,6890,8,0,6890,0,30,0,"40-44 "
648318,32,4028,14,1,1485,2543,19,13,"40-44 "
648387,3,1359,22,0,1359,0,3,0,">65 "
648417,72,17273,11,0,10924,6349,19,53,"45-49 "
649056,1,36,21,0,36,0,1,0,"45-49 "
649278,1,516,30,0,516,0,1,0,"40-44 "
649346,12,395,7,3,292,103,10,2,">65 "
649575,8,1199,31,0,821,378,5,3,"35-39 "
651363,9,1137,7,0,1137,0,9,0,"40-44 "
651950,11,96063,40,0,0,96063,0,11,"40-44 "
652087,8,1319,40,0,0,1319,0,8,"55-59 "
652537,7,1581,14,0,1581,0,7,0,"35-39 "
652780,1,36,15,0,36,0,1,0,"45-49 "
653732,23,1159,2,2,761,398,16,7,"40-44 "
654029,18,732,2,2,732,0,18,0,"30-34 "
654173,15,5618,3,1,5618,0,15,0,"25-29 "
654241,23,1594,4,2,231,1363,3,20,"30-34 "
654623,4,309,35,0,309,0,4,0,"45-49 "
655095,22,4618,18,0,0,4618,0,22,"40-44 "
655354,3,1114,39,0,0,1114,0,3,"35-39 "
655743,21,1374,18,1,0,1374,0,21,"25-29 "
655774,14,2901,6,2,1980,921,7,7,"50-54 "
656078,14,2945,15,0,2175,770,12,2,"45-49 "
656115,2,281,21,0,281,0,2,0,"45-49 "
656306,4,528,10,3,528,0,4,0,"55-59 "
656597,1,738,18,0,0,738,0,1,"35-39 "
656726,11,573,2,2,494,79,9,2,"50-54 "
656733,21,13275,11,0,0,13275,0,21,"30-34 "
656757,10,629,4,1,0,629,0,10,"25-29 "
656818,25,5791,16,1,1128,4663,13,12,"30-34 "
657068,8,225,16,0,225,0,8,0,"45-49 "
657082,1,60,35,0,60,0,1,0,">65 "
657914,12,1423,8,2,1174,249,7,5,"30-34 "
658508,9,2485,17,0,2485,0,9,0,"35-39 "
658591,13,892,4,0,0,892,0,13,"35-39 "
658850,13,8006,19,0,0,8006,0,13,"35-39 "
659604,20,14318,5,0,0,14318,0,20,"30-34 "
659680,8,2320,19,2,328,1992,4,4,"35-39 "
659703,6,2527,4,0,0,2527,0,6,">65 "
659772,49,6110,2,1,3870,2240,23,26,"25-29 "
659789,5,1626,5,0,0,1626,0,5,"45-49 "
659819,16,1386,2,2,549,837,8,8,"60-64 "
659833,5,619,5,7,0,619,0,5,"40-44 "
660075,1,520,3,0,520,0,1,0,"40-44 "
660082,19,1578,10,1,802,776,7,12,"35-39 "
660150,20,7756,4,2,459,7297,4,16,"50-54 "
660310,6,1411,39,0,0,1411,0,6,"30-34 "
660365,5,155,6,0,155,0,5,0,"40-44 "
660389,17,2597,18,0,0,2597,0,17,"60-64 "
660396,72,17930,5,0,8319,9611,24,48,"45-49 "
660419,8,2164,25,0,0,2164,0,8,"50-54 "
660433,8,1302,15,3,1302,0,8,0,"50-54 "
660457,34,7973,5,1,2289,5684,18,16,"40-44 "
660488,6,537,32,0,0,537,0,6,"60-64 "
660549,3,333,10,0,333,0,3,0,"35-39 "
660679,22,5139,32,0,0,5139,0,22,"45-49 "
661447,105,34541,4,0,32282,2259,91,14,"40-44 "
661508,6,430,21,0,430,0,6,0,"60-64 "
661522,20,2890,29,0,2890,0,20,0,"45-49 "
661607,6,519,35,0,519,0,6,0,"45-49 "
661621,19,4908,2,2,4908,0,19,0,"45-49 "
661669,31,2643,9,1,2643,0,31,0,"40-44 "
661768,5,340,4,3,0,340,0,5,"<25 "
661805,16,2055,39,0,0,2055,0,16,"40-44 "
661829,2,20492,20,0,20492,0,2,0,"60-64 "
661843,21,2641,19,0,0,2641,0,21,"45-49 "
661935,62,4954,12,0,0,4954,0,62,"50-54 "
661973,22,4508,14,1,2495,2013,11,11,"50-54 "
662024,5,434,7,0,434,0,5,0,"55-59 "
662031,38,5819,11,1,0,5819,0,38,"45-49 "
662086,10,3695,29,0,3695,0,10,0,"50-54 "
662123,31,2695,3,1,2236,459,26,5,"55-59 "
662178,10,598,4,3,62,536,2,8,"55-59 "
662444,7,3557,39,0,0,3557,0,7,"30-34 "
662987,12,5513,19,0,0,5513,0,12,"30-34 "
663014,26,2952,20,0,2952,0,26,0,"40-44 "
663045,8,1778,17,0,1778,0,8,0,"40-44 "
663151,12,976,4,1,311,665,4,8,"30-34 "
663373,20,2326,43,0,2326,0,20,0,"45-49 "
663489,10,1417,8,3,1417,0,10,0,"45-49 "
663519,7,1454,32,0,0,1454,0,7,"45-49 "
663793,25,4930,12,1,0,4930,0,25,"35-39 "
663861,2,188,39,0,0,188,0,2,"35-39 "
663892,4,2078,5,8,1446,632,3,1,"60-64 "
663960,4,658,17,0,658,0,4,0,"55-59 "
664189,25,3944,16,1,2668,1276,21,4,"35-39 "
664301,8,862,25,0,0,862,0,8,"30-34 "
664394,28,10785,26,1,2134,8651,11,17,"55-59 "
664417,22,2868,26,0,0,2868,0,22,"30-34 "
664974,5,1485,12,1,0,1485,0,5,"40-44 "
665452,12,846,10,2,846,0,12,0,"25-29 "
665766,9,845,32,0,0,845,0,9,"45-49 "
666060,4,3619,19,0,0,3619,0,4,"55-59 "
666077,37,3649,4,1,346,3303,6,31,"35-39 "
666244,28,1458,41,0,1458,0,28,0,"30-34 "
666442,4,6174,4,0,0,6174,0,4,"50-54 "
666466,15,6761,5,0,6124,637,9,6,"40-44 "
666701,4,412,10,8,75,337,1,3,"40-44 "
667081,13,14459,22,1,14459,0,13,0,">65 "
667234,24,3559,4,1,2907,652,18,6,"35-39 "
667395,1,276,27,0,276,0,1,0,"30-34 "
667401,7,663,15,1,561,102,5,2,"35-39 "
667517,37,5763,32,0,0,5763,0,37,"45-49 "
667531,38,3020,4,1,1909,1111,22,16,"60-64 "
667548,19,2132,19,0,1069,1063,10,9,"45-49 "
667630,42,4555,5,1,1311,3244,16,26,"50-54 "
667982,1,148,15,0,148,0,1,0,">65 "
668040,18,34056,4,2,8838,25218,7,11,"55-59 "
668095,10,580,15,2,580,0,10,0,"40-44 "
668101,3,1360,41,0,1360,0,3,0,"45-49 "
668118,2,3156,20,4,3156,0,2,0,"55-59 "
668156,16,4692,15,1,4432,260,14,2,"60-64 "
668262,28,2309,2,1,1643,666,20,8,"30-34 "
668309,5,1500,22,2,1098,402,3,2,"50-54 "
668385,4,628,23,0,628,0,4,0,"30-34 "
669122,5,310,13,0,310,0,5,0,"30-34 "
669405,8,1537,20,0,1537,0,8,0,"50-54 "
669535,26,3848,2,2,3766,82,23,3,"45-49 "
670173,3,744,19,0,0,744,0,3,"30-34 "
670203,5,600,19,0,0,600,0,5,"45-49 "
670463,18,12524,12,2,11515,1009,13,5,"35-39 "
670753,67,8294,4,0,0,8294,0,67,"45-49 "
672023,6,549,39,0,0,549,0,6,"30-34 "
672412,12,785,25,1,0,785,0,12,"35-39 "
673419,2,264,24,0,264,0,2,0,"35-39 "
673921,13,920,12,2,0,920,0,13,"35-39 "
674393,17,5962,16,1,2602,3360,12,5,"30-34 "
674447,1,752,5,0,0,752,0,1,"35-39 "
674706,2,130,21,9,36,94,1,1,"30-34 "
674720,22,3789,9,1,3789,0,22,0,"35-39 "
674959,2,3679,39,0,0,3679,0,2,"30-34 "
676076,3,1284,21,0,1284,0,3,0,"40-44 "
676410,1,48,17,0,48,0,1,0,"40-44 "
677509,13,2525,26,0,0,2525,0,13,"50-54 "
678018,36,3256,19,0,0,3256,0,36,"35-39 "
678377,7,1603,18,0,0,1603,0,7,"35-39 "
678483,16,2144,4,0,0,2144,0,16,"35-39 "
678568,8,4647,12,0,0,4647,0,8,"40-44 "
678643,11,728,33,0,0,728,0,11,"35-39 "
678780,19,8709,16,1,7920,789,10,9,"40-44 "
679350,20,2463,2,2,2463,0,20,0,"40-44 "
679442,18,1428,18,0,0,1428,0,18,"55-59 "
679534,1,396,15,0,396,0,1,0,"40-44 "
679701,39,4039,18,1,3545,494,34,5,"40-44 "
679800,19,19036,17,0,2835,16201,2,17,"35-39 "
679848,54,10531,4,1,0,10531,0,54,"40-44 "
679879,20,1325,6,2,1325,0,20,0,"45-49 "
679954,27,4427,4,1,2912,1515,17,10,"60-64 "
680059,18,1192,32,0,0,1192,0,18,"25-29 "
680189,30,2704,32,0,0,2704,0,30,"40-44 "
680271,33,4005,1,1,2253,1752,25,8,"25-29 "
680325,1,219,7,0,219,0,1,0,"<25 "
680950,12,4117,14,0,4117,0,12,0,"35-39 "
681162,49,24584,2,1,21183,3401,35,14,"40-44 "
681872,5,1091,11,0,0,1091,0,5,"35-39 "
682428,1,4851,29,0,4851,0,1,0,"35-39 "
682954,33,3017,26,0,2209,808,26,7,"40-44 "
683067,13,6464,7,2,6289,175,11,2,"55-59 "
683104,40,9832,10,1,739,9093,11,29,"45-49 "
683128,2,176,3,0,176,0,2,0,"35-39 "
683135,2,264,38,0,264,0,2,0,"25-29 "
683265,3,418,31,0,418,0,3,0,"40-44 "
683562,13,961,28,1,651,310,8,5,"35-39 "
684460,1,62,21,0,62,0,1,0,"25-29 "
684507,6,630,11,5,0,630,0,6,"30-34 "
685108,16,5634,3,1,4417,1217,9,7,"35-39 "
685245,11,2874,9,0,2874,0,11,0,"55-59 "
685818,10,944,36,0,944,0,10,0,"30-34 "
686044,4,2038,5,0,0,2038,0,4,"45-49 "
686143,33,3178,4,1,287,2891,3,30,"35-39 "
686372,12,5971,6,0,5971,0,12,0,"30-34 "
688314,11,773,24,1,352,421,7,4,"35-39 "
688888,12,1801,4,3,0,1801,0,12,"60-64 "
689106,3,222,7,0,222,0,3,0,"30-34 "
689168,31,2137,2,1,1968,169,28,3,"55-59 "
689250,3,168,17,0,168,0,3,0,"45-49 "
689281,43,4436,5,1,3308,1128,32,11,">65 "
689311,34,4595,19,1,1831,2764,15,19,"25-29 "
689427,19,3901,37,0,3901,0,19,0,"30-34 "
689533,60,10380,6,0,4139,6241,20,40,"45-49 "
689717,15,1987,2,1,343,1644,8,7,"60-64 "
689748,42,3735,31,0,3735,0,42,0,"45-49 "
690171,1,60,35,0,60,0,1,0,"30-34 "
690737,32,4167,14,1,4167,0,32,0,"55-59 "
691482,12,4666,39,0,0,4666,0,12,"25-29 "
691734,8,792,40,0,0,792,0,8,"35-39 "
691772,2,962,23,0,962,0,2,0,"25-29 "
692038,5,221,31,0,221,0,5,0,"40-44 "
692298,34,6385,9,1,1734,4651,17,17,"40-44 "
692489,18,7226,12,2,0,7226,0,18,"45-49 "
692533,3,309,10,0,309,0,3,0,">65 "
692816,11,3552,4,0,0,3552,0,11,"45-49 "
692922,22,4093,6,2,2988,1105,19,3,"35-39 "
692939,14,904,2,3,249,655,5,9,"40-44 "
693035,5,1972,10,5,1972,0,5,0,">65 "
693110,75,8574,5,0,7233,1341,57,18,"35-39 "
693233,15,1976,7,2,1976,0,15,0,"35-39 "
693257,4,2497,7,0,2497,0,4,0,"45-49 "
693332,7,1841,3,0,1841,0,7,0,"45-49 "
693394,23,4273,6,1,1493,2780,8,15,"45-49 "
693455,1,36,2,0,36,0,1,0,"35-39 "
693462,3,187,19,0,0,187,0,3,"30-34 "
693707,16,2965,3,1,2965,0,16,0,"35-39 "
694476,1,66,42,0,66,0,1,0,"45-49 "
694568,8,847,9,3,451,396,7,1,"25-29 "
694599,7,600,37,0,600,0,7,0,"30-34 "
694605,5,411,11,0,0,411,0,5,"30-34 "
694612,9,595,35,1,595,0,9,0,">65 "
694636,20,1803,10,1,785,1018,6,14,"30-34 "
694667,16,1575,10,2,1507,68,14,2,"60-64 "
694773,7,1823,16,0,1823,0,7,0,"35-39 "
695091,87,15778,2,0,15778,0,87,0,"40-44 "
695350,4,300,30,0,300,0,4,0,"45-49 "
695459,12,2045,11,0,0,2045,0,12,"50-54 "
695565,21,2572,2,0,2572,0,21,0,"45-49 "
695671,14,2784,19,1,2062,722,7,7,"45-49 "
695718,16,1583,5,1,0,1583,0,16,"60-64 "
695855,5,347,6,0,347,0,5,0,">65 "
696142,7,2540,10,1,269,2271,1,6,"50-54 "
696333,7,854,33,0,0,854,0,7,"40-44 "
696357,6,482,30,0,482,0,6,0,"40-44 "
696425,17,1532,21,1,1117,415,10,7,">65 "
696432,30,12169,19,1,3886,8283,14,16,"40-44 "
696463,53,11343,2,1,4364,6979,26,27,"40-44 "
696739,11,2459,12,0,0,2459,0,11,"35-39 "
697514,3,1089,15,0,1089,0,3,0,"40-44 "
697545,19,1934,20,1,583,1351,12,7,"45-49 "
697569,4,274,35,0,274,0,4,0,"35-39 "
697583,27,6486,3,1,4199,2287,21,6,"50-54 "
697675,3,120,16,0,120,0,3,0,"35-39 "
697798,8,340,5,5,98,242,2,6,"40-44 "
697873,21,2824,12,0,2655,169,19,2,"30-34 "
698269,7,2131,22,1,2131,0,7,0,"60-64 "
698306,3,249,24,0,249,0,3,0,"30-34 "
698313,1,116,23,0,116,0,1,0,"50-54 "
698344,1,99,18,0,0,99,0,1,"35-39 "
698658,14,2878,5,0,0,2878,0,14,"35-39 "
698771,2,585,40,0,0,585,0,2,"40-44 "
699020,14,4083,4,0,0,4083,0,14,"30-34 "
699365,15,2476,2,2,2175,301,11,4,"50-54 "
699570,35,4254,7,1,3351,903,26,9,"35-39 "
699587,3,35982,31,0,35982,0,3,0,"60-64 "
699594,45,3921,4,1,2527,1394,26,19,"40-44 "
699693,5,1001,3,7,485,516,4,1,"30-34 "
699778,15,1307,9,2,1263,44,14,1,"30-34 "
699822,13,7143,8,2,7143,0,13,0,"25-29 "
700054,4,375,32,0,0,375,0,4,"40-44 "
700108,17,1335,17,1,1335,0,17,0,"25-29 "
700139,7,6704,3,0,28,6676,1,6,"35-39 "
700146,8,423,4,1,0,423,0,8,"25-29 "
700160,3,128,4,0,0,128,0,3,"40-44 "
700450,13,863,32,0,0,863,0,13,"30-34 "
700733,16,1504,13,1,682,822,9,7,"55-59 "
700764,18,1268,2,2,465,803,8,10,"25-29 "
700931,30,1406,3,1,1345,61,28,2,"40-44 "
701396,16,4479,34,0,4479,0,16,0,"30-34 "
701433,6,870,13,0,870,0,6,0,"40-44 "
701457,2,327,37,0,327,0,2,0,"60-64 "
701495,19,2582,12,0,0,2582,0,19,"35-39 "
701570,16,2354,1,2,1786,568,10,6,">65 "
701693,4,1023,6,0,1023,0,4,0,">65 "
701709,1,36,10,0,36,0,1,0,"30-34 "
701792,8,6260,14,1,5759,501,4,4,"40-44 "
701815,6,763,10,3,763,0,6,0,"45-49 "
701860,5,580,4,0,0,580,0,5,"35-39 "
702720,5,4024,11,0,0,4024,0,5,"30-34 "
702850,16,3407,12,1,2066,1341,15,1,"40-44 "
703321,4,1019,25,0,0,1019,0,4,"30-34 "
705172,23,1601,7,1,1601,0,23,0,"40-44 "
705660,14,3327,4,2,2178,1149,12,2,"45-49 "
705707,38,4808,10,1,3207,1601,22,16,"40-44 "
706018,17,14989,11,0,0,14989,0,17,"50-54 "
706032,4,582,14,1,582,0,4,0,"60-64 "
706179,10,7793,40,0,0,7793,0,10,"55-59 "
706698,20,3113,4,2,2517,596,19,1,"55-59 "
707244,14,1765,13,0,508,1257,8,6,"40-44 "
707985,16,1707,42,0,1707,0,16,0,"35-39 "
707992,7,1144,4,0,0,1144,0,7,"40-44 "
708005,30,4730,3,1,2371,2359,10,20,"35-39 "
708456,124,37711,2,0,30799,6912,107,17,"50-54 "
709392,9,905,20,0,905,0,9,0,"40-44 "
709415,4,672,25,0,0,672,0,4,"40-44 "
709446,28,3381,9,1,3381,0,28,0,">65 "
709507,8,1146,40,0,0,1146,0,8,">65 "
709927,8,668,34,0,668,0,8,0,"35-39 "
709965,5,200,39,0,0,200,0,5,"40-44 "
710053,23,7554,6,2,3317,4237,12,11,"25-29 "
710077,2,161,18,0,0,161,0,2,"35-39 "
710220,15,6846,18,1,0,6846,0,15,"30-34 "
710688,18,2629,14,1,1812,817,12,6,"45-49 "
710800,1,839,11,0,0,839,0,1,"40-44 "
710862,4,507,26,0,0,507,0,4,"40-44 "
711036,5,370,30,0,370,0,5,0,"45-49 "
711210,8,818,32,0,0,818,0,8,"50-54 "
711326,29,6879,22,0,6879,0,29,0,"40-44 "
711388,22,2685,7,1,2685,0,22,0,">65 "
711562,26,6434,15,1,6434,0,26,0,"25-29 "
711791,19,8882,20,1,6077,2805,5,14,"35-39 "
711920,3,765,34,1,765,0,3,0,">65 "
712071,1,1090,11,0,0,1090,0,1,"35-39 "
713009,8,419,33,0,0,419,0,8,"30-34 "
713115,23,1370,11,1,777,593,9,14,"40-44 "
713320,22,5143,15,0,5143,0,22,0,"30-34 "
713504,27,3975,5,1,1645,2330,12,15,"50-54 "
713528,5,1045,12,0,0,1045,0,5,"50-54 "
713580,22,3604,8,1,2999,605,16,6,"50-54 "
714020,30,21768,32,0,561,21207,7,23,"35-39 "
714068,16,2377,32,0,0,2377,0,16,"25-29 "
714105,4,915,8,0,915,0,4,0,"30-34 "
714259,6,520,19,0,0,520,0,6,"35-39 "
714815,5,1400,29,0,1400,0,5,0,"35-39 "
714860,14,3219,8,1,3219,0,14,0,"25-29 "
714976,17,1024,17,1,1024,0,17,0,"25-29 "
715096,2,316,20,0,316,0,2,0,"40-44 "
715140,3,1206,28,0,1206,0,3,0,"35-39 "
715171,41,6170,6,1,2919,3251,28,13,"45-49 "
715836,6,573,34,0,573,0,6,0,"35-39 "
716086,3,243,16,0,243,0,3,0,"25-29 "
716123,22,1442,12,1,0,1442,0,22,"30-34 "
716222,2,224,7,18,224,0,2,0,"25-29 "
716420,5,1903,4,6,922,981,3,2,"30-34 "
716475,38,4348,39,0,0,4348,0,38,"40-44 "
716543,5,402,5,0,0,402,0,5,"50-54 "
716581,6,488,39,0,0,488,0,6,"35-39 "
716789,11,1792,33,0,0,1792,0,11,"30-34 "
716932,8,873,16,3,463,410,5,3,"30-34 "
718172,40,4958,3,1,3361,1597,32,8,"50-54 "
718370,3,485,41,0,485,0,3,0,"35-39 "
718417,4,196,27,0,196,0,4,0,"35-39 "
718493,32,4402,9,1,1085,3317,16,16,"35-39 "
718547,21,4625,5,1,0,4625,0,21,"30-34 "
718578,18,3762,2,2,1636,2126,9,9,">65 "
718769,2,152,19,0,0,152,0,2,"45-49 "
718844,7,540,22,0,540,0,7,0,"45-49 "
718950,30,4195,4,1,0,4195,0,30,"30-34 "
719278,2,618,13,10,618,0,2,0,"40-44 "
719315,5,1108,10,1,1108,0,5,0,"35-39 "
719407,2,576,33,3,0,576,0,2,"60-64 "
719742,5,645,13,0,645,0,5,0,"35-39 "
720397,2,431,13,0,431,0,2,0,"40-44 "
721127,31,3984,7,1,573,3411,12,19,"45-49 "
721868,5,401,34,1,190,211,3,2,"30-34 "
721943,21,3721,5,1,2966,755,14,7,"40-44 "
722797,2,125,11,0,0,125,0,2,"30-34 "
722834,2,40,6,0,40,0,2,0,">65 "
724180,25,6060,11,1,0,6060,0,25,"30-34 "
724661,23,4710,19,0,1212,3498,7,16,"40-44 "
724838,12,657,5,3,359,298,5,7,"45-49 "
725897,2,208,18,0,0,208,0,2,"45-49 "
726023,34,6240,19,0,0,6240,0,34,"45-49 "
726498,8,831,9,3,831,0,8,0,"40-44 "
726504,4,181,6,9,181,0,4,0,"30-34 "
726559,7,254,37,0,254,0,7,0,"40-44 "
726634,9,3349,12,0,0,3349,0,9,"35-39 "
726863,6,1002,26,0,0,1002,0,6,"35-39 "
726894,7,317,6,0,317,0,7,0,"45-49 "
727105,18,2756,11,0,0,2756,0,18,"35-39 "
727198,12,1503,22,0,1503,0,12,0,"30-34 "
727266,4,518,13,1,518,0,4,0,">65 "
727365,2,550,36,0,550,0,2,0,"50-54 "
727402,1,36,32,0,0,36,0,1,"45-49 "
727440,2,576,13,0,576,0,2,0,"40-44 "
727983,17,4261,18,1,3976,285,14,3,"35-39 "
728133,16,2383,4,0,0,2383,0,16,"50-54 "
728447,2,551,13,0,551,0,2,0,"25-29 "
728539,14,1422,17,1,1422,0,14,0,">65 "
728782,27,2423,18,0,0,2423,0,27,"35-39 "
728843,1,60,35,0,60,0,1,0,"35-39 "
729031,13,16945,22,1,2636,14309,9,4,"45-49 "
729062,6,539,18,0,0,539,0,6,"45-49 "
729093,26,3464,25,0,0,3464,0,26,"35-39 "
729192,7,2071,28,2,1292,779,1,6,"55-59 "
729222,13,5267,18,1,0,5267,0,13,"45-49 "
729246,2,616,18,0,0,616,0,2,"55-59 "
729291,20,2189,2,2,1711,478,13,7,"45-49 "
729857,9,702,34,1,702,0,9,0,"50-54 "
729895,14,1541,13,2,387,1154,6,8,"55-59 "
729932,69,7319,4,1,5145,2174,32,37,"50-54 "
730242,7,550,17,2,550,0,7,0,">65 "
730457,33,3746,19,1,2886,860,23,10,"35-39 "
730679,12,1842,11,0,0,1842,0,12,"30-34 "
731645,9,615,28,0,615,0,9,0,"45-49 "
732154,6,677,12,0,0,677,0,6,"30-34 "
732802,4,703,33,0,0,703,0,4,"35-39 "
733564,8,1102,21,0,1102,0,8,0,"50-54 "
733632,12,693,3,3,693,0,12,0,"55-59 "
733915,6,1142,6,3,950,192,4,2,"25-29 "
734097,6,289,28,0,289,0,6,0,">65 "
734301,5,457,1,0,457,0,5,0,"40-44 "
735759,25,3714,4,1,1632,2082,9,16,"35-39 "
735766,8,7166,7,2,6688,478,4,4,"40-44 "
735780,23,3529,4,2,715,2814,2,21,"40-44 "
735810,2,1529,11,10,0,1529,0,2,"35-39 "
736121,12,2022,5,0,0,2022,0,12,"45-49 "
737159,1,38,23,0,38,0,1,0,"40-44 "
737272,2,524,2,0,524,0,2,0,"40-44 "
737319,2,1160,2,0,1160,0,2,0,"40-44 "
737913,6,619,12,0,0,619,0,6,"35-39 "
738040,12,2509,31,0,2509,0,12,0,"60-64 "
738095,20,5681,9,2,1767,3914,17,3,"50-54 "
738101,5,568,22,2,568,0,5,0,"55-59 "
738453,5,1455,38,0,1455,0,5,0,"45-49 "
738910,9,2444,27,0,2444,0,9,0,"35-39 "
739290,13,1563,10,2,1380,183,10,3,"30-34 "
739689,14,861,15,0,861,0,14,0,"50-54 "
740029,1,86,12,0,0,86,0,1,"50-54 "
740203,63,5472,5,1,617,4855,6,57,"50-54 "
740210,28,4405,33,0,1485,2920,13,15,"50-54 "
740609,10,3144,8,3,3144,0,10,0,"60-64 "
740630,6,789,39,0,0,789,0,6,"55-59 "
740906,34,10881,4,1,0,10881,0,34,"35-39 "
741774,4,283,16,0,283,0,4,0,"40-44 "
742221,13,1868,7,0,1868,0,13,0,"45-49 "
742474,3,472,14,0,472,0,3,0,"45-49 "
743587,15,2036,8,2,547,1489,5,10,">65 "
743877,3,464,20,0,464,0,3,0,"40-44 "
744324,8,658,30,0,658,0,8,0,"50-54 "
744430,8,1126,6,0,1126,0,8,0,">65 "
744492,4,172,6,0,172,0,4,0,">65 "
745130,42,11798,4,1,1467,10331,7,35,"30-34 "
745642,5,440,18,4,0,440,0,5,"50-54 "
745918,7,1156,13,0,1156,0,7,0,">65 "
746939,2,134,7,0,134,0,2,0,"50-54 "
748483,6,686,9,0,686,0,6,0,"40-44 "
748995,15,5192,8,0,5192,0,15,0,"40-44 "
750196,16,4797,40,0,0,4797,0,16,"40-44 "
750363,9,782,15,1,677,105,8,1,"35-39 "
750448,2,114,36,0,114,0,2,0,"35-39 "
752251,6,494,15,0,494,0,6,0,"35-39 "
753876,11,1154,18,0,0,1154,0,11,"40-44 "
754446,16,2024,32,0,0,2024,0,16,"40-44 "
754521,7,5755,4,5,0,5755,0,7,"30-34 "
755153,40,3604,33,0,0,3604,0,40,"40-44 "
755283,55,15245,4,1,0,15245,0,55,"30-34 "
755542,11,3851,2,3,3277,574,5,6,"25-29 "
756402,4,471,6,0,471,0,4,0,"40-44 "
756440,12,1057,10,2,1057,0,12,0,"45-49 "
756488,32,3083,15,1,2300,783,25,7,"40-44 "
756501,2,1486,12,0,0,1486,0,2,"45-49 "
756655,4,890,41,0,890,0,4,0,"35-39 "
756952,8,1548,5,0,0,1548,0,8,"35-39 "
757249,3,210,38,0,210,0,3,0,"30-34 "
757584,12,6585,18,0,0,6585,0,12,"30-34 "
757881,13,1338,10,2,729,609,4,9,"35-39 "
757898,1,8800,39,0,0,8800,0,1,"35-39 "
758628,4,808,30,0,808,0,4,0,"35-39 "
758680,13,1435,13,0,1435,0,13,0,"40-44 "
758772,4,385,1,0,385,0,4,0,"45-49 "
758833,2,284,11,0,0,284,0,2,"30-34 "
758840,7,6137,19,1,4230,1907,4,3,"40-44 "
758994,10,739,27,1,739,0,10,0,"45-49 "
759328,12,2295,22,1,2295,0,12,0,"50-54 "
759359,2,2029,5,0,0,2029,0,2,"35-39 "
759380,4,1181,6,0,1181,0,4,0,">65 "
759397,35,2428,8,1,965,1463,18,17,"45-49 "
759410,3,136,34,0,136,0,3,0,"50-54 "
759496,40,18235,14,1,18235,0,40,0,"50-54 "
759502,6,1040,6,4,1040,0,6,0,"50-54 "
759557,18,2867,12,0,0,2867,0,18,"50-54 "
759816,4,162,14,0,162,0,4,0,">65 "
759953,3,488,8,0,488,0,3,0,"30-34 "
760225,56,13262,6,1,9783,3479,44,12,"30-34 "
760744,4,233,33,0,0,233,0,4,"55-59 "
760904,14,3261,15,2,3261,0,14,0,"55-59 "
761567,16,1384,39,0,0,1384,0,16,"25-29 "
762045,24,2141,11,0,0,2141,0,24,"40-44 "
762236,31,4837,26,0,0,4837,0,31,"30-34 "
762687,15,3518,13,2,3518,0,15,0,"30-34 "
763165,23,62495,5,1,56853,5642,18,5,"45-49 "
763240,3,528,14,1,528,0,3,0,"50-54 "
763448,1,53,41,0,53,0,1,0,"30-34 "
763479,1,85,39,0,0,85,0,1,"55-59 "
763509,15,2535,5,0,0,2535,0,15,">65 "
763684,25,6840,25,1,0,6840,0,25,"35-39 "
763806,27,6964,12,0,0,6964,0,27,"40-44 "
763837,2,1036,21,0,1036,0,2,0,"30-34 "
763851,4,273,19,0,0,273,0,4,"30-34 "
764254,4,692,32,0,0,692,0,4,"40-44 "
764407,28,2662,3,1,2662,0,28,0,"40-44 "
764452,33,3170,4,1,0,3170,0,33,"40-44 "
764575,1,99,35,0,99,0,1,0,"40-44 "
764636,5,10500,10,4,10500,0,5,0,"30-34 "
764650,8,2300,32,0,0,2300,0,8,"40-44 "
764681,3,803,2,6,195,608,1,2,"30-34 "
764933,20,5800,3,2,2625,3175,5,15,"35-39 "
765220,9,1980,30,0,1980,0,9,0,"35-39 "
765350,21,2325,18,1,1356,969,13,8,"35-39 "
765374,20,1599,4,2,970,629,13,7,"35-39 "
765862,18,2896,5,1,0,2896,0,18,"35-39 "
765978,15,1942,15,2,1942,0,15,0,"35-39 "
766036,17,3593,2,1,315,3278,4,13,"40-44 "
766043,14,3813,32,0,0,3813,0,14,"55-59 "
766975,23,1610,27,0,1610,0,23,0,"35-39 "
767323,16,934,5,2,300,634,5,11,"30-34 "
768023,13,1390,31,0,1390,0,13,0,"30-34 "
768139,8,2822,15,3,2682,140,4,4,">65 "
768146,16,19515,17,1,12760,6755,11,5,"55-59 "
768160,1,258,9,0,258,0,1,0,"25-29 "
768405,2,936,3,16,936,0,2,0,"60-64 "
768412,13,1063,9,2,1063,0,13,0,"30-34 "
768436,9,372,17,3,354,18,7,2,"25-29 "
768474,1,225,32,0,0,225,0,1,"45-49 "
768498,2,456,21,6,396,60,1,1,"55-59 "
768528,40,15362,2,1,2023,13339,22,18,"30-34 "
768535,1,1584,24,0,1584,0,1,0,"<25 "
768566,5,1057,43,0,1057,0,5,0,">65 "
768795,6,4767,24,1,4767,0,6,0,"45-49 "
768870,10,1597,15,2,1597,0,10,0,"45-49 "
770064,19,2420,14,1,1230,1190,9,10,"60-64 "
770248,8,467,6,0,467,0,8,0,"50-54 "
770354,11,1895,13,2,1213,682,7,4,"40-44 "
770460,38,4985,2,1,4985,0,38,0,"40-44 "
770699,2,282,35,0,282,0,2,0,"35-39 "
770736,6,746,4,0,0,746,0,6,"35-39 "
770781,3,2689,25,0,0,2689,0,3,"45-49 "
770910,115,19292,22,0,10102,9190,79,36,"40-44 "
770965,21,1640,4,2,1240,400,16,5,"50-54 "
771085,6,400,11,0,0,400,0,6,"30-34 "
771153,11,15193,33,0,0,15193,0,11,"35-39 "
771276,6,4589,18,0,0,4589,0,6,"25-29 "
771283,4,696,36,1,397,299,2,2,"35-39 "
771351,14,13132,40,0,0,13132,0,14,"45-49 "
771856,9,653,34,0,653,0,9,0,"30-34 "
772518,43,3180,2,1,3180,0,43,0,">65 "
772655,14,2466,15,0,2466,0,14,0,"30-34 "
772839,7,3796,33,0,0,3796,0,7,"45-49 "
772907,13,1261,2,1,1261,0,13,0,"25-29 "
772969,12,12941,22,0,12941,0,12,0,"35-39 "
773201,2,91,35,0,91,0,2,0,"60-64 "
773218,2,1550,28,0,1550,0,2,0,"55-59 "
773348,39,24458,3,1,20396,4062,28,11,"60-64 "
773416,14,7116,15,2,7116,0,14,0,"40-44 "
773577,1,60,35,0,60,0,1,0,">65 "
773645,2,1004,34,0,1004,0,2,0,"45-49 "
774253,9,7864,10,2,7864,0,9,0,"35-39 "
774338,15,1964,16,1,1964,0,15,0,"35-39 "
774529,28,9306,13,1,9306,0,28,0,"45-49 "
774550,22,2155,4,2,420,1735,12,10,"40-44 "
774888,11,976,3,1,976,0,11,0,"35-39 "
774987,9,528,16,2,528,0,9,0,"35-39 "
775236,1,29,1,0,29,0,1,0,"45-49 "
775533,4,750,39,0,0,750,0,4,"40-44 "
775694,53,56160,2,1,33263,22897,37,16,"40-44 "
775946,1,60,34,0,60,0,1,0,">65 "
776349,102,30613,13,0,28372,2241,87,15,"40-44 "
776387,1,119,9,0,119,0,1,0,"40-44 "
776608,4,217,21,0,217,0,4,0,"40-44 "
776783,19,5022,27,1,100,4922,1,18,"50-54 "
776820,3,298,14,0,298,0,3,0,"45-49 "
776875,1,60,35,0,60,0,1,0,"60-64 "
776899,1,60,34,0,60,0,1,0,"40-44 "
777117,8,2145,21,1,1467,678,4,4,">65 "
777148,5,520,19,4,0,520,0,5,"55-59 "
777582,2,5828,21,2,5828,0,2,0,">65 "
777636,2,198,29,0,198,0,2,0,"30-34 "
778091,12,2438,32,0,0,2438,0,12,"40-44 "
778442,17,1905,4,2,277,1628,6,11,"35-39 "
778480,10,1450,9,2,1450,0,10,0,"30-34 "
778558,17,2105,14,1,2105,0,17,0,"50-54 "
778718,24,3967,19,1,0,3967,0,24,"40-44 "
778916,21,3612,18,1,0,3612,0,21,"40-44 "
778947,4,438,10,0,438,0,4,0,"35-39 "
779333,6,1486,3,6,1486,0,6,0,">65 "
780025,6,503,14,4,503,0,6,0,"50-54 "
780391,4,748,25,0,0,748,0,4,"50-54 "
780506,7,819,41,0,819,0,7,0,"45-49 "
780582,49,3943,8,1,1320,2623,22,27,"35-39 "
780766,14,3696,31,0,3696,0,14,0,"60-64 "
781145,2,121,19,0,0,121,0,2,"50-54 "
781206,13,3074,4,3,381,2693,3,10,"40-44 "
781343,24,6050,3,2,4996,1054,17,7,"55-59 "
782128,3,2039,6,1,2039,0,3,0,"60-64 "
782203,34,5423,13,1,3718,1705,22,12,"50-54 "
782326,12,1071,4,1,54,1017,1,11,"30-34 "
782418,3,332,28,0,332,0,3,0,"35-39 "
783101,19,2343,12,1,1251,1092,8,11,"55-59 "
783200,2,138,40,0,0,138,0,2,">65 "
783415,11,1823,4,3,0,1823,0,11,"60-64 "
783576,2,210,12,0,0,210,0,2,"30-34 "
784207,12,1124,11,2,0,1124,0,12,"35-39 "
784214,12,1407,18,0,0,1407,0,12,"30-34 "
784566,7,229,14,0,229,0,7,0,">65 "
784634,9,1218,10,1,1218,0,9,0,">65 "
784849,26,3472,2,2,3472,0,26,0,"25-29 "
785150,81,7076,6,0,4650,2426,58,23,"40-44 "
785174,7,2216,8,0,2216,0,7,0,"55-59 "
785747,3,854,15,0,854,0,3,0,"25-29 "
785792,32,3518,11,1,1916,1602,20,12,"30-34 "
785839,7,747,9,0,747,0,7,0,"35-39 "
785952,17,3947,4,2,1997,1950,8,9,"40-44 "
786065,14,1101,32,0,0,1101,0,14,"35-39 "
786119,11,1947,12,2,1267,680,6,5,"45-49 "
786157,2,175,24,0,175,0,2,0,">65 "
786171,39,7986,6,1,1643,6343,19,20,"45-49 "
786591,5,577,22,0,577,0,5,0,"35-39 "
788342,1,75,5,0,0,75,0,1,"35-39 "
789240,7,1033,5,5,0,1033,0,7,"50-54 "
789387,13,2000,10,2,2000,0,13,0,"50-54 "
789400,9,1746,18,0,0,1746,0,9,"30-34 "
789745,1,195,12,0,0,195,0,1,"35-39 "
790062,4,904,5,0,0,904,0,4,"55-59 "
790109,26,6250,9,1,6250,0,26,0,"30-34 "
790208,15,814,10,0,814,0,15,0,"50-54 "
790468,10,1360,5,0,0,1360,0,10,"30-34 "
790697,26,4276,5,0,4104,172,25,1,"25-29 "
790703,5,1564,12,0,0,1564,0,5,"30-34 "
790895,11,1002,18,0,389,613,7,4,">65 "
790956,1,580,18,0,0,580,0,1,"40-44 "
790994,8,538,33,0,0,538,0,8,">65 "
791151,17,2615,8,2,2615,0,17,0,"<25 "
791236,7,458,34,0,458,0,7,0,"45-49 "
791762,24,2515,12,1,1111,1404,9,15,"55-59 "
792042,16,2200,8,1,2200,0,16,0,"50-54 "
792066,23,3323,17,1,1919,1404,15,8,"35-39 "
792271,4,466,31,0,466,0,4,0,"40-44 "
792806,18,5665,16,0,5665,0,18,0,"30-34 "
792820,43,4845,21,0,4845,0,43,0,"25-29 "
792905,2,67,11,0,0,67,0,2,"35-39 "
792967,7,284,15,4,284,0,7,0,"30-34 "
792981,6,586,16,0,586,0,6,0,">65 "
793384,11,1468,18,0,0,1468,0,11,"40-44 "
793957,27,3695,12,0,0,3695,0,27,"40-44 "
794350,46,6051,6,1,5427,624,39,7,"35-39 "
794381,10,3507,6,2,3507,0,10,0,"35-39 "
794589,21,2537,18,0,0,2537,0,21,"40-44 "
795241,10,499,5,2,276,223,3,7,"40-44 "
795371,40,12048,19,0,3351,8697,11,29,"30-34 "
795395,12,1892,8,1,1416,476,6,6,"45-49 "
795548,15,2704,21,0,2704,0,15,0,"35-39 "
796613,19,2037,21,0,2037,0,19,0,"60-64 "
796897,11,3349,3,2,3349,0,11,0,"35-39 "
797221,17,1116,19,0,0,1116,0,17,"45-49 "
797351,15,4227,11,2,0,4227,0,15,"45-49 "
797405,33,11275,4,1,11117,158,31,2,"45-49 "
797481,11,1185,17,0,1185,0,11,0,"45-49 "
797702,23,2310,12,1,1105,1205,9,14,"35-39 "
797849,21,3491,8,2,1169,2322,9,12,"30-34 "
797917,4,1992,5,1,76,1916,3,1,"60-64 "
798372,5,792,6,2,39,753,1,4,"45-49 "
798464,4,846,4,0,0,846,0,4,"45-49 "
798549,17,4863,12,2,0,4863,0,17,"60-64 "
798747,20,1591,18,0,0,1591,0,20,"45-49 "
798792,14,4043,34,0,4043,0,14,0,"45-49 "
798907,12,5658,20,0,5658,0,12,0,"35-39 "
798983,24,2713,2,2,2713,0,24,0,"35-39 "
799263,5,915,18,0,0,915,0,5,"35-39 "
799355,18,1552,21,0,1552,0,18,0,"45-49 "
799577,3,468,36,0,468,0,3,0,"55-59 "
799805,1,59,40,0,0,59,0,1,">65 "
799874,19,961,4,2,797,164,17,2,"50-54 "
799935,13,1267,6,2,558,709,1,12,"50-54 "
799973,12,2648,1,3,2648,0,12,0,">65 "
800037,8,722,33,0,0,722,0,8,"45-49 "
800235,4,358,30,0,358,0,4,0,"40-44 "
801539,4,920,2,0,920,0,4,0,"40-44 "
801966,18,1600,32,0,0,1600,0,18,"30-34 "
803199,6,1129,14,3,978,151,3,3,">65 "
803885,6,261,15,0,261,0,6,0,"50-54 "
804912,4,229,35,0,229,0,4,0,"30-34 "
804998,10,1823,3,0,1823,0,10,0,"35-39 "
805292,46,6752,5,1,4407,2345,26,20,"35-39 "
805346,8,975,12,0,0,975,0,8,"35-39 "
806688,12,1474,12,2,1405,69,11,1,"25-29 "
806800,7,1982,18,0,0,1982,0,7,"25-29 "
806954,12,1821,14,1,1821,0,12,0,"25-29 "
808019,9,745,19,2,553,192,5,4,">65 "
809085,3,144,25,0,0,144,0,3,"60-64 "
810524,26,6937,9,0,6937,0,26,0,"35-39 "
810678,1,436,14,0,436,0,1,0,">65 "
810920,3,234,38,0,234,0,3,0,"35-39 "
811644,18,2406,11,2,1700,706,9,9,"50-54 "
811828,31,5709,5,1,2671,3038,10,21,"30-34 "
812030,7,447,18,0,0,447,0,7,"35-39 "
812108,7,2987,16,0,2987,0,7,0,"40-44 "
812412,23,4382,4,1,1075,3307,3,20,"35-39 "
812443,21,10197,21,0,10197,0,21,0,"35-39 "
812450,49,15732,2,1,14644,1088,38,11,"30-34 "
812832,4,1242,6,0,1242,0,4,0,"30-34 "
812931,30,9665,13,1,9665,0,30,0,"35-39 "
813143,20,2597,14,1,2597,0,20,0,"25-29 "
813174,11,2257,19,2,343,1914,4,7,"25-29 "
813709,33,3400,5,1,800,2600,8,25,"50-54 "
814522,77,12533,2,0,7340,5193,31,46,"35-39 "
814928,32,6150,9,1,6150,0,32,0,"45-49 "
815024,11,1033,15,0,242,791,3,8,"30-34 "
816793,13,1970,11,0,0,1970,0,13,"40-44 "
818179,5,354,19,0,0,354,0,5,"50-54 "
818674,16,8247,2,2,1378,6869,4,12,"55-59 "
818711,16,1898,13,1,1898,0,16,0,"35-39 "
819060,6,540,2,0,179,361,2,4,"45-49 "
819220,17,1965,4,2,0,1965,0,17,"30-34 "
819763,11,1086,6,2,885,201,8,3,">65 "
819787,8,1406,12,3,330,1076,2,6,">65 "
819817,13,1030,17,2,982,48,12,1,"50-54 "
820233,59,7972,4,1,1375,6597,15,44,"35-39 "
820424,26,2698,10,1,1223,1475,15,11,">65 "
820509,50,4473,5,1,2399,2074,21,29,"60-64 "
820578,9,735,4,0,0,735,0,9,"60-64 "
820837,49,5862,6,1,701,5161,10,39,"45-49 "
820905,12,1088,39,0,0,1088,0,12,"30-34 "
821131,8,1236,11,4,539,697,5,3,"50-54 "
821278,29,3368,12,1,3140,228,25,4,"35-39 "
821346,3,881,13,0,881,0,3,0,"40-44 "
821384,7,1314,26,0,0,1314,0,7,">65 "
821414,20,8146,39,0,0,8146,0,20,"35-39 "
821438,21,1482,2,0,1482,0,21,0,"30-34 "
822121,10,1801,3,0,1801,0,10,0,"40-44 "
822213,13,6210,4,1,3537,2673,6,7,"30-34 "
822374,11,559,21,0,559,0,11,0,"30-34 "
822817,8,1068,2,0,1068,0,8,0,"55-59 "
823265,3,342,22,0,342,0,3,0,"30-34 "
823357,17,1913,11,0,0,1913,0,17,"30-34 "
823760,21,5346,37,0,5346,0,21,0,"30-34 "
823814,8,688,17,0,688,0,8,0,"60-64 "
823876,21,2330,19,0,0,2330,0,21,"30-34 "
824620,7,1260,12,1,99,1161,1,6,"35-39 "
824767,4,424,14,0,424,0,4,0,"35-39 "
825153,7,2738,21,0,2738,0,7,0,"35-39 "
825320,10,1212,40,0,0,1212,0,10,"40-44 "
825368,6,2228,12,3,2193,35,5,1,"45-49 "
825573,5,1780,33,0,0,1780,0,5,"30-34 "
825641,5,1269,15,4,1269,0,5,0,"30-34 "
825733,7,313,33,0,0,313,0,7,"40-44 "
825993,3,434,20,0,434,0,3,0,"40-44 "
826235,27,1517,4,1,0,1517,0,27,"45-49 "
827515,14,815,8,2,209,606,5,9,"40-44 "
828222,6,2438,42,0,2438,0,6,0,"40-44 "
828291,81,7732,3,0,6085,1647,65,16,"40-44 "
828352,2,1173,15,0,1173,0,2,0,"45-49 "
828499,70,16729,3,1,9957,6772,44,26,"35-39 "
828871,8,50480,2,3,50480,0,8,0,"35-39 "
829656,1,1107,20,0,1107,0,1,0,"35-39 "
829953,33,2945,5,1,0,2945,0,33,"35-39 "
830843,16,3562,21,0,3562,0,16,0,"35-39 "
831383,13,4817,10,1,4817,0,13,0,"35-39 "
831987,15,2051,18,1,0,2051,0,15,"30-34 "
832205,9,1932,2,0,832,1100,5,4,"45-49 "
832502,1,271,30,0,271,0,1,0,"25-29 "
832687,22,1229,8,0,1229,0,22,0,"40-44 "
832786,72,9003,5,0,7490,1513,64,8,"40-44 "
832809,13,572,25,0,0,572,0,13,"45-49 "
832892,10,2107,12,1,0,2107,0,10,"25-29 "
833684,2,184,2,0,184,0,2,0,"35-39 "
833912,4,691,32,1,631,60,3,1,"45-49 "
833929,7,787,6,0,787,0,7,0,"50-54 "
833974,46,6773,4,1,0,6773,0,46,"35-39 "
834032,24,2199,14,1,1988,211,21,3,"25-29 "
834247,1,106,28,0,106,0,1,0,">65 "
834339,16,1462,25,0,0,1462,0,16,"35-39 "
834445,17,2961,11,0,0,2961,0,17,"40-44 "
834568,33,5157,2,1,4572,585,25,8,"60-64 "
834926,1,60,35,0,60,0,1,0,"45-49 "
835312,4,2424,14,5,1056,1368,3,1,"50-54 "
836036,3,483,25,0,0,483,0,3,"35-39 "
836364,20,1267,24,0,1267,0,20,0,"35-39 "
837323,6,1604,13,0,1604,0,6,0,"30-34 "
837552,26,7361,34,0,7361,0,26,0,"30-34 "
838023,110,11204,3,0,10342,862,99,11,">65 "
838054,30,5102,10,1,2469,2633,16,14,"60-64 "
838061,96,16655,2,0,6143,10512,38,58,"35-39 "
838085,12,1107,14,0,293,814,3,9,"60-64 "
838115,104,6845,9,0,5465,1380,82,22,"40-44 "
838139,19,5989,10,2,4915,1074,14,5,"40-44 "
838221,20,2225,2,2,1110,1115,10,10,"35-39 "
838351,12,1659,25,1,992,667,4,8,"45-49 "
838412,8,1753,40,0,0,1753,0,8,"25-29 "
838450,22,2858,6,2,2307,551,13,9,"25-29 "
838580,3,4544,14,2,4544,0,3,0,"55-59 "
838603,6,768,10,0,768,0,6,0,"30-34 "
838665,15,7392,12,2,0,7392,0,15,"30-34 "
839105,19,4103,2,1,396,3707,4,15,"35-39 "
839136,4,457,33,0,0,457,0,4,"30-34 "
839389,16,22218,20,1,21783,435,11,5,"35-39 "
839402,10,641,10,1,641,0,10,0,"40-44 "
839426,4,1491,19,0,0,1491,0,4,"35-39 "
839440,4,1820,2,0,1820,0,4,0,"30-34 "
839471,1,85,41,0,85,0,1,0,"50-54 "
839648,6,276,35,0,276,0,6,0,"50-54 "
839792,3,109,18,0,0,109,0,3,"45-49 "
839815,13,1178,18,0,0,1178,0,13,"30-34 "
839822,8,888,6,2,697,191,5,3,"45-49 "
839891,20,1627,20,1,1627,0,20,0,">65 "
839983,7,1130,12,1,916,214,4,3,"35-39 "
840354,19,11135,8,2,11135,0,19,0,">65 "
841528,25,1821,11,1,1636,185,21,4,"30-34 "
841771,80,76874,3,0,39445,37429,42,38,"40-44 "
841900,1,60,32,0,0,60,0,1,"35-39 "
842136,10,1360,4,3,836,524,7,3,"55-59 "
842181,14,1345,12,2,354,991,4,10,"25-29 "
842235,11,987,4,2,307,680,6,5,"25-29 "
842259,14,2507,16,2,153,2354,2,12,"50-54 "
842396,9,648,4,3,0,648,0,9,"50-54 "
842419,50,33324,14,1,16765,16559,21,29,"30-34 "
842464,64,8796,3,1,5831,2965,41,23,"40-44 "
842525,113,19885,4,0,6687,13198,41,72,"50-54 "
842617,9,493,8,1,493,0,9,0,"30-34 "
842648,30,2836,5,1,1113,1723,13,17,"45-49 "
842716,7,742,25,2,637,105,5,2,"25-29 "
842884,71,29101,2,1,7725,21376,41,30,"45-49 "
843263,8,1065,42,0,1065,0,8,0,">65 "
843317,18,886,20,0,886,0,18,0,"35-39 "
843355,26,5937,12,1,0,5937,0,26,"30-34 "
843492,13,2355,20,1,2355,0,13,0,"40-44 "
843539,5,416,41,0,416,0,5,0,"60-64 "
843553,2,647,5,0,0,647,0,2,"60-64 "
843577,35,18687,2,1,16507,2180,18,17,"45-49 "
843584,3,704,29,0,704,0,3,0,">65 "
843621,39,3957,10,1,3543,414,34,5,"40-44 "
844000,7,522,39,0,0,522,0,7,">65 "
844413,34,3923,7,1,3610,313,28,6,"40-44 "
844642,9,2039,19,0,0,2039,0,9,"60-64 "
844970,10,697,5,3,0,697,0,10,"30-34 "
844994,1,19,12,0,0,19,0,1,"25-29 "
845021,13,2937,8,3,2937,0,13,0,">65 "
845038,37,4060,4,1,415,3645,11,26,"50-54 "
845199,3,474,4,0,0,474,0,3,"60-64 "
845335,17,3994,11,0,0,3994,0,17,"35-39 "
845359,7,689,9,0,689,0,7,0,"30-34 "
845380,9,764,4,0,0,764,0,9,"30-34 "
845397,4,939,6,0,939,0,4,0,"35-39 "
845403,7,1585,4,1,0,1585,0,7,"25-29 "
845502,15,1201,20,1,807,394,11,4,"35-39 "
845649,3,322,14,0,322,0,3,0,"50-54 "
845809,9,5068,27,1,5068,0,9,0,"30-34 "
846172,1,36,6,0,36,0,1,0,"35-39 "
846295,19,1178,9,1,1065,113,15,4,"50-54 "
846301,16,1720,6,1,907,813,9,7,"35-39 "
846363,4,153,12,0,0,153,0,4,"<25 "
846370,24,2462,12,0,0,2462,0,24,"30-34 "
846776,13,1023,39,0,0,1023,0,13,"25-29 "
846905,16,1966,10,2,1966,0,16,0,">65 "
846929,24,3868,16,1,3868,0,24,0,"50-54 "
846998,4,1194,35,0,1194,0,4,0,"60-64 "
847322,31,1732,12,1,464,1268,7,24,"40-44 "
847391,7,1085,18,1,813,272,6,1,">65 "
848138,11,829,16,0,322,507,4,7,"30-34 "
848442,2,18,37,2,9,9,1,1,"60-64 "
848602,4,876,19,0,0,876,0,4,"<25 "
848824,26,3042,10,1,3042,0,26,0,"50-54 "
848985,22,3444,13,1,2961,483,13,9,"30-34 "
849180,12,3033,14,0,3033,0,12,0,"55-59 "
849692,43,11485,10,0,11485,0,43,0,"30-34 "
849746,3,163,11,0,0,163,0,3,"30-34 "
849982,12,1833,35,0,1833,0,12,0,"30-34 "
850841,8,761,20,0,761,0,8,0,"40-44 "
851244,2,4201,31,5,4201,0,2,0,"35-39 "
851268,1,189,22,0,189,0,1,0,"30-34 "
851275,9,1333,3,0,1333,0,9,0,"35-39 "
852494,8,538,19,0,391,147,5,3,"60-64 "
852708,12,3150,18,2,2376,774,8,4,"40-44 "
852845,44,7495,5,1,3374,4121,19,25,"45-49 "
855426,20,1164,33,0,0,1164,0,20,"35-39 "
855600,45,8775,5,1,2859,5916,21,24,"35-39 "
858038,23,2615,27,0,2615,0,23,0,"30-34 "
858694,7,750,5,3,324,426,3,4,"50-54 "
858984,8,1193,22,0,1193,0,8,0,"45-49 "
859431,5,402,11,0,0,402,0,5,"30-34 "
859516,6,466,11,4,376,90,4,2,"45-49 "
860123,33,6244,11,1,154,6090,3,30,"35-39 "
860772,13,1887,41,0,1887,0,13,0,"35-39 "
860994,7,10811,4,2,0,10811,0,7,">65 "
861007,2,61,9,0,61,0,2,0,"35-39 "
861014,27,4901,2,1,4543,358,26,1,"30-34 "
861021,37,16118,3,1,3440,12678,21,16,"60-64 "
861038,15,822,39,0,0,822,0,15,"35-39 "
861052,44,6888,12,1,1696,5192,12,32,"40-44 "
861069,1,36,18,0,0,36,0,1,"35-39 "
861076,22,2066,2,1,888,1178,12,10,"50-54 "
861113,4,168,19,4,99,69,2,2,"55-59 "
862028,26,3898,3,1,3602,296,21,5,"40-44 "
862059,41,3276,11,1,1565,1711,19,22,"45-49 "
862486,80,6747,4,0,0,6747,0,80,"30-34 "
862936,45,5480,12,1,3685,1795,28,17,"45-49 "
864169,11,610,12,0,0,610,0,11,">65 "
864855,20,5918,3,0,5918,0,20,0,"50-54 "
865166,20,2272,6,1,90,2182,2,18,"40-44 "
865234,9,579,20,2,187,392,4,5,"40-44 "
865388,22,1405,3,2,1019,386,16,6,"55-59 "
865487,6,2938,8,4,2938,0,6,0,"40-44 "
865654,22,13602,21,1,13602,0,22,0,"40-44 "
866026,49,17535,4,1,1569,15966,8,41,">65 "
866125,3,607,20,0,607,0,3,0,">65 "
866170,1,944,13,0,944,0,1,0,">65 "
866392,19,1164,29,1,832,332,11,8,"40-44 "
866422,1,112,34,0,112,0,1,0,"40-44 "
866620,1,516,37,0,516,0,1,0,"55-59 "
866699,2,70,14,0,70,0,2,0,"55-59 "
866774,27,4000,25,0,0,4000,0,27,"25-29 "
866989,40,7334,12,1,5603,1731,28,12,"40-44 "
866996,10,883,4,4,0,883,0,10,"35-39 "
867467,4,515,32,0,0,515,0,4,"25-29 "
867481,2,225,19,0,0,225,0,2,"40-44 "
867542,16,3341,18,0,0,3341,0,16,"35-39 "
867665,13,2173,2,1,1006,1167,8,5,"40-44 "
867832,1,396,22,0,396,0,1,0,"35-39 "
867948,16,2457,40,0,0,2457,0,16,"25-29 "
868266,18,6991,13,2,6991,0,18,0,">65 "
868488,17,2690,22,0,2690,0,17,0,"45-49 "
868525,2,214,30,0,214,0,2,0,"40-44 "
868648,9,4167,11,0,0,4167,0,9,"45-49 "
868709,26,5040,12,0,0,5040,0,26,"35-39 "
868747,3,197,7,0,197,0,3,0,"30-34 "
868754,8,907,16,2,907,0,8,0,"45-49 "
869058,38,3342,3,1,1588,1754,23,15,"40-44 "
869287,4,339,43,0,339,0,4,0,"50-54 "
869300,34,4332,5,1,1800,2532,16,18,"30-34 "
869324,2,432,15,0,432,0,2,0,"35-39 "
869508,3,356,42,0,356,0,3,0,"35-39 "
869676,19,2337,13,1,2337,0,19,0,"45-49 "
871099,32,4327,10,1,4327,0,32,0,"25-29 "
871716,1,332,33,0,0,332,0,1,"55-59 "
871907,5,575,10,6,575,0,5,0,"50-54 "
873833,4,443,5,0,0,443,0,4,"60-64 "
874328,6,258,2,0,258,0,6,0,"35-39 "
874373,23,2002,31,0,2002,0,23,0,"35-39 "
874830,10,2705,20,0,2705,0,10,0,"35-39 "
875226,4,3828,30,0,3828,0,4,0,"30-34 "
877367,37,3313,4,0,2791,522,27,10,"30-34 "
877596,8,1268,11,0,0,1268,0,8,"40-44 "
877633,39,4882,4,1,3911,971,30,9,"40-44 "
877749,31,6105,28,0,531,5574,8,23,"35-39 "
877992,2,104,11,0,0,104,0,2,"60-64 "
878111,9,885,18,3,208,677,1,8,"60-64 "
878258,5,416,17,0,416,0,5,0,">65 "
878463,10,376,10,3,376,0,10,0,"60-64 "
878586,78,15328,4,0,13847,1481,62,16,"30-34 "
878685,4,1161,6,3,1161,0,4,0,">65 "
878968,2,5425,2,0,5425,0,2,0,"30-34 "
879125,15,1091,12,0,0,1091,0,15,"25-29 "
879477,5,4383,30,0,4383,0,5,0,"45-49 "
880015,34,2950,10,1,2595,355,29,5,"35-39 "
880237,5,766,18,0,0,766,0,5,"35-39 "
880909,3,2375,15,7,2375,0,3,0,"35-39 "
880923,95,38809,3,0,20541,18268,72,23,"40-44 "
880954,28,3399,13,1,3399,0,28,0,"40-44 "
881173,18,6562,18,0,0,6562,0,18,"25-29 "
881548,16,3211,19,1,0,3211,0,16,"40-44 "
881562,7,279,18,0,0,279,0,7,"45-49 "
881753,29,4288,4,1,3166,1122,19,10,"60-64 "
881814,11,4109,25,0,0,4109,0,11,">65 "
881951,9,1064,14,0,1064,0,9,0,"55-59 "
882132,19,8860,22,1,8622,238,15,4,"35-39 "
882163,7,602,15,0,602,0,7,0,"35-39 "
882491,13,2014,10,1,584,1430,8,5,"50-54 "
882514,44,16916,5,1,1309,15607,12,32,"35-39 "
882606,7,902,9,3,506,396,6,1,">65 "
882682,27,3656,5,1,472,3184,6,21,"30-34 "
882804,5,2094,19,4,1906,188,4,1,"40-44 "
882927,54,5969,15,0,1589,4380,23,31,"30-34 "
883276,17,2206,12,0,0,2206,0,17,"25-29 "
883344,8,908,14,3,870,38,6,2,"60-64 "
883627,3,183,19,0,0,183,0,3,"60-64 "
883689,20,1999,11,1,0,1999,0,20,"45-49 "
883733,26,3824,10,0,3824,0,26,0,"45-49 "
883795,52,6797,11,0,4490,2307,21,31,"40-44 "
884129,29,5999,5,1,4727,1272,21,8,">65 "
884242,8,478,9,4,478,0,8,0,">65 "
884310,16,1019,12,2,667,352,12,4,"40-44 "
884600,39,8715,2,1,5920,2795,27,12,"45-49 "
884693,8,1053,4,4,119,934,2,6,">65 "
885522,2,96,18,8,60,36,1,1,"40-44 "
885591,10,1973,11,2,1204,769,6,4,"40-44 "
885621,2,3044,4,0,0,3044,0,2,"25-29 "
885690,6,1141,7,4,145,996,1,5,"55-59 "
885881,11,2009,19,2,0,2009,0,11,"45-49 "
885973,28,8253,21,1,3554,4699,18,10,"30-34 "
885980,18,4201,19,0,0,4201,0,18,"35-39 "
886109,14,1028,14,0,196,832,1,13,"45-49 "
886185,8,5156,5,1,0,5156,0,8,"45-49 "
886383,34,5688,2,1,5688,0,34,0,"40-44 "
886628,14,2076,19,2,1539,537,11,3,"35-39 "
886666,17,1974,12,2,1759,215,16,1,"30-34 "
886987,7,1280,21,0,1280,0,7,0,"40-44 "
887236,16,2008,19,0,0,2008,0,16,"50-54 "
887267,3,1183,24,0,1183,0,3,0,"45-49 "
887380,21,5395,3,1,5395,0,21,0,"40-44 "
887410,21,4534,19,0,0,4534,0,21,"45-49 "
888400,3,451,22,3,391,60,2,1,"60-64 "
888486,43,4662,6,0,4662,0,43,0,"45-49 "
888950,5,643,13,0,643,0,5,0,"30-34 "
889193,17,4306,19,1,611,3695,6,11,"50-54 "
889285,21,1629,6,0,1629,0,21,0,"40-44 "
889612,1,36,12,0,0,36,0,1,"30-34 "
889636,55,14805,11,0,6182,8623,14,41,"25-29 "
889667,33,3963,4,1,2734,1229,30,3,"25-29 "
889735,18,7580,8,2,2360,5220,16,2,"50-54 "
889797,1,67,31,0,67,0,1,0,"45-49 "
889841,10,5038,22,1,2626,2412,6,4,"30-34 "
889865,28,4082,12,1,3371,711,27,1,"30-34 "
889919,15,1401,19,1,0,1401,0,15,"40-44 "
890489,8,2167,10,3,2167,0,8,0,"50-54 "
890502,2,432,10,0,432,0,2,0,"45-49 "
890557,41,2971,4,1,2009,962,21,20,"50-54 "
890816,9,917,19,2,77,840,2,7,"45-49 "
890847,13,2020,2,3,709,1311,5,8,">65 "
891127,15,3406,4,0,0,3406,0,15,"45-49 "
891301,1,396,6,0,396,0,1,0,"35-39 "
891653,8,2428,32,1,660,1768,5,3,"40-44 "
891691,68,11064,2,0,8420,2644,53,15,"45-49 "
891851,1,60,35,0,60,0,1,0,">65 "
893749,14,2100,2,3,781,1319,12,2,"60-64 "
893824,23,1986,35,0,1986,0,23,0,"35-39 "
894739,5,933,35,0,933,0,5,0,"40-44 "
895132,2,101,18,8,56,45,1,1,"35-39 "
895651,24,2854,4,2,1593,1261,12,12,"30-34 "
895675,1,36,3,0,36,0,1,0,"35-39 "
896085,7,587,25,0,0,587,0,7,"45-49 "
896115,2,611,14,0,611,0,2,0,"35-39 "
896702,2,814,13,0,814,0,2,0,"25-29 "
896986,3,300,7,0,300,0,3,0,"50-54 "
897075,41,2808,19,0,0,2808,0,41,"35-39 "
897105,5,1615,10,5,1615,0,5,0,">65 "
897143,13,4861,5,1,0,4861,0,13,"45-49 "
897150,7,4050,3,1,263,3787,3,4,"55-59 "
897358,1,456,5,0,0,456,0,1,"55-59 "
897365,7,948,41,0,948,0,7,0,"40-44 "
897372,21,2651,7,0,2651,0,21,0,"45-49 "
897679,31,7797,14,1,6625,1172,24,7,"25-29 "
897716,40,5112,2,1,1082,4030,7,33,">65 "
897907,17,1216,6,2,1216,0,17,0,">65 "
898409,12,2135,10,1,1463,672,9,3,"40-44 "
898508,13,4574,26,0,0,4574,0,13,"30-34 "
898522,8,1324,2,2,538,786,3,5,"35-39 "
898584,25,2718,33,0,1854,864,19,6,"45-49 "
898607,17,2910,19,0,0,2910,0,17,"30-34 "
898690,3,116,8,0,116,0,3,0,"35-39 "
898713,39,2993,11,1,1010,1983,9,30,"35-39 "
898737,26,3587,2,2,3587,0,26,0,"40-44 "
898799,12,23421,5,0,0,23421,0,12,"30-34 "
898935,7,4651,15,3,4542,109,6,1,">65 "
899307,10,918,18,0,0,918,0,10,"40-44 "
899468,43,6920,7,1,5964,956,29,14,"45-49 "
899505,8,1384,19,2,60,1324,1,7,">65 "
899543,15,912,17,1,912,0,15,0,"45-49 "
899734,9,962,42,0,962,0,9,0,"40-44 "
899741,20,1437,7,1,871,566,14,6,">65 "
899796,5,985,2,7,985,0,5,0,"45-49 "
899802,1,36,22,0,36,0,1,0,"55-59 "
899871,11,1274,9,3,1274,0,11,0,">65 "
900195,3,4845,20,0,4845,0,3,0,">65 "
900355,2,1090,25,0,0,1090,0,2,"35-39 "
900386,2,592,32,0,0,592,0,2,"30-34 "
900393,27,3589,26,0,0,3589,0,27,"25-29 "
900416,23,5780,25,1,2073,3707,11,12,"45-49 "
900423,2,6147,7,7,6147,0,2,0,"35-39 "
900447,5,327,32,0,0,327,0,5,">65 "
900515,12,1075,5,1,604,471,7,5,"40-44 "
900522,7,994,27,0,994,0,7,0,"25-29 "
900614,16,4619,11,0,0,4619,0,16,"40-44 "
900638,87,15141,3,0,14285,856,73,14,"30-34 "
900645,1,68,15,0,68,0,1,0,"40-44 "
900676,71,7804,17,0,3992,3812,35,36,"40-44 "
900898,18,6852,8,0,6852,0,18,0,"30-34 "
900942,3,136,25,0,0,136,0,3,"45-49 "
900997,7,288,25,0,0,288,0,7,"30-34 "
901086,5,13769,39,0,0,13769,0,5,"30-34 "
901116,18,1658,5,2,1579,79,17,1,"35-39 "
901406,25,7456,10,1,7456,0,25,0,"40-44 "
901413,46,3602,2,1,2536,1066,31,15,">65 "
901529,32,4059,17,1,1750,2309,15,17,"35-39 "
901604,8,1224,4,4,836,388,6,2,"30-34 "
901833,5,493,4,0,0,493,0,5,"45-49 "
901840,7,1379,5,0,0,1379,0,7,"50-54 "
901918,6,1008,7,2,173,835,3,3,"50-54 "
901987,3,579,13,0,579,0,3,0,"45-49 "
902038,8,2257,19,2,0,2257,0,8,"60-64 "
902076,6,235,12,4,0,235,0,6,">65 "
902090,2,69,2,15,9,60,1,1,"40-44 "
902144,15,1780,2,1,1508,272,7,8,"<25 "
902229,26,3698,4,0,2392,1306,14,12,"35-39 "
902267,2,47,17,0,47,0,2,0,"50-54 "
902304,5,1417,16,0,1417,0,5,0,"50-54 "
902311,5,286,36,0,286,0,5,0,"45-49 "
902540,13,1376,2,2,883,493,6,7,"40-44 "
902748,5,607,21,3,607,0,5,0,"40-44 "
902755,7,1558,19,2,60,1498,1,6,"40-44 "
902878,20,2117,18,1,0,2117,0,20,"30-34 "
903042,3,327,42,0,327,0,3,0,"25-29 "
903080,1,45,26,0,0,45,0,1,"30-34 "
903356,53,8222,10,1,4252,3970,31,22,"35-39 "
903363,20,2191,26,1,342,1849,6,14,"45-49 "
903974,22,5968,14,1,5254,714,14,8,"55-59 "
904018,13,2082,10,2,2082,0,13,0,"25-29 "
904025,6,1022,27,2,1022,0,6,0,">65 "
904094,22,1452,4,0,1085,367,15,7,"40-44 "
904223,10,1845,18,0,0,1845,0,10,"35-39 "
904292,1,60,33,0,0,60,0,1,"35-39 "
904391,29,3658,10,1,1651,2007,18,11,"45-49 "
904421,17,3460,3,2,667,2793,7,10,"40-44 "
904438,18,4685,16,1,4685,0,18,0,"40-44 "
904445,108,13347,6,0,8369,4978,72,36,"30-34 "
904483,2,835,19,11,456,379,1,1,"30-34 "
904506,1,236,9,0,236,0,1,0,"60-64 "
904551,13,2851,14,0,1462,1389,6,7,"45-49 "
904582,2,566,38,0,566,0,2,0,">65 "
904766,3,983,19,0,0,983,0,3,"30-34 "
904971,15,1571,16,1,1571,0,15,0,">65 "
904988,2,159,41,0,159,0,2,0,"<25 "
905077,17,1228,16,0,1228,0,17,0,"35-39 "
905084,6,821,31,2,821,0,6,0,"40-44 "
905091,17,2955,18,0,0,2955,0,17,"35-39 "
905114,6,345,22,0,345,0,6,0,"55-59 "
905176,7,894,34,1,60,834,1,6,"60-64 "
905244,11,2011,21,0,2011,0,11,0,"40-44 "
905275,28,3247,18,1,0,3247,0,28,"35-39 "
905404,17,2042,15,1,2042,0,17,0,"40-44 "
905558,19,3430,28,1,1824,1606,10,9,"40-44 "
905565,3,423,38,0,423,0,3,0,"25-29 "
905602,20,1902,4,1,0,1902,0,20,"35-39 "
905657,9,825,23,0,825,0,9,0,"30-34 "
905664,67,13792,5,1,3801,9991,18,49,"35-39 "
905787,2,164,22,0,164,0,2,0,"35-39 "
905930,42,7479,12,1,5946,1533,34,8,"55-59 "
905954,24,3127,4,1,2089,1038,18,6,"40-44 "
906050,8,5526,3,4,204,5322,4,4,"55-59 "
906265,42,5802,6,1,5802,0,42,0,"35-39 "
906319,5,635,5,0,0,635,0,5,"55-59 "
906388,3,866,14,0,866,0,3,0,"35-39 "
906456,28,3713,4,1,1328,2385,14,14,"25-29 "
906463,7,1964,2,5,1964,0,7,0,"55-59 "
906487,9,907,17,0,907,0,9,0,"30-34 "
906500,6,146,20,0,146,0,6,0,"60-64 "
906715,3,812,12,0,36,776,1,2,"40-44 "
906739,12,2003,9,2,2003,0,12,0,"55-59 "
906784,7,1082,10,4,289,793,3,4,"45-49 "
906920,80,11606,25,0,0,11606,0,80,"40-44 "
906944,12,3044,12,0,0,3044,0,12,"25-29 "
906968,13,19869,33,0,733,19136,12,1,"40-44 "
907033,20,2111,6,2,1944,167,18,2,"30-34 "
907101,7,950,9,1,950,0,7,0,"30-34 "
907248,25,80588,6,1,80150,438,21,4,"35-39 "
907316,31,2820,20,1,2820,0,31,0,"40-44 "
907378,43,9822,11,1,5767,4055,13,30,"30-34 "
907385,12,820,19,0,0,820,0,12,"50-54 "
907439,10,1099,22,0,1099,0,10,0,"40-44 "
907576,16,2165,10,1,1578,587,10,6,"40-44 "
907606,77,9087,3,0,7633,1454,57,20,"30-34 "
907613,1,168,35,0,168,0,1,0,"55-59 "
907637,2,3044,14,0,3044,0,2,0,"35-39 "
907750,16,2764,16,1,898,1866,5,11,"35-39 "
907811,14,1174,4,3,799,375,9,5,"60-64 "
907828,23,3931,18,1,0,3931,0,23,"30-34 "
907873,12,898,2,0,898,0,12,0,"40-44 "
908108,5,548,12,0,0,548,0,5,"30-34 "
908283,13,1302,12,0,0,1302,0,13,"45-49 "
908535,5,1095,13,0,1095,0,5,0,"35-39 "
908610,12,3872,4,1,222,3650,3,9,"60-64 "
908634,8,1781,38,0,1781,0,8,0,"40-44 "
908900,1,89,26,0,0,89,0,1,"50-54 "
909099,53,11562,16,0,11562,0,53,0,">65 "
909174,15,4324,4,0,0,4324,0,15,"30-34 "
909273,6,565,15,3,398,167,2,4,">65 "
909280,9,2867,36,1,2867,0,9,0,">65 "
909297,13,2430,27,0,2430,0,13,0,">65 "
909303,17,1072,13,2,1072,0,17,0,">65 "
909327,35,6232,14,1,5401,831,29,6,"30-34 "
909334,19,1452,37,0,1452,0,19,0,">65 "
909457,6,824,16,0,824,0,6,0,">65 "
909952,6,599,41,0,599,0,6,0,"40-44 "
910057,26,5124,7,1,2415,2709,15,11,"60-64 "
910101,5,608,21,0,608,0,5,0,"45-49 "
910163,6,1619,11,0,0,1619,0,6,"35-39 "
910231,6,1834,34,0,1834,0,6,0,"35-39 "
910316,7,3190,18,0,0,3190,0,7,"45-49 "
910378,77,13215,4,0,1039,12176,11,66,">65 "
910606,3,6853,18,0,0,6853,0,3,"55-59 "
911061,33,11081,22,0,1676,9405,15,18,"30-34 "
911245,3,2008,17,0,2008,0,3,0,"45-49 "
911306,3,4979,42,0,4979,0,3,0,">65 "
911344,1,49,11,0,0,49,0,1,"30-34 "
911375,10,359,19,0,0,359,0,10,"25-29 "
911429,7,1699,28,1,1699,0,7,0,"40-44 "
911443,4,171,22,0,171,0,4,0,"40-44 "
911474,8,1326,4,4,0,1326,0,8,"25-29 "
911665,20,13262,13,1,12850,412,16,4,"50-54 "
911726,1,59,32,0,0,59,0,1,"50-54 "
911771,6,715,19,0,0,715,0,6,"45-49 "
911863,14,2728,5,3,1870,858,10,4,"50-54 "
911955,14,1024,24,1,881,143,13,1,"35-39 "
912037,2,860,33,0,0,860,0,2,">65 "
912174,9,869,9,0,869,0,9,0,"40-44 "
912273,12,1008,10,2,1008,0,12,0,"45-49 "
912396,21,4859,7,1,4859,0,21,0,"40-44 "
912488,42,2940,4,1,278,2662,6,36,"30-34 "
912495,3,156,19,0,0,156,0,3,"25-29 "
912600,1,145,35,0,145,0,1,0,"35-39 "
912792,26,6520,4,0,466,6054,6,20,"40-44 "
912877,52,8576,3,1,7759,817,49,3,"35-39 "
912907,2,360,39,0,0,360,0,2,"50-54 "
912990,4,328,33,0,0,328,0,4,"55-59 "
913027,13,1017,10,2,1017,0,13,0,"55-59 "
913263,53,10162,2,1,6071,4091,32,21,"50-54 "
913355,1,23,14,0,23,0,1,0,">65 "
913386,31,2267,7,1,1094,1173,16,15,"45-49 "
913430,4,3569,19,0,0,3569,0,4,"25-29 "
913447,12,1040,5,3,515,525,7,5,"35-39 "
913577,18,2149,5,0,0,2149,0,18,"45-49 "
913638,46,4904,11,1,1359,3545,8,38,"40-44 "
913751,15,1513,35,0,1513,0,15,0,"40-44 "
913850,25,3044,24,1,3044,0,25,0,"30-34 "
914116,37,7577,20,0,1427,6150,15,22,">65 "
914123,11,829,2,3,396,433,4,7,"40-44 "
914154,5,2107,11,0,0,2107,0,5,"35-39 "
914208,22,2390,9,1,2171,219,17,5,"35-39 "
914260,16,5547,10,1,4704,843,8,8,"40-44 "
914635,2,456,21,6,396,60,1,1,"55-59 "
914840,22,3032,2,2,1593,1439,9,13,"45-49 "
914925,22,2453,3,2,2453,0,22,0,"30-34 "
915014,6,226,31,0,226,0,6,0,">65 "
915168,4,511,4,0,0,511,0,4,"40-44 "
915236,2,456,18,8,60,396,1,1,">65 "
915328,4,632,42,0,632,0,4,0,"25-29 "
915335,42,11183,7,1,6118,5065,14,28,"55-59 "
915397,80,13957,6,0,10663,3294,59,21,"35-39 "
915434,23,8594,5,1,4189,4405,11,12,"30-34 "
915502,2,456,18,8,60,396,1,1,">65 "
915557,26,7183,6,1,7183,0,26,0,"50-54 "
915632,1,60,34,0,60,0,1,0,">65 "
915878,12,2162,8,1,539,1623,3,9,"25-29 "
915885,5,516,39,0,0,516,0,5,"60-64 "
915892,31,7657,3,1,5982,1675,24,7,">65 "
915908,2,431,16,0,431,0,2,0,"40-44 "
915977,1,440,40,0,0,440,0,1,"45-49 "
916196,8,2058,27,1,531,1527,3,5,"50-54 "
916233,7,535,17,3,535,0,7,0,"45-49 "
916264,38,5759,3,1,3346,2413,19,19,"40-44 "
916301,36,5233,4,1,2671,2562,17,19,"45-49 "
916325,26,2865,7,1,2264,601,21,5,"45-49 "
916509,11,1011,11,0,0,1011,0,11,"35-39 "
916578,1,119,24,0,119,0,1,0,">65 "
916615,9,995,11,0,0,995,0,9,"30-34 "
916691,17,2000,11,1,1559,441,10,7,"40-44 "
916707,4,1579,15,6,1579,0,4,0,"50-54 "
916899,5,650,34,0,650,0,5,0,"45-49 "
917124,2,664,3,0,664,0,2,0,">65 "
917179,1,339,4,0,0,339,0,1,"35-39 "
917292,91,7435,3,0,6183,1252,71,20,"30-34 "
917391,8,489,14,3,489,0,8,0,"25-29 "
917414,11,756,36,0,756,0,11,0,"25-29 "
917452,11,1281,4,0,0,1281,0,11,"40-44 "
917476,27,3772,26,0,0,3772,0,27,"25-29 "
917520,2,635,6,0,635,0,2,0,"30-34 "
917582,12,1032,5,0,0,1032,0,12,"45-49 "
917605,26,2247,23,1,2187,60,24,2,"30-34 "
917629,25,5033,11,1,3939,1094,22,3,"30-34 "
917667,6,426,30,1,426,0,6,0,"50-54 "
917674,41,2610,3,1,1943,667,32,9,"40-44 "
918947,2,3661,18,0,0,3661,0,2,"30-34 "
919265,1,60,35,0,60,0,1,0,"30-34 "
919289,2,96,14,10,96,0,2,0,"30-34 "
919340,31,2634,11,1,1055,1579,10,21,"40-44 "
919357,26,14884,23,0,14749,135,23,3,"60-64 "
919425,26,2029,21,1,2029,0,26,0,"25-29 "
919555,1,39,25,0,0,39,0,1,">65 "
919814,8,855,20,0,855,0,8,0,"40-44 "
919852,24,2456,8,0,1922,534,16,8,"35-39 "
919937,46,28177,11,1,16212,11965,21,25,"40-44 "
920056,14,701,8,0,701,0,14,0,"35-39 "
920155,21,19131,25,0,0,19131,0,21,"50-54 "
920193,5,558,16,0,558,0,5,0,">65 "
920308,145,35696,3,0,21054,14642,107,38,"50-54 "
920315,1,60,34,0,60,0,1,0,"50-54 "
920353,1,60,34,0,60,0,1,0,"50-54 "
920407,10,7572,25,2,587,6985,5,5,"40-44 "
920490,36,6181,10,1,6181,0,36,0,"35-39 "
920568,11,2091,3,2,1082,1009,8,3,"25-29 "
920599,5,1200,24,0,1200,0,5,0,"25-29 "
920636,11,3497,5,0,0,3497,0,11,"30-34 "
920650,6,1853,14,0,1853,0,6,0,"25-29 "
920667,2,342,41,0,342,0,2,0,"45-49 "
920896,11,1270,38,0,1270,0,11,0,"<25 "
920902,2,121,6,0,121,0,2,0,"50-54 "
920933,13,1231,4,2,38,1193,1,12,"40-44 "
920971,69,11486,8,0,6733,4753,43,26,"40-44 "
921299,35,5260,5,0,0,5260,0,35,"40-44 "
921343,7,1980,33,0,0,1980,0,7,"50-54 "
921435,14,6415,23,1,3941,2474,8,6,"30-34 "
921480,9,719,2,3,624,95,7,2,"45-49 "
921527,10,2249,18,1,545,1704,3,7,"25-29 "
921596,56,4523,9,0,4523,0,56,0,"25-29 "
921688,52,4531,4,1,1671,2860,26,26,"30-34 "
921695,2,288,4,0,0,288,0,2,"50-54 "
921725,12,1351,4,0,0,1351,0,12,"55-59 "
921732,20,1563,42,0,1563,0,20,0,"25-29 "
921763,9,2089,17,2,2089,0,9,0,"25-29 "
921787,3,624,4,0,0,624,0,3,"50-54 "
921916,11,1077,5,0,0,1077,0,11,"35-39 "
921930,46,4302,3,1,2627,1675,20,26,"45-49 "
921961,9,992,11,1,639,353,7,2,"60-64 "
921985,56,4635,14,0,1500,3135,25,31,"40-44 "
922050,15,3170,12,2,1886,1284,6,9,">65 "
922067,6,778,29,0,778,0,6,0,"30-34 "
922210,16,1185,18,0,0,1185,0,16,"40-44 "
922364,5,389,22,0,389,0,5,0,"35-39 "
922456,4,212,28,0,212,0,4,0,"40-44 "
922470,9,2829,2,0,2149,680,4,5,"45-49 "
922494,12,1181,37,0,1181,0,12,0,"50-54 "
922500,12,2270,21,1,2270,0,12,0,">65 "
922579,36,16337,6,1,16337,0,36,0,">65 "
922609,13,2947,21,2,2947,0,13,0,"35-39 "
922647,28,6764,19,0,0,6764,0,28,"40-44 "
922746,13,1577,13,2,1577,0,13,0,"45-49 "
922869,10,5141,17,2,5141,0,10,0,"35-39 "
922890,15,6304,12,1,6245,59,14,1,"45-49 "
922999,18,1401,40,0,0,1401,0,18,"30-34 "
923163,5,729,19,2,691,38,4,1,"45-49 "
923347,13,1099,23,0,1099,0,13,0,"55-59 "
923422,42,4861,27,0,2753,2108,25,17,"35-39 "
923446,40,5394,5,1,0,5394,0,40,"30-34 "
923583,14,1698,5,1,0,1698,0,14,"60-64 "
923873,6,293,20,3,293,0,6,0,"30-34 "
923897,5,822,33,0,0,822,0,5,"55-59 "
923910,29,1291,5,1,129,1162,3,26,"<25 "
923927,2,190,16,0,190,0,2,0,"45-49 "
924023,75,17194,3,0,17194,0,75,0,"30-34 "
924221,2,508,2,0,508,0,2,0,"50-54 "
924245,9,2126,3,0,2126,0,9,0,"40-44 "
924252,6,2139,23,0,2139,0,6,0,"45-49 "
924276,5,994,4,0,0,994,0,5,"30-34 "
924351,3,197,33,0,0,197,0,3,"45-49 "
924368,22,1635,6,1,1635,0,22,0,"55-59 "
924382,14,2454,5,2,1794,660,11,3,"40-44 "
924399,5,497,5,0,0,497,0,5,"40-44 "
924405,60,4880,10,1,3100,1780,37,23,"40-44 "
924443,15,1676,15,0,1676,0,15,0,"40-44 "
924474,42,4811,10,1,4040,771,36,6,"45-49 "
924573,3,3238,37,0,3238,0,3,0,"45-49 "
924597,15,2572,4,2,382,2190,7,8,"35-39 "
924641,15,932,6,1,932,0,15,0,"30-34 "
924733,17,2046,5,2,422,1624,5,12,"50-54 "
924740,29,2630,4,1,1520,1110,17,12,"30-34 "
924801,11,1337,19,1,0,1337,0,11,"45-49 "
924887,47,6236,7,1,4647,1589,38,9,"35-39 "
924993,10,1885,20,0,1885,0,10,0,"45-49 "
925013,16,5285,16,1,1808,3477,5,11,">65 "
925037,9,3850,40,0,0,3850,0,9,"25-29 "
925044,14,2476,11,0,0,2476,0,14,"35-39 "
925143,3,559,37,0,559,0,3,0,"35-39 "
925365,26,2560,17,1,1845,715,17,9,"35-39 "
925402,31,3739,15,1,2946,793,20,11,"35-39 "
925433,5,507,15,0,507,0,5,0,"50-54 "
925471,1,42,7,0,42,0,1,0,"60-64 "
925488,3,306,6,0,306,0,3,0,">65 "
925501,6,1139,4,0,0,1139,0,6,"45-49 "
925549,8,1581,7,4,1425,156,6,2,"45-49 "
925594,4,821,20,0,821,0,4,0,"30-34 "
925600,23,2413,12,1,1875,538,15,8,"55-59 "
925617,7,388,10,0,388,0,7,0,"25-29 "
925679,19,1141,16,1,1141,0,19,0,"40-44 "
925709,26,2751,9,1,2149,602,20,6,"35-39 "
925815,5,355,25,0,0,355,0,5,"30-34 "
925822,7,578,31,0,578,0,7,0,"35-39 "
925860,12,1666,38,0,1666,0,12,0,"40-44 "
926003,14,1965,11,0,0,1965,0,14,"35-39 "
926089,3,452,17,0,452,0,3,0,"30-34 "
926140,18,3520,18,1,969,2551,8,10,"35-39 "
926164,20,3972,7,0,3972,0,20,0,"30-34 "
926171,8,464,33,0,0,464,0,8,"35-39 "
926324,6,302,19,0,0,302,0,6,"35-39 "
926348,5,640,11,0,0,640,0,5,"30-34 "
926379,43,4448,14,1,872,3576,14,29,"35-39 "
926638,19,4568,11,0,0,4568,0,19,"35-39 "
926645,3,222,8,0,222,0,3,0,">65 "
926713,5,663,16,5,663,0,5,0,"55-59 "
926720,1,396,10,0,396,0,1,0,"30-34 "
926768,10,1100,4,4,756,344,5,5,">65 "
926867,15,1994,18,1,344,1650,2,13,"25-29 "
926935,9,475,30,0,475,0,9,0,">65 "
926973,25,15576,15,1,15576,0,25,0,"35-39 "
926997,7,283,32,0,0,283,0,7,"60-64 "
927093,5,1127,28,1,1127,0,5,0,"45-49 "
927543,9,896,20,0,896,0,9,0,">65 "
927628,3,376,35,0,376,0,3,0,"40-44 "
927642,2,173,8,0,173,0,2,0,"40-44 "
927871,3,1097,24,0,1097,0,3,0,"30-34 "
928076,11,1664,15,0,1664,0,11,0,"25-29 "
928106,7,501,33,0,0,501,0,7,"30-34 "
928144,29,4997,6,1,3941,1056,15,14,"25-29 "
928229,8,763,2,0,763,0,8,0,"25-29 "
928250,8,1357,9,4,1219,138,6,2,"30-34 "
928595,15,1267,18,1,991,276,13,2,"50-54 "
928649,11,1033,21,1,1033,0,11,0,"35-39 "
928724,71,9040,2,1,6656,2384,38,33,"40-44 "
928922,19,2284,21,0,2284,0,19,0,"40-44 "
929066,6,1220,18,0,0,1220,0,6,"50-54 "
929103,17,1785,11,0,0,1785,0,17,"35-39 "
929141,7,675,1,5,675,0,7,0,"40-44 "
929202,16,1500,7,2,1500,0,16,0,"60-64 "
929219,3,165,4,0,0,165,0,3,"45-49 "
929271,1,118,6,0,118,0,1,0,"45-49 "
929431,3,1596,12,8,1557,39,2,1,"35-39 "
929585,13,917,12,0,0,917,0,13,"45-49 "
929707,27,3096,25,0,1146,1950,8,19,">65 "
929813,31,3735,4,1,2661,1074,23,8,"40-44 "
929950,15,1909,5,1,580,1329,5,10,"55-59 "
930079,2,614,39,0,0,614,0,2,">65 "
930178,26,5879,5,1,0,5879,0,26,"30-34 "
930307,68,7042,2,1,5944,1098,51,17,"45-49 "
930543,15,4204,11,2,1938,2266,8,7,"55-59 "
930574,10,12765,4,3,9467,3298,2,8,"25-29 "
930642,1,405,10,0,405,0,1,0,"40-44 "
930758,1,60,34,0,60,0,1,0,"50-54 "
930802,21,8810,15,1,8810,0,21,0,"45-49 "
930819,11,1353,14,2,996,357,6,5,"25-29 "
931038,9,1514,2,1,679,835,2,7,"<25 "
931182,2,5677,12,0,0,5677,0,2,">65 "
931212,41,4503,13,0,4503,0,41,0,"35-39 "
931281,47,7363,21,0,7363,0,47,0,"40-44 "
931328,32,5707,12,1,4318,1389,13,19,"30-34 "
931335,2,141,4,0,0,141,0,2,"55-59 "
931366,7,1102,34,1,421,681,4,3,">65 "
931465,24,2533,18,1,512,2021,10,14,"25-29 "
931618,10,4352,4,4,3941,411,7,3,"45-49 "
931649,25,6515,5,0,1292,5223,14,11,"40-44 "
931809,1,42,40,0,0,42,0,1,"30-34 "
931830,3,518,16,0,518,0,3,0,">65 "
932028,1,60,35,0,60,0,1,0,">65 "
932042,23,2921,16,1,2921,0,23,0,"25-29 "
932080,6,439,38,0,439,0,6,0,"35-39 "
932363,30,9000,19,0,0,9000,0,30,"30-34 "
932974,20,3939,25,1,2662,1277,11,9,">65 "
933070,25,16731,3,1,8871,7860,16,9,"35-39 "
933421,15,1258,18,0,0,1258,0,15,"35-39 "
933438,2,124,35,0,124,0,2,0,"35-39 "
933629,12,3173,39,0,0,3173,0,12,">65 "
933780,1,60,35,0,60,0,1,0,"50-54 "
933889,4,722,18,4,155,567,2,2,"30-34 "
933988,17,2196,18,1,899,1297,2,15,"60-64 "
934206,2,301,42,0,301,0,2,0,">65 "
934244,4,243,15,0,243,0,4,0,"45-49 "
934367,1,60,34,0,60,0,1,0,"45-49 "
934473,5,736,30,1,736,0,5,0,">65 "
934572,20,6603,33,0,0,6603,0,20,"35-39 "
934688,19,4599,14,1,4599,0,19,0,"50-54 "
934756,49,5094,4,1,2241,2853,29,20,"45-49 "
934862,61,5602,8,0,4016,1586,41,20,"40-44 "
935111,12,1092,25,1,366,726,6,6,"60-64 "
935135,6,618,24,0,618,0,6,0,">65 "
935142,4,214,19,0,0,214,0,4,"45-49 "
935227,2,345,20,0,345,0,2,0,"60-64 "
935456,7,2206,1,4,676,1530,3,4,">65 "
935500,21,7000,13,1,3526,3474,8,13,"35-39 "
935579,1,49,25,0,0,49,0,1,"30-34 "
935623,31,5203,3,1,5203,0,31,0,"40-44 "
935630,8,735,4,0,0,735,0,8,"30-34 "
935739,2,347,26,8,248,99,1,1,"40-44 "
936057,12,614,23,0,614,0,12,0,"35-39 "
936071,3,421,33,0,0,421,0,3,"35-39 "
936224,26,1567,18,1,340,1227,7,19,"40-44 "
936460,4,173,13,0,173,0,4,0,"35-39 "
936477,9,435,4,2,0,435,0,9,"35-39 "
936675,25,4977,25,1,0,4977,0,25,"40-44 "
936682,1,149,15,0,149,0,1,0,"25-29 "
937115,16,1920,4,2,1058,862,10,6,"35-39 "
937207,9,2423,19,1,398,2025,2,7,"30-34 "
937436,4,470,36,0,470,0,4,0,">65 "
937474,6,203,16,3,203,0,6,0,"55-59 "
937498,2,505,15,0,505,0,2,0,"30-34 "
937504,4,954,42,0,954,0,4,0,"30-34 "
937511,3,248,33,0,0,248,0,3,"50-54 "
937535,7,366,17,3,366,0,7,0,">65 "
937542,68,7148,9,0,7148,0,68,0,"40-44 "
937573,14,6447,5,2,294,6153,1,13,"35-39 "
937788,21,2124,21,0,2124,0,21,0,"35-39 "
937832,31,10868,2,0,4479,6389,25,6,"40-44 "
937955,12,1637,21,0,1637,0,12,0,"35-39 "
938112,4,305,21,4,305,0,4,0,"35-39 "
938457,20,2432,25,0,0,2432,0,20,"40-44 "
938488,34,5475,9,1,4176,1299,17,17,"35-39 "
938570,2,96,21,7,96,0,2,0,"40-44 "
938600,16,1833,17,2,1020,813,11,5,"35-39 "
938846,18,5462,20,1,5462,0,18,0,"55-59 "
939027,10,2143,4,0,0,2143,0,10,"50-54 "
939744,7,647,31,0,587,60,6,1,">65 "
939782,7,482,25,1,0,482,0,7,">65 "
939881,4,626,19,1,413,213,2,2,"50-54 "
940115,21,2417,39,0,0,2417,0,21,">65 "
940627,12,2544,2,3,1880,664,6,6,"45-49 "
940658,3,680,4,0,0,680,0,3,"40-44 "
941167,20,1048,3,2,1048,0,20,0,"35-39 "
941297,10,1536,4,0,0,1536,0,10,"40-44 "
941440,75,8685,5,0,2492,6193,26,49,"35-39 "
941457,1,3120,27,0,3120,0,1,0,"30-34 "
941648,15,3388,15,1,2905,483,8,7,">65 "
941754,5,647,11,2,339,308,3,2,"35-39 "
941884,13,738,20,1,678,60,12,1,"40-44 "
941945,11,1636,11,1,0,1636,0,11,"40-44 "
942218,34,3037,26,0,1861,1176,17,17,"40-44 "
942294,15,1918,3,2,1918,0,15,0,"30-34 "
942393,44,4892,4,1,2687,2205,29,15,"55-59 "
942515,5,264,30,1,264,0,5,0,"35-39 "
942560,5,630,32,0,0,630,0,5,"30-34 "
942584,1,396,20,0,396,0,1,0,">65 "
942607,6,659,12,3,137,522,2,4,"40-44 "
942621,7,1228,39,0,0,1228,0,7,"40-44 "
942706,26,5489,4,0,0,5489,0,26,"35-39 "
942799,52,6015,4,0,0,6015,0,52,"35-39 "
942904,2,63,12,0,0,63,0,2,">65 "
943109,16,1537,12,0,0,1537,0,16,"50-54 "
943222,8,1642,17,0,1642,0,8,0,"35-39 "
943284,78,16275,4,0,8039,8236,61,17,"35-39 "
943611,14,1190,22,1,1190,0,14,0,">65 "
943796,1,396,20,0,396,0,1,0,">65 "
943819,38,8076,18,1,7432,644,31,7,"25-29 "
944090,18,3057,4,1,1698,1359,12,6,"40-44 "
944212,6,729,34,0,729,0,6,0,"30-34 "
944250,6,334,36,0,43,291,1,5,"35-39 "
944342,3,144,40,0,0,144,0,3,"<25 "
944403,10,1178,12,1,0,1178,0,10,"55-59 "
944540,33,4265,5,1,1110,3155,13,20,"40-44 "
944571,15,4161,2,1,475,3686,3,12,"50-54 "
944595,15,2440,3,1,1484,956,3,12,"40-44 "
944663,16,5666,11,2,604,5062,7,9,"45-49 "
944793,22,5749,7,0,5749,0,22,0,"40-44 "
945028,4,482,39,0,0,482,0,4,"40-44 "
945202,4,319,7,0,319,0,4,0,"25-29 "
945462,2,3847,19,0,0,3847,0,2,">65 "
945554,39,5837,2,1,5837,0,39,0,">65 "
945592,35,3199,12,1,0,3199,0,35,"50-54 "
945844,26,3771,11,0,0,3771,0,26,"40-44 "
946223,13,1496,9,1,1496,0,13,0,">65 "
946544,5,843,38,0,843,0,5,0,"55-59 "
946698,25,10857,33,0,0,10857,0,25,"40-44 "
946919,1,79,23,0,79,0,1,0,"50-54 "
946971,2,1707,21,0,1707,0,2,0,">65 "
947213,2,495,9,0,495,0,2,0,"40-44 "
947596,21,1948,4,1,1240,708,14,7,">65 "
947985,26,3745,12,1,190,3555,2,24,"35-39 "
948036,11,1432,12,0,0,1432,0,11,"45-49 "
948098,31,4537,3,0,40,4497,2,29,"50-54 "
948128,7,1134,22,0,1134,0,7,0,">65 "
948364,41,3255,4,1,546,2709,14,27,"60-64 "
948401,38,4149,6,1,1029,3120,15,23,"40-44 "
948432,4,6568,32,0,0,6568,0,4,">65 "
948555,13,1314,32,1,0,1314,0,13,"<25 "
948579,2,696,36,0,696,0,2,0,">65 "
948821,18,1135,12,2,997,138,15,3,"30-34 "
948852,82,16240,11,0,14884,1356,72,10,"30-34 "
949286,3,947,40,0,0,947,0,3,">65 "
949507,5,591,2,0,591,0,5,0,"35-39 "
949576,26,11318,29,0,11318,0,26,0,">65 "
949583,6,1002,21,0,1002,0,6,0,">65 "
950121,11,2418,26,0,0,2418,0,11,"55-59 "
950138,14,1214,5,2,0,1214,0,14,"25-29 "
950145,32,4970,11,1,1715,3255,8,24,"45-49 "
950169,15,2424,10,0,2424,0,15,0,"30-34 "
950190,21,2719,25,0,0,2719,0,21,">65 "
950411,10,653,21,1,653,0,10,0,"45-49 "
950442,31,4587,17,1,2927,1660,14,17,"40-44 "
950473,15,1413,4,1,27,1386,1,14,"45-49 "
950527,39,2765,12,1,852,1913,16,23,"45-49 "
950565,74,7650,3,1,6142,1508,59,15,"40-44 "
950749,13,1300,16,2,1300,0,13,0,"35-39 "
950763,7,1112,32,0,0,1112,0,7,">65 "
950817,2,669,32,0,0,669,0,2,"<25 "
950855,16,2156,4,0,0,2156,0,16,"30-34 "
950923,3,988,5,3,789,199,2,1,"<25 "
951319,40,4274,6,1,1280,2994,13,27,"60-64 "
951326,18,7861,9,2,7861,0,18,0,"45-49 "
951777,5,432,40,0,0,432,0,5,"40-44 "
951913,3,3810,3,0,3810,0,3,0,"50-54 "
951937,3,1419,11,0,0,1419,0,3,"30-34 "
952071,11,3056,18,0,0,3056,0,11,"55-59 "
952309,20,3392,26,1,2790,602,10,10,"25-29 "
952323,17,3070,6,2,3070,0,17,0,"25-29 "
952477,23,4129,7,1,2779,1350,15,8,"50-54 "
952491,13,1550,18,0,0,1550,0,13,"30-34 "
952507,4,610,35,0,610,0,4,0,"35-39 "
952521,42,11105,18,0,0,11105,0,42,"35-39 "
952675,9,2124,19,2,268,1856,2,7,"30-34 "
952712,4,342,42,0,342,0,4,0,"<25 "
952750,5,863,2,0,863,0,5,0,"40-44 "
952798,11,2097,15,2,2097,0,11,0,"35-39 "
952804,2,1296,20,0,1296,0,2,0,"40-44 "
952934,14,7001,4,2,6812,189,12,2,"30-34 "
954006,5,3354,19,0,0,3354,0,5,"30-34 "
954044,14,1298,5,0,0,1298,0,14,"55-59 "
954082,6,2130,17,0,2130,0,6,0,">65 "
954259,8,1400,2,1,1400,0,8,0,"55-59 "
954419,4,188,2,0,188,0,4,0,">65 "
954426,3,285,25,0,0,285,0,3,"45-49 "
954518,11,5758,25,0,0,5758,0,11,"60-64 "
954594,7,715,2,0,715,0,7,0,"35-39 "
954884,8,1200,5,0,0,1200,0,8,"50-54 "
954921,7,413,11,0,0,413,0,7,"45-49 "
955003,58,6369,4,1,2518,3851,18,40,"25-29 "
955027,1,60,35,0,60,0,1,0,"50-54 "
955096,10,2356,5,0,0,2356,0,10,"50-54 "
955188,10,2539,36,1,2539,0,10,0,"45-49 "
955201,5,579,11,0,0,579,0,5,"35-39 "
955225,13,2104,7,2,1835,269,11,2,"55-59 "
955270,8,1418,13,0,1418,0,8,0,"25-29 "
955331,12,2087,37,0,2087,0,12,0,">65 "
955348,39,5134,16,0,2316,2818,15,24,"35-39 "
955591,22,3701,21,0,1937,1764,8,14,"45-49 "
955829,33,12807,33,0,0,12807,0,33,"50-54 "
955966,9,674,34,0,674,0,9,0,">65 "
956000,5,401,11,0,0,401,0,5,"45-49 "
956031,41,9197,14,1,7221,1976,28,13,"45-49 "
956116,1,1242,12,0,0,1242,0,1,"35-39 "
956222,18,1221,18,1,518,703,8,10,"40-44 "
956260,23,3197,32,0,0,3197,0,23,"25-29 "
956307,42,7113,6,1,5460,1653,29,13,"35-39 "
956338,4,436,16,6,336,100,3,1,"25-29 "
956345,11,5640,14,0,5640,0,11,0,"45-49 "
956697,10,682,12,3,466,216,6,4,"45-49 "
956765,5,457,15,0,457,0,5,0,"55-59 "
956802,6,586,12,0,0,586,0,6,">65 "
957021,6,3148,18,1,684,2464,1,5,"40-44 "
957250,29,2230,5,1,0,2230,0,29,"50-54 "
957625,5,5582,14,0,5582,0,5,0,"40-44 "
957694,27,27839,14,1,11476,16363,15,12,"50-54 "
957748,46,14090,10,1,5009,9081,11,35,"30-34 "
957755,10,867,2,3,628,239,6,4,"50-54 "
957861,22,1865,25,1,0,1865,0,22,"45-49 "
957885,11,1869,15,2,1353,516,10,1,">65 "
958028,26,1842,6,1,1842,0,26,0,"50-54 "
958080,14,2757,21,1,2645,112,12,2,"35-39 "
958097,40,18031,18,0,0,18031,0,40,"50-54 "
958172,3,3025,17,0,3025,0,3,0,"30-34 "
958370,19,5146,5,0,4215,931,7,12,">65 "
958424,7,570,18,0,0,570,0,7,"35-39 "
958448,24,2101,12,1,520,1581,4,20,"30-34 "
958462,23,4747,17,0,4747,0,23,0,"35-39 "
958622,14,1902,4,1,0,1902,0,14,"30-34 "
958677,25,6447,9,0,6447,0,25,0,"30-34 "
958752,2,332,34,4,332,0,2,0,"45-49 "
959049,9,1647,34,0,1647,0,9,0,">65 "
959438,12,1542,19,0,0,1542,0,12,">65 "
959582,8,1526,6,1,1526,0,8,0,"55-59 "
959766,34,20101,5,0,0,20101,0,34,"40-44 "
959971,34,2943,7,1,2071,872,22,12,"35-39 "
960076,35,9934,23,0,8770,1164,17,18,"50-54 "
960250,6,493,23,0,493,0,6,0,"40-44 "
960427,6,596,11,5,60,536,1,5,"25-29 "
960434,18,1029,5,2,412,617,6,12,">65 "
960496,2,260,41,0,260,0,2,0,"55-59 "
960502,41,5726,13,1,5726,0,41,0,"40-44 "
960755,10,644,12,0,0,644,0,10,"40-44 "
960762,1,184,18,0,0,184,0,1,"35-39 "
960915,6,540,33,0,0,540,0,6,">65 "
961080,10,1024,19,0,0,1024,0,10,"45-49 "
961448,6,2683,5,0,0,2683,0,6,">65 "
961554,51,4973,4,1,3662,1311,40,11,">65 "
961707,19,1925,13,1,574,1351,4,15,"35-39 "
961837,6,1260,6,4,1260,0,6,0,"35-39 "
961929,33,3849,4,1,919,2930,9,24,"60-64 "
961936,13,2554,11,2,774,1780,3,10,"35-39 "
961943,4,627,25,0,0,627,0,4,"30-34 "
962636,1,60,32,0,0,60,0,1,"45-49 "
962643,26,3202,2,1,3202,0,26,0,"30-34 "
962841,10,2896,2,2,2896,0,10,0,"50-54 "
962872,25,2794,22,0,232,2562,3,22,"30-34 "
963060,31,9721,18,1,3577,6144,12,19,"30-34 "
963152,3,292,32,0,0,292,0,3,"60-64 "
963190,12,3801,11,0,316,3485,4,8,"35-39 "
963213,3,171,16,0,171,0,3,0,"45-49 "
963299,21,1713,18,0,0,1713,0,21,"30-34 "
963473,7,282,19,0,0,282,0,7,"40-44 "
963503,4,410,30,1,410,0,4,0,"40-44 "
963565,5,4102,2,0,4102,0,5,0,"40-44 "
963848,34,2497,12,0,0,2497,0,34,"45-49 "
964050,35,11593,25,0,0,11593,0,35,"35-39 "
964159,6,561,28,1,188,373,2,4,"60-64 "
964296,3,289,14,0,289,0,3,0,"40-44 "
964470,5,575,4,0,0,575,0,5,"60-64 "
964562,11,1137,11,2,0,1137,0,11,"35-39 "
964777,13,1992,3,2,1992,0,13,0,"55-59 "
965019,25,973,10,0,973,0,25,0,"50-54 "
965255,23,13680,22,0,13680,0,23,0,"55-59 "
965378,2,456,15,8,396,60,1,1,"50-54 "
965576,2,55,8,3,55,0,2,0,">65 "
965675,18,1201,5,2,659,542,9,9,"50-54 "
965897,7,865,18,0,0,865,0,7,"30-34 "
966245,5,750,21,0,750,0,5,0,"30-34 "
966269,9,924,4,2,0,924,0,9,">65 "
966351,50,17841,5,0,0,17841,0,50,"45-49 "
966399,23,4081,12,1,2082,1999,21,2,"40-44 "
966566,26,6021,2,2,5920,101,24,2,"45-49 "
966801,5,787,33,0,0,787,0,5,"40-44 "
967082,10,2462,11,0,0,2462,0,10,"35-39 "
968065,6,1398,13,0,1398,0,6,0,"50-54 "
968102,2,591,19,0,0,591,0,2,"40-44 "
968539,23,3421,13,0,3421,0,23,0,"60-64 "
969147,6,536,28,0,536,0,6,0,">65 "
969222,20,2354,23,0,2354,0,20,0,"45-49 "
969352,34,5881,5,1,3243,2638,6,28,">65 "
969550,17,1798,21,0,1798,0,17,0,"60-64 "
969581,21,2583,18,0,0,2583,0,21,"40-44 "
969680,9,622,26,0,0,622,0,9,"35-39 "
969703,17,4158,19,1,618,3540,10,7,"25-29 "
969772,12,1647,19,0,868,779,6,6,">65 "
969819,12,2462,18,0,0,2462,0,12,"40-44 "
970013,18,2557,16,1,2557,0,18,0,"35-39 "
970129,27,4100,11,1,1350,2750,20,7,"55-59 "
970150,8,546,9,0,546,0,8,0,"30-34 "
970167,51,7410,8,0,3712,3698,29,22,"25-29 "
970310,2,456,15,8,396,60,1,1,"50-54 "
970549,5,1018,16,4,1018,0,5,0,"25-29 "
970563,3,533,9,0,533,0,3,0,"25-29 "
970617,13,4119,11,0,0,4119,0,13,">65 "
970853,4,270,20,4,270,0,4,0,">65 "
970990,16,7013,21,1,7013,0,16,0,">65 "
971645,1,218,35,0,218,0,1,0,">65 "
972475,8,632,40,0,0,632,0,8,"40-44 "
972512,11,2388,36,0,2388,0,11,0,"55-59 "
972543,18,7063,25,0,0,7063,0,18,"30-34 "
972659,20,1295,10,0,1295,0,20,0,"45-49 "
973229,15,2410,33,0,0,2410,0,15,"50-54 "
973465,10,744,17,0,289,455,4,6,"50-54 "
973540,14,1242,19,0,0,1242,0,14,"25-29 "
973571,14,1488,2,3,1488,0,14,0,"40-44 "
973854,41,3382,5,1,0,3382,0,41,"35-39 "
973953,3,172,23,0,172,0,3,0,"35-39 "
974264,142,15511,6,0,7343,8168,84,58,"40-44 "
974325,7,886,12,3,0,886,0,7,"40-44 "
974516,5,2759,16,2,1216,1543,1,4,"25-29 "
974684,1,378,19,0,0,378,0,1,"45-49 "
974691,8,2316,22,1,2316,0,8,0,"25-29 "
974806,5,1917,3,6,1917,0,5,0,">65 "
974837,11,8413,30,0,8413,0,11,0,"40-44 "
974844,1,60,35,0,60,0,1,0,"35-39 "
975018,26,5655,6,1,5655,0,26,0,"50-54 "
975100,9,1039,19,0,0,1039,0,9,"30-34 "
975124,15,3314,38,0,3314,0,15,0,"40-44 "
975186,40,4958,14,1,4958,0,40,0,"35-39 "
975285,18,1684,8,1,1684,0,18,0,"35-39 "
975674,6,1256,15,0,1256,0,6,0,">65 "
975704,8,317,11,0,0,317,0,8,"30-34 "
975889,15,1622,37,0,1622,0,15,0,"40-44 "
975896,28,6554,7,1,1841,4713,13,15,"35-39 "
976282,4,998,10,0,998,0,4,0,"25-29 "
976398,31,7936,17,1,1964,5972,17,14,"35-39 "
977036,2,605,10,0,605,0,2,0,"35-39 "
977296,4,1658,29,0,1658,0,4,0,"30-34 "
977944,26,4030,6,1,3868,162,25,1,"35-39 "
978316,27,4790,14,0,3086,1704,18,9,">65 "
978538,5,573,12,0,0,573,0,5,"30-34 "
978941,8,1978,33,0,0,1978,0,8,"30-34 "
979092,6,485,11,4,0,485,0,6,"55-59 "
979313,3,1935,30,2,1851,84,2,1,">65 "
979504,6,496,18,0,0,496,0,6,"40-44 "
980425,4,1337,37,0,1337,0,4,0,">65 "
980449,1,72,33,0,0,72,0,1,">65 "
980753,5,194,18,3,0,194,0,5,"40-44 "
981019,12,5322,5,3,4475,847,5,7,"40-44 "
981439,11,1454,3,0,1454,0,11,0,"40-44 "
981644,20,2341,5,1,1797,544,12,8,"45-49 "
981651,9,1976,19,1,284,1692,7,2,"50-54 "
981859,8,2349,12,3,0,2349,0,8,"30-34 "
981927,6,25628,7,6,25049,579,5,1,"45-49 "
982023,10,710,37,0,710,0,10,0,"35-39 "
982108,6,1616,18,2,766,850,4,2,">65 "
982115,6,792,5,3,287,505,3,3,">65 "
982504,10,2024,20,0,2024,0,10,0,"30-34 "
982733,4,713,20,0,713,0,4,0,">65 "
982771,116,11421,2,0,9031,2390,85,31,"35-39 "
982795,10,1180,37,0,1180,0,10,0,"35-39 "
982863,5,1461,24,0,1461,0,5,0,">65 "
982894,22,1507,7,2,258,1249,6,16,"40-44 "
983105,65,10839,5,1,2315,8524,24,41,"45-49 "
983464,10,1806,10,1,1806,0,10,0,"45-49 "
984263,5,730,12,5,494,236,4,1,"30-34 "
984478,2,519,18,0,0,519,0,2,"30-34 "
984485,36,12134,14,1,12134,0,36,0,"35-39 "
984515,27,4002,7,1,3982,20,26,1,"45-49 "
984898,5,409,13,0,409,0,5,0,">65 "
984904,6,2260,19,0,0,2260,0,6,">65 "
984935,8,1594,39,0,0,1594,0,8,"25-29 "
985284,31,3849,26,0,0,3849,0,31,"30-34 "
985888,3,2180,8,0,2180,0,3,0,"45-49 "
986427,16,1389,2,2,1389,0,16,0,"45-49 "
986540,7,715,22,0,715,0,7,0,"40-44 "
986571,1,396,21,0,396,0,1,0,"45-49 "
986632,6,11365,37,0,1216,10149,4,2,"40-44 "
986717,15,697,5,2,545,152,10,5,"60-64 "
986809,31,4102,12,1,1029,3073,9,22,"30-34 "
987318,24,3286,3,2,752,2534,8,16,"50-54 "
987653,12,2277,14,1,1226,1051,4,8,"40-44 "
987660,11,889,25,0,0,889,0,11,"45-49 "
987721,14,789,15,1,789,0,14,0,"45-49 "
988070,5,1241,20,0,1241,0,5,0,"30-34 "
988179,9,748,19,0,0,748,0,9,">65 "
988223,11,935,25,0,0,935,0,11,">65 "
988230,15,999,28,0,999,0,15,0,"35-39 "
988360,13,3893,23,0,3893,0,13,0,"35-39 "
988728,3,407,11,0,0,407,0,3,"25-29 "
988810,9,4318,15,2,4318,0,9,0,"40-44 "
988926,16,1480,4,1,0,1480,0,16,"35-39 "
988940,13,1390,14,1,1390,0,13,0,">65 "
989091,16,3597,9,1,3038,559,14,2,"45-49 "
989213,3,339,25,0,0,339,0,3,"25-29 "
989329,20,2141,5,0,0,2141,0,20,"50-54 "
989756,4,202,17,3,202,0,4,0,"50-54 "
989855,3,241,25,0,0,241,0,3,"45-49 "
990011,3,860,34,2,60,800,1,2,"40-44 "
990479,16,2423,11,2,0,2423,0,16,"35-39 "
990554,36,3177,11,1,0,3177,0,36,">65 "
990639,5,727,26,0,0,727,0,5,">65 "
990769,12,839,18,0,0,839,0,12,">65 "
991063,2,456,18,7,0,456,0,2,"40-44 "
991407,86,7205,4,0,2798,4407,34,52,"45-49 "
991438,7,987,25,0,0,987,0,7,"40-44 "
991865,20,3207,5,1,0,3207,0,20,"50-54 "
992237,2,165,22,0,165,0,2,0,"35-39 "
992589,3,900,28,0,900,0,3,0,"60-64 "
992725,16,954,6,2,954,0,16,0,">65 "
992930,3,256,4,2,0,256,0,3,"30-34 "
992992,1,239,5,0,0,239,0,1,"35-39 "
993036,28,2332,4,1,0,2332,0,28,"35-39 "
993166,9,2092,32,0,0,2092,0,9,"40-44 "
993197,14,1552,16,0,1552,0,14,0,"40-44 "
993340,1,13,12,0,0,13,0,1,">65 "
993517,23,10222,15,1,9198,1024,13,10,"35-39 "
993715,46,8777,6,1,6255,2522,25,21,"35-39 "
993739,4,1563,12,6,1302,261,2,2,"45-49 "
993869,33,4667,25,1,4030,637,23,10,"30-34 "
993982,1,47,36,0,47,0,1,0,"25-29 "
994095,4,1028,3,0,1028,0,4,0,"40-44 "
994200,36,23899,26,0,0,23899,0,36,"40-44 "
994248,11,1050,22,0,1050,0,11,0,"45-49 "
994316,4,258,26,0,0,258,0,4,"45-49 "
994361,18,1411,18,0,0,1411,0,18,"50-54 "
994507,21,3991,5,1,2427,1564,12,9,"35-39 "
994620,17,1669,2,2,1669,0,17,0,">65 "
994729,15,2045,9,2,739,1306,4,11,"40-44 "
995030,5,914,30,2,914,0,5,0,"45-49 "
995108,23,7245,30,0,7245,0,23,0,"45-49 "
995146,7,902,5,2,0,902,0,7,">65 "
995702,6,1198,32,0,0,1198,0,6,"40-44 "
995870,14,1382,26,1,357,1025,5,9,"40-44 "
995948,14,2291,18,1,1009,1282,9,5,">65 "
996013,2,653,31,0,653,0,2,0,"45-49 "
996020,20,2092,22,0,2092,0,20,0,">65 "
996228,31,3865,13,1,3739,126,27,4,"40-44 "
996334,8,611,12,0,0,611,0,8,"40-44 "
996419,5,1266,4,3,0,1266,0,5,"<25 "
996426,29,7424,3,1,6323,1101,10,19,"50-54 "
996433,18,4768,18,1,3770,998,9,9,"<25 "
996488,16,10848,2,2,5900,4948,11,5,"30-34 "
996631,2,1562,16,0,1562,0,2,0,"45-49 "
996907,73,6868,9,0,3121,3747,41,32,"40-44 "
997010,3,533,18,0,0,533,0,3,"55-59 "
997119,56,3892,9,1,2927,965,44,12,"35-39 "
997232,19,4614,7,2,676,3938,8,11,"35-39 "
997249,2,150,19,0,0,150,0,2,"30-34 "
997270,14,1414,39,0,0,1414,0,14,"55-59 "
997447,23,2316,7,1,2316,0,23,0,"35-39 "
997713,15,1062,17,0,1062,0,15,0,"35-39 "
998215,5,633,40,0,0,633,0,5,"25-29 "
998260,14,726,16,0,726,0,14,0,"35-39 "
998413,3,433,10,0,433,0,3,0,"30-34 "
998512,12,1494,42,0,1494,0,12,0,"30-34 "
998536,7,1516,4,4,1422,94,6,1,"55-59 "
998659,21,6807,5,2,4617,2190,13,8,">65 "
999267,21,1873,2,0,1110,763,9,12,"60-64 "
999564,4,761,15,6,474,287,2,2,">65 "
999687,6,2498,8,1,99,2399,1,5,"50-54 "
999748,1,60,34,0,60,0,1,0,">65 "
1000375,7,828,16,0,828,0,7,0,"50-54 "
1000962,1,33,32,0,0,33,0,1,">65 "
1001129,18,4134,19,0,0,4134,0,18,"50-54 "
1001846,6,2350,6,4,2350,0,6,0,"50-54 "
1002119,4,415,41,0,415,0,4,0,"45-49 "
1002577,6,883,32,0,0,883,0,6,"55-59 "
1002652,6,887,3,0,887,0,6,0,">65 "
1002706,17,1687,30,0,1687,0,17,0,">65 "
1002904,19,1523,9,2,1283,240,14,5,"50-54 "
1003130,24,8104,11,1,603,7501,5,19,"35-39 "
1003154,5,650,26,0,0,650,0,5,"30-34 "
1003178,1,36,38,0,36,0,1,0,"45-49 "
1003505,3,166,26,1,145,21,2,1,"30-34 "
1003673,26,7443,34,0,7443,0,26,0,"40-44 "
1003765,4,676,27,0,676,0,4,0,"55-59 "
1003819,14,1798,14,2,324,1474,5,9,"30-34 "
1004373,74,45110,6,0,40479,4631,47,27,"40-44 "
1004663,17,2235,5,2,563,1672,6,11,"40-44 "
1004687,11,65948,22,1,65948,0,11,0,"45-49 "
1004694,41,4444,8,1,3443,1001,34,7,"35-39 "
1005240,15,3672,35,0,3672,0,15,0,"45-49 "
1006131,7,1473,34,1,1473,0,7,0,"45-49 "
1006322,39,3125,13,0,3125,0,39,0,"35-39 "
1006520,19,1803,20,1,629,1174,6,13,"45-49 "
1006995,19,1914,18,1,0,1914,0,19,"35-39 "
1007169,16,4183,14,2,4183,0,16,0,"35-39 "
1007176,22,6819,33,0,0,6819,0,22,"60-64 "
1008104,18,2372,26,0,0,2372,0,18,"35-39 "
1008234,20,2635,11,1,746,1889,3,17,">65 "
1008241,1,3960,21,0,3960,0,1,0,">65 "
1008432,2,2465,19,0,0,2465,0,2,"40-44 "
1008593,30,6329,2,0,6329,0,30,0,"40-44 "
1009163,2,79,3,0,79,0,2,0,">65 "
1009736,1,36,19,0,0,36,0,1,">65 "
1009866,28,12117,12,0,0,12117,0,28,">65 "
1009873,16,3273,10,2,217,3056,3,13,"50-54 "
1009897,5,870,31,0,870,0,5,0,">65 "
1009903,25,3030,3,2,2368,662,20,5,"60-64 "
1009972,21,1603,11,0,0,1603,0,21,"30-34 "
1011166,11,573,2,2,493,80,8,3,"40-44 "
1011241,3,906,16,0,906,0,3,0,"45-49 "
1011586,45,18894,11,1,4933,13961,24,21,"35-39 "
1011616,2,576,34,1,576,0,2,0,"40-44 "
1011968,10,1187,19,1,746,441,5,5,"30-34 "
1012026,17,1194,34,0,1194,0,17,0,"50-54 "
1012330,14,8583,16,1,8583,0,14,0,"30-34 "
1012392,37,1973,3,1,1973,0,37,0,">65 "
1012569,5,1498,34,0,1498,0,5,0,">65 "
1012958,3,332,15,0,332,0,3,0,"45-49 "
1013160,16,8078,6,1,8078,0,16,0,">65 "
1013283,23,2483,4,0,0,2483,0,23,"35-39 "
1013689,6,586,18,0,0,586,0,6,">65 "
1013795,5,585,25,0,0,585,0,5,"35-39 "
1013863,26,3851,20,0,3120,731,18,8,"45-49 "
1014020,5,1227,6,7,890,337,2,3,"35-39 "
1014235,4,592,40,0,0,592,0,4,"35-39 "
1014365,4,274,6,0,274,0,4,0,"35-39 "
1014471,6,20709,3,3,20709,0,6,0,"50-54 "
1015348,26,2724,17,1,1234,1490,9,17,">65 "
1015416,7,644,26,0,0,644,0,7,"<25 "
1015461,1,60,32,0,0,60,0,1,"35-39 "
1016208,7,651,32,0,0,651,0,7,"35-39 "
1016260,31,9460,37,0,9460,0,31,0,"35-39 "
1016529,1,1248,16,0,1248,0,1,0,"50-54 "
1016673,16,48105,3,1,1213,46892,3,13,"30-34 "
1017267,28,4757,4,1,3117,1640,17,11,"40-44 "
1017366,21,3032,22,1,2207,825,8,13,"55-59 "
1018516,7,1309,20,0,1309,0,7,0,"40-44 "
1018806,6,605,42,0,605,0,6,0,">65 "
1019193,3,115,12,9,0,115,0,3,"25-29 "
1019612,5,288,14,0,288,0,5,0,"25-29 "
1019650,17,1074,31,1,613,461,9,8,"40-44 "
1019957,10,1895,4,0,0,1895,0,10,"45-49 "
1019995,12,3176,2,1,3176,0,12,0,">65 "
1021172,8,5210,26,2,610,4600,4,4,"60-64 "
1021240,11,2930,18,0,0,2930,0,11,"50-54 "
1021554,36,2625,21,0,2625,0,36,0,"45-49 "
1021714,11,1710,36,0,1710,0,11,0,"30-34 "
1021943,6,6081,14,4,6081,0,6,0,">65 "
1022094,2,432,18,0,0,432,0,2,"35-39 "
1022483,7,923,16,0,923,0,7,0,"25-29 "
1022582,27,1395,20,0,1395,0,27,0,"45-49 "
1022612,27,4956,4,1,1676,3280,6,21,">65 "
1022780,15,4588,18,0,0,4588,0,15,"35-39 "
1022995,8,386,22,2,9,377,1,7,"45-49 "
1023039,10,2150,4,3,0,2150,0,10,"25-29 "
1023077,10,1023,7,3,684,339,7,3,"35-39 "
1023138,12,1854,9,3,1468,386,8,4,"30-34 "
1023169,5,535,33,0,0,535,0,5,"50-54 "
1023220,51,2528,11,1,0,2528,0,51,"35-39 "
1023268,14,584,9,0,584,0,14,0,"40-44 "
1023299,37,5288,32,0,2113,3175,9,28,"30-34 "
1023336,2,1599,41,0,1599,0,2,0,"45-49 "
1023374,8,1992,4,0,0,1992,0,8,"<25 "
1023442,6,1075,11,0,0,1075,0,6,"30-34 "
1023510,8,6844,39,0,0,6844,0,8,"30-34 "
1023794,12,9871,4,1,5673,4198,6,6,"40-44 "
1023916,13,2877,20,1,2877,0,13,0,"40-44 "
1023930,19,2752,25,0,0,2752,0,19,"45-49 "
1024371,17,2234,33,0,0,2234,0,17,"55-59 "
1025170,2,1862,15,12,1791,71,1,1,"35-39 "
1025507,19,2835,33,0,0,2835,0,19,"45-49 "
1025521,34,5734,3,1,5734,0,34,0,">65 "
1025569,16,1555,11,1,986,569,9,7,"30-34 "
1025576,35,7704,18,0,0,7704,0,35,"40-44 "
1025637,25,2837,26,0,906,1931,5,20,"25-29 "
1025712,49,3448,4,1,1268,2180,23,26,"40-44 "
1025743,36,4380,10,1,3492,888,24,12,"25-29 "
1025804,9,2151,32,0,0,2151,0,9,"30-34 "
1025880,3,1476,2,0,1476,0,3,0,"25-29 "
1026054,11,692,40,0,276,416,4,7,"30-34 "
1026092,10,764,25,0,0,764,0,10,"35-39 "
1026191,8,1051,10,4,692,359,5,3,">65 "
1026290,48,2983,2,1,2983,0,48,0,"35-39 "
1026344,3,217,34,0,217,0,3,0,"40-44 "
1026351,20,3264,6,2,3264,0,20,0,"40-44 "
1026382,52,9193,6,1,6372,2821,33,19,"50-54 "
1026405,8,644,18,0,0,644,0,8,"30-34 "
1026528,19,2545,12,1,531,2014,9,10,"35-39 "
1026580,34,2816,5,1,1165,1651,16,18,"40-44 "
1026634,22,6639,4,0,0,6639,0,22,"40-44 "
1026757,23,4130,14,1,4130,0,23,0,"40-44 "
1026870,22,2186,5,2,0,2186,0,22,"45-49 "
1027266,9,24714,37,0,24714,0,9,0,"40-44 "
1027365,10,656,11,0,0,656,0,10,"45-49 "
1027518,12,2037,7,0,2037,0,12,0,"50-54 "
1027525,8,1260,5,0,0,1260,0,8,"45-49 "
1027600,1,306,19,0,0,306,0,1,"45-49 "
1028225,68,5396,2,1,4006,1390,52,16,"30-34 "
1028447,4,10008,19,0,0,10008,0,4,"50-54 "
1028515,2,829,17,0,829,0,2,0,"<25 "
1028775,1,38,40,0,0,38,0,1,"30-34 "
1028812,13,16476,7,3,16476,0,13,0,"30-34 "
1028959,6,370,27,0,370,0,6,0,"40-44 "
1029048,46,3070,10,1,3070,0,46,0,"40-44 "
1029147,20,3551,19,1,0,3551,0,20,"45-49 "
1029222,5,287,33,0,0,287,0,5,">65 "
1029345,20,1729,39,0,0,1729,0,20,"40-44 "
1029352,12,3503,5,1,0,3503,0,12,"45-49 "
1029383,14,2046,10,2,1133,913,8,6,"50-54 "
1029680,6,817,11,1,301,516,2,4,"50-54 "
1029796,13,11676,8,2,10969,707,8,5,"60-64 "
1029949,13,6653,41,0,6653,0,13,0,"35-39 "
1029970,5,940,24,3,204,736,3,2,">65 "
1029994,4,2035,8,4,2035,0,4,0,"50-54 "
1030044,6,620,23,0,620,0,6,0,"55-59 "
1030211,5,578,21,2,36,542,1,4,">65 "
1030303,58,34087,14,0,30372,3715,45,13,"55-59 "
1030648,6,311,2,6,247,64,4,2,">65 "
1030693,3,1692,3,0,1692,0,3,0,"40-44 "
1031010,17,1107,25,0,857,250,13,4,"40-44 "
1031072,6,2202,13,4,2202,0,6,0,"45-49 "
1031119,19,1766,4,2,1559,207,16,3,">65 "
1031324,23,2850,12,1,0,2850,0,23,"35-39 "
1031362,31,3568,8,1,3568,0,31,0,"45-49 "
1031751,4,367,5,0,0,367,0,4,"25-29 "
1032192,32,3338,17,0,3338,0,32,0,"40-44 "
1032215,12,3465,6,3,3094,371,10,2,">65 "
1032253,10,964,27,0,964,0,10,0,"30-34 "
1032406,14,832,32,0,0,832,0,14,"35-39 "
1032437,15,3117,4,0,1622,1495,9,6,"40-44 "
1032703,23,2271,6,1,2271,0,23,0,"30-34 "
1033106,40,5904,16,1,3040,2864,20,20,"35-39 "
1033311,14,1046,19,0,0,1046,0,14,"40-44 "
1033373,3,3472,17,0,3472,0,3,0,"35-39 "
1033380,20,2156,18,1,1701,455,18,2,"45-49 "
1033571,25,3768,15,1,2944,824,16,9,"30-34 "
1033670,12,5261,37,0,5261,0,12,0,"40-44 "
1033724,8,915,3,0,915,0,8,0,"25-29 "
1033830,14,1225,21,0,1225,0,14,0,"30-34 "
1033847,2,247,36,2,48,199,1,1,"40-44 "
1033854,6,542,34,0,542,0,6,0,"30-34 "
1034561,53,11664,14,1,6178,5486,35,18,"40-44 "
1034660,14,711,9,2,455,256,8,6,"40-44 "
1034677,20,1452,15,0,1452,0,20,0,"30-34 "
1035131,5,949,34,1,949,0,5,0,"45-49 "
1035247,1,30,38,0,30,0,1,0,"35-39 "
1035292,12,739,11,2,371,368,7,5,"40-44 "
1035339,1,35,27,0,35,0,1,0,"30-34 "
1035384,1,396,14,0,396,0,1,0,"50-54 "
1035407,22,3449,19,1,715,2734,2,20,"60-64 "
1035643,38,4662,17,1,4662,0,38,0,"40-44 "
1035766,25,5848,5,1,2907,2941,12,13,"30-34 "
1035780,6,3743,30,0,3743,0,6,0,"50-54 "
1035926,17,9314,19,1,2082,7232,5,12,"40-44 "
1035964,1,60,32,0,0,60,0,1,"55-59 "
1036121,36,4730,16,1,3135,1595,30,6,"35-39 "
1036862,7,740,9,1,740,0,7,0,">65 "
1036978,29,9305,2,1,4677,4628,27,2,"40-44 "
1037050,8,2466,27,2,2466,0,8,0,"35-39 "
1037104,5,1947,6,0,1947,0,5,0,"35-39 "
1037128,1,60,32,0,0,60,0,1,">65 "
1037517,15,2679,6,1,722,1957,5,10,"50-54 "
1037609,16,1545,25,0,0,1545,0,16,"35-39 "
1037623,17,4195,40,0,0,4195,0,17,"35-39 "
1037784,22,4991,14,0,4991,0,22,0,"45-49 "
1038040,8,617,32,0,0,617,0,8,"40-44 "
1038064,14,1623,28,0,1623,0,14,0,"40-44 "
1038071,3,134,21,0,134,0,3,0,"30-34 "
1038262,18,5064,26,0,0,5064,0,18,"40-44 "
1038279,8,604,9,4,305,299,5,3,">65 "
1038361,6,2489,17,4,2489,0,6,0,"35-39 "
1038521,20,1872,26,0,1342,530,8,12,"35-39 "
1038750,1,269,10,0,269,0,1,0,"40-44 "
1038804,23,2918,32,0,0,2918,0,23,"30-34 "
1039160,36,2959,7,1,1924,1035,23,13,"30-34 "
1039221,15,5290,14,1,5290,0,15,0,"25-29 "
1039375,17,6169,17,1,6169,0,17,0,"60-64 "
1039603,12,2178,19,0,0,2178,0,12,"35-39 "
1039627,14,2546,5,2,537,2009,5,9,"45-49 "
1039634,15,1747,5,0,0,1747,0,15,"35-39 "
1039665,20,1382,35,0,1382,0,20,0,">65 "
1039931,6,2509,14,3,2374,135,5,1,"35-39 "
1039948,2,183,26,0,0,183,0,2,"25-29 "
1040142,26,3642,10,1,3642,0,26,0,"60-64 "
1040333,23,2236,23,0,2236,0,23,0,"45-49 "
1040425,1,64,30,0,64,0,1,0,"45-49 "
1040548,4,350,12,0,0,350,0,4,">65 "
1043785,1,89,11,0,0,89,0,1,"40-44 "
1044454,10,2850,4,3,1758,1092,6,4,"45-49 "
1044485,4,306,22,0,306,0,4,0,"40-44 "
1044515,28,3343,8,1,2197,1146,12,16,">65 "
1044560,43,8505,35,0,8505,0,43,0,"35-39 "
1044737,19,4751,7,2,3978,773,13,6,"30-34 "
1044829,3,335,6,0,335,0,3,0,"35-39 "
1044850,1,36,2,0,36,0,1,0,"50-54 "
1044973,9,2336,11,0,0,2336,0,9,"30-34 "
1044997,31,7241,24,0,7241,0,31,0,"40-44 "
1045147,24,4397,24,0,4397,0,24,0,"50-54 "
1045178,1,60,34,0,60,0,1,0,"60-64 "
1045710,9,983,18,0,0,983,0,9,"40-44 "
1045833,7,1466,9,4,1388,78,5,2,"50-54 "
1046212,3,2057,10,0,2057,0,3,0,">65 "
1046571,30,2566,3,1,2566,0,30,0,"40-44 "
1046786,18,1478,12,1,613,865,8,10,"35-39 "
1047813,54,51035,2,0,51035,0,54,0,"45-49 "
1048261,2,78,19,0,0,78,0,2,"55-59 "
1048346,9,399,32,0,0,399,0,9,"25-29 "
1048360,13,853,14,1,698,155,11,2,"30-34 "
1048599,22,1789,3,1,1789,0,22,0,"35-39 "
1048711,4,8070,4,7,0,8070,0,4,"35-39 "
1048827,1,8775,18,0,0,8775,0,1,"25-29 "
1048872,2,106,12,0,0,106,0,2,">65 "
1049381,10,1366,17,0,1366,0,10,0,"35-39 "
1049527,7,426,21,0,426,0,7,0,"35-39 "
1049923,22,1924,4,0,0,1924,0,22,"45-49 "
1049985,5,889,4,0,0,889,0,5,"40-44 "
1050172,9,3605,25,0,0,3605,0,9,"55-59 "
1051032,23,1840,19,1,1189,651,15,8,"40-44 "
1051056,24,1564,3,0,1564,0,24,0,"45-49 "
1051100,10,3779,16,0,3779,0,10,0,"25-29 "
1051315,1,99,6,0,99,0,1,0,"40-44 "
1051483,15,1525,3,3,1525,0,15,0,"35-39 "
1051506,2,1409,27,0,1409,0,2,0,"25-29 "
1051858,3,512,23,0,512,0,3,0,"45-49 "
1052282,2,1011,5,0,0,1011,0,2,"40-44 "
1052619,3,259,26,0,0,259,0,3,"35-39 "
1052756,1,140,14,0,140,0,1,0,"30-34 "
1052794,4,671,20,0,671,0,4,0,">65 "
1053029,8,346,11,0,0,346,0,8,"40-44 "
1053074,14,6690,18,2,0,6690,0,14,">65 "
1053357,15,2262,15,0,98,2164,2,13,"40-44 "
1053654,48,4232,4,1,160,4072,2,46,"30-34 "
1054118,4,179,16,0,179,0,4,0,"40-44 "
1054217,1,60,32,0,0,60,0,1,"30-34 "
1054262,11,10677,29,1,6952,3725,6,5,"50-54 "
1054361,4,1350,23,0,1350,0,4,0,"40-44 "
1054552,1,944,19,0,0,944,0,1,"60-64 "
1054712,7,838,25,2,0,838,0,7,"50-54 "
1054743,53,13994,4,1,11055,2939,17,36,"40-44 "
1054767,5,2024,2,6,1928,96,3,2,"30-34 "
1054842,37,3220,15,1,1731,1489,23,14,"40-44 "
1054910,24,2844,21,1,2844,0,24,0,"50-54 "
1055320,21,2808,10,0,2808,0,21,0,"45-49 "
1055627,20,1787,25,0,0,1787,0,20,"40-44 "
1056020,2,78,34,0,78,0,2,0,"35-39 "
1056204,6,854,14,0,854,0,6,0,"35-39 "
1056396,16,7258,23,0,7258,0,16,0,"40-44 "
1056501,31,3865,18,1,0,3865,0,31,"40-44 "
1056594,1,20,10,0,20,0,1,0,"25-29 "
1056662,16,4568,19,1,567,4001,5,11,"35-39 "
1056907,12,1556,21,0,1556,0,12,0,"55-59 "
1057003,5,856,2,0,856,0,5,0,">65 "
1057263,6,1591,19,0,0,1591,0,6,"<25 "
1057331,33,4544,4,1,3809,735,29,4,"35-39 "
1057799,5,716,25,0,0,716,0,5,"40-44 "
1057973,10,1101,39,0,0,1101,0,10,"50-54 "
1058260,5,497,10,0,497,0,5,0,">65 "
1058369,13,1049,8,0,1049,0,13,0,"50-54 "
1058505,25,3213,4,1,0,3213,0,25,"45-49 "
1058529,14,1433,33,0,0,1433,0,14,"35-39 "
1058543,7,395,25,2,0,395,0,7,"55-59 "
1058826,13,1172,5,3,1018,154,10,3,"40-44 "
1058888,67,8756,3,1,1504,7252,13,54,"45-49 "
1058970,19,1782,38,0,1782,0,19,0,"25-29 "
1059397,6,1422,12,0,0,1422,0,6,"35-39 "
1059403,17,1316,26,1,0,1316,0,17,">65 "
1059427,4,2361,24,0,2361,0,4,0,"35-39 "
1059663,4,436,13,0,436,0,4,0,"40-44 "
1059885,3,697,30,0,697,0,3,0,"45-49 "
1059991,9,7580,20,2,1290,6290,5,4,"30-34 "
1060164,8,1115,38,0,1115,0,8,0,"60-64 "
1060256,10,1761,18,0,0,1761,0,10,"35-39 "
1060386,2,191,24,0,191,0,2,0,"40-44 "
1060553,9,2597,27,0,2597,0,9,0,"35-39 "
1060621,9,526,33,0,0,526,0,9,"40-44 "
1060720,31,3870,10,1,2132,1738,18,13,"50-54 "
1060836,32,3784,8,1,2947,837,23,9,"60-64 "
1060881,14,1281,18,1,0,1281,0,14,"55-59 "
1060904,12,1320,20,2,1320,0,12,0,"30-34 "
1061178,8,1082,40,0,0,1082,0,8,"35-39 "
1061307,21,3067,11,1,0,3067,0,21,"<25 "
1061437,57,387379,3,1,381625,5754,15,42,"35-39 "
1061574,35,2480,7,1,2480,0,35,0,"40-44 "
1061666,11,822,4,0,0,822,0,11,"40-44 "
1062007,31,10192,18,0,0,10192,0,31,"35-39 "
1062137,19,2526,23,0,2526,0,19,0,"45-49 "
1062311,17,1609,8,2,1523,86,14,3,"40-44 "
1062366,11,823,3,0,552,271,3,8,"35-39 "
1062465,10,712,11,2,410,302,5,5,"45-49 "
1062489,139,67037,3,0,63790,3247,117,22,"25-29 "
1062632,10,1940,3,2,1940,0,10,0,"45-49 "
1062878,44,8163,6,1,4922,3241,30,14,"40-44 "
1062991,19,1303,18,0,0,1303,0,19,"50-54 "
1063486,10,604,14,0,604,0,10,0,"45-49 "
1064216,2,120,32,0,0,120,0,2,"45-49 "
1064384,4,235,19,0,0,235,0,4,"30-34 "
1064421,4,3191,20,0,3191,0,4,0,"45-49 "
1064438,28,3662,12,1,1093,2569,13,15,"30-34 "
1064650,19,1560,19,1,873,687,9,10,"35-39 "
1065077,35,7915,5,1,5163,2752,24,11,"60-64 "
1065152,29,9378,20,0,3591,5787,17,12,"40-44 "
1065671,2,216,7,0,216,0,2,0,"45-49 "
1065800,2,1336,16,0,1336,0,2,0,"40-44 "
1065961,15,3831,17,0,3831,0,15,0,"40-44 "
1066005,1,165,5,0,0,165,0,1,"30-34 "
1066142,25,3070,4,0,0,3070,0,25,"35-39 "
1066197,32,3119,8,1,3119,0,32,0,"50-54 "
1066227,31,10265,7,1,10138,127,27,4,"30-34 "
1066401,45,5863,11,1,2522,3341,28,17,"50-54 "
1066449,11,2786,6,3,2670,116,9,2,">65 "
1066456,6,688,23,0,688,0,6,0,">65 "
1066470,12,1261,28,0,1261,0,12,0,"40-44 "
1066593,4,957,20,0,957,0,4,0,"55-59 "
1066760,34,15574,2,1,8345,7229,16,18,"25-29 "
1066821,22,1634,15,0,1634,0,22,0,"60-64 "
1066968,24,1254,2,2,941,313,19,5,"40-44 "
1067040,4,1246,24,0,1246,0,4,0,"40-44 "
1067064,3,136,7,0,136,0,3,0,"50-54 "
1067309,19,3583,4,1,0,3583,0,19,"35-39 "
1067583,9,1636,37,0,1636,0,9,0,"35-39 "
1067750,5,3487,21,0,3487,0,5,0,"35-39 "
1067927,2,1222,18,0,0,1222,0,2,">65 "
1068283,3,1516,5,11,0,1516,0,3,"30-34 "
1068436,2,1290,17,0,1290,0,2,0,"55-59 "
1068580,6,469,29,0,469,0,6,0,"40-44 "
1068610,22,3240,12,1,2328,912,16,6,"35-39 "
1068979,1,36,7,0,36,0,1,0,"30-34 "
1069211,38,8449,7,1,8449,0,38,0,">65 "
1069662,33,5352,2,0,5352,0,33,0,"50-54 "
1069761,1,396,19,0,0,396,0,1,"25-29 "
1069846,4,2883,28,0,2883,0,4,0,"40-44 "
1070361,3,1249,23,0,1249,0,3,0,"45-49 "
1070484,54,10785,4,1,2385,8400,8,46,"45-49 "
1071115,12,1193,12,3,1085,108,11,1,"25-29 "
1071191,6,493,40,0,0,493,0,6,"30-34 "
1071252,27,4758,11,0,0,4758,0,27,"35-39 "
1071269,21,3090,21,1,3090,0,21,0,"30-34 "
1071375,19,1751,5,0,1469,282,14,5,"60-64 "
1071528,19,2490,18,0,1278,1212,9,10,"40-44 "
1072280,3,903,30,0,903,0,3,0,"40-44 "
1072365,37,7540,8,1,7540,0,37,0,"60-64 "
1072471,8,381,32,0,0,381,0,8,"40-44 "
1072495,3,163,39,0,0,163,0,3,"35-39 "
1073133,8,46703,6,4,46703,0,8,0,"40-44 "
1073195,1,396,21,0,396,0,1,0,"45-49 "
1073256,2,698,15,0,698,0,2,0,"45-49 "
1073294,15,2059,32,0,904,1155,6,9,"50-54 "
1073348,11,943,26,0,0,943,0,11,"35-39 "
1073386,53,6640,4,1,5191,1449,38,15,"<25 "
1073416,28,4120,2,1,1165,2955,6,22,"35-39 "
1073454,5,481,15,0,481,0,5,0,"30-34 "
1074314,8,667,4,0,0,667,0,8,"40-44 "
1074567,30,3046,5,1,2645,401,24,6,"35-39 "
1074659,66,7202,8,0,5245,1957,42,24,"45-49 "
1075229,14,1948,22,0,1948,0,14,0,"35-39 "
1075274,40,7010,4,1,2368,4642,8,32,"30-34 "
1075304,8,645,33,0,0,645,0,8,">65 "
1075717,64,24703,2,1,23833,870,51,13,"30-34 "
1075861,5,355,11,0,0,355,0,5,"50-54 "
1076226,5,791,39,0,0,791,0,5,">65 "
1076943,3,121,9,0,121,0,3,0,"35-39 "
1076950,11,1126,34,0,1126,0,11,0,">65 "
1077032,2,411,41,0,411,0,2,0,">65 "
1077186,47,7341,25,0,660,6681,8,39,"45-49 "
1077438,10,4785,39,0,0,4785,0,10,">65 "
1077957,6,1233,5,5,0,1233,0,6,"35-39 "
1079272,10,435,13,0,435,0,10,0,"25-29 "
1079326,55,4728,3,1,3782,946,49,6,"45-49 "
1079425,38,19722,16,0,2191,17531,15,23,">65 "
1079456,4,284,21,0,284,0,4,0,"40-44 "
1079531,3,1568,16,6,1508,60,2,1,"40-44 "
1079579,14,8720,1,1,8720,0,14,0,"50-54 "
1079609,3,611,6,12,611,0,3,0,"30-34 "
1079715,43,8457,2,1,3959,4498,24,19,"40-44 "
1079753,15,3396,5,1,96,3300,2,13,"50-54 "
1079883,12,2212,6,0,2212,0,12,0,"50-54 "
1079982,154,20638,8,0,20638,0,154,0,"35-39 "
1080131,8,793,24,0,793,0,8,0,"40-44 "
1080254,15,1187,18,1,0,1187,0,15,">65 "
1080353,4,1124,19,0,0,1124,0,4,"30-34 "
1080360,11,1067,10,2,573,494,7,4,"30-34 "
1080568,1,891,21,0,891,0,1,0,"30-34 "
1080711,10,4007,2,2,3473,534,6,4,"<25 "
1081114,7,695,18,0,111,584,2,5,"55-59 "
1081251,19,8579,27,0,8579,0,19,0,"50-54 "
1081329,2,740,12,0,0,740,0,2,"60-64 "
1081510,7,736,30,0,548,188,5,2,"35-39 "
1081992,1,201,31,0,201,0,1,0,"50-54 "
1082005,3,1708,34,0,1708,0,3,0,"50-54 "
1082128,10,1631,4,0,0,1631,0,10,"35-39 "
1082180,53,4351,39,0,710,3641,9,44,"45-49 "
1082852,1,20,12,0,0,20,0,1,"35-39 "
1082913,4,1137,39,0,0,1137,0,4,"25-29 "
1082937,20,5023,11,1,402,4621,6,14,"45-49 "
1083293,4,499,7,7,499,0,4,0,"45-49 "
1083323,8,963,32,0,0,963,0,8,"35-39 "
1083897,10,1103,4,0,0,1103,0,10,"40-44 "
1085143,10,3594,15,2,3245,349,7,3,"35-39 "
1085198,11,1642,18,0,0,1642,0,11,"35-39 "
1086034,12,4527,19,0,0,4527,0,12,"30-34 "
1086157,4,5523,3,9,615,4908,1,3,"45-49 "
1086607,5,933,27,0,933,0,5,0,"55-59 "
1086751,34,5589,3,1,2346,3243,12,22,"35-39 "
1087079,4,357,30,0,357,0,4,0,">65 "
1088366,7,15331,2,1,3139,12192,3,4,"35-39 "
1089158,5,341,8,0,341,0,5,0,">65 "
1090154,6,558,39,0,0,558,0,6,"30-34 "
1090192,25,1511,6,1,661,850,15,10,"60-64 "
1090673,33,3363,22,1,3363,0,33,0,">65 "
1090949,20,2204,27,0,2204,0,20,0,">65 "
1091052,4,7077,7,0,7077,0,4,0,"45-49 "
1091144,6,6496,33,0,0,6496,0,6,">65 "
1091359,56,11556,8,1,1052,10504,5,51,"60-64 "
1091502,13,14543,9,2,10878,3665,11,2,"30-34 "
1091649,10,997,33,0,0,997,0,10,"40-44 "
1091663,6,733,11,0,0,733,0,6,"35-39 "
1091755,3,610,13,0,610,0,3,0,">65 "
1091793,13,1148,21,0,1148,0,13,0,"40-44 "
1092356,6,1814,14,1,1814,0,6,0,"45-49 "
1092516,5,495,16,0,495,0,5,0,"50-54 "
1092653,9,988,20,0,988,0,9,0,"25-29 "
1092936,21,4857,4,2,3212,1645,11,10,"35-39 "
1093476,28,6133,8,1,5731,402,21,7,"45-49 "
1093513,31,3545,19,1,381,3164,6,25,"40-44 "
1093773,20,3139,31,0,3139,0,20,0,"60-64 "
1093834,11,1748,5,0,0,1748,0,11,"35-39 "
1094008,37,2804,15,1,2804,0,37,0,"45-49 "
1094718,18,1574,4,0,0,1574,0,18,"45-49 "
1094978,6,1247,13,1,1247,0,6,0,"<25 "
1095289,8,1455,16,0,1455,0,8,0,"40-44 "
1095388,3,118,13,0,118,0,3,0,"50-54 "
1095425,14,1481,22,1,1481,0,14,0,"45-49 "
1095661,18,4643,10,2,3647,996,12,6,"30-34 "
1095685,4,648,42,0,648,0,4,0,"35-39 "
1095708,75,22619,5,0,6846,15773,31,44,"40-44 "
1095807,19,2459,12,1,1776,683,12,7,"35-39 "
1095814,9,1369,8,0,1369,0,9,0,"40-44 "
1095821,4,205,38,1,205,0,4,0,"60-64 "
1095838,25,7185,8,1,6018,1167,21,4,"40-44 "
1096019,5,2997,15,5,2938,59,4,1,"40-44 "
1096095,6,1595,26,0,0,1595,0,6,"45-49 "
1096385,7,1108,16,0,1108,0,7,0,"30-34 "
1096613,14,799,14,1,799,0,14,0,"30-34 "
1096651,9,1006,5,0,0,1006,0,9,"40-44 "
1096859,17,4581,9,0,4581,0,17,0,">65 "
1096903,38,2957,18,1,0,2957,0,38,">65 "
1096941,16,1619,2,2,1619,0,16,0,"25-29 "
1097399,24,3014,11,0,0,3014,0,24,"35-39 "
1097771,19,1980,5,0,0,1980,0,19,"45-49 "
1097856,5,1691,19,0,0,1691,0,5,">65 "
1098143,45,2721,4,1,1853,868,21,24,"35-39 "
1098488,14,1916,7,2,1916,0,14,0,"50-54 "
1098839,22,1237,39,0,0,1237,0,22,">65 "
1099256,6,562,14,0,562,0,6,0,"40-44 "
1099966,8,10259,19,0,0,10259,0,8,"30-34 "
1100037,17,7743,4,1,200,7543,1,16,"40-44 "
1100105,1,29,42,0,29,0,1,0,">65 "
1100228,16,961,10,0,961,0,16,0,"25-29 "
1100969,1,1876,12,0,0,1876,0,1,"40-44 "
1101072,1,36,12,0,0,36,0,1,"55-59 "
1101508,1,380,25,0,0,380,0,1,"50-54 "
1101621,2,1035,22,0,1035,0,2,0,"30-34 "
1102109,2,127,28,0,127,0,2,0,"30-34 "
1102208,27,2138,37,0,2138,0,27,0,"30-34 "
1102321,5,1000,17,0,1000,0,5,0,"55-59 "
1102390,16,6466,4,1,0,6466,0,16,"30-34 "
1102420,55,5178,4,0,0,5178,0,55,"40-44 "
1102703,2,207,11,0,0,207,0,2,"45-49 "
1102710,15,3387,15,1,2969,418,8,7,"35-39 "
1102741,3,284,34,0,284,0,3,0,"40-44 "
1102802,16,2001,19,0,0,2001,0,16,"40-44 "
1102826,11,1083,12,0,0,1083,0,11,"40-44 "
1102833,2,5784,32,0,0,5784,0,2,"35-39 "
1103076,10,1246,12,0,0,1246,0,10,"30-34 "
1103236,17,53964,2,1,53964,0,17,0,"40-44 "
1103342,6,522,33,0,0,522,0,6,"25-29 "
1103465,14,1416,39,0,0,1416,0,14,"45-49 "
1103526,4,602,39,0,441,161,1,3,"40-44 "
1104189,16,1869,32,0,0,1869,0,16,"30-34 "
1104493,2,2744,6,0,2744,0,2,0,"40-44 "
1104844,9,885,32,0,0,885,0,9,"40-44 "
1104905,28,2348,4,1,784,1564,18,10,"45-49 "
1105155,12,783,16,0,783,0,12,0,"30-34 "
1105537,24,5510,5,1,0,5510,0,24,"50-54 "
1105889,49,4101,12,1,0,4101,0,49,"40-44 "
1106084,3,171,11,3,48,123,1,2,"40-44 "
1106190,12,3602,32,0,0,3602,0,12,">65 "
1106312,1,78,39,0,0,78,0,1,">65 "
1106329,58,10631,7,0,4987,5644,22,36,"30-34 "
1106749,14,9339,4,0,0,9339,0,14,">65 "
1107098,19,1556,32,0,1307,249,12,7,"45-49 "
1107739,5,748,26,0,0,748,0,5,"35-39 "
1107791,19,2465,6,0,1945,520,16,3,"35-39 "
1107937,23,9742,13,0,9742,0,23,0,"35-39 "
1108002,18,1943,39,0,0,1943,0,18,"45-49 "
1108828,58,6922,18,0,0,6922,0,58,"35-39 "
1108941,31,7171,6,0,7171,0,31,0,"40-44 "
1109146,11,1411,15,1,761,650,4,7,"30-34 "
1109511,1,60,32,0,0,60,0,1,"50-54 "
1109597,33,8880,20,1,8880,0,33,0,"40-44 "
1109634,1,36,21,0,36,0,1,0,">65 "
1109665,6,712,22,0,712,0,6,0,"40-44 "
1109757,119,56387,10,0,45039,11348,90,29,"25-29 "
1109887,36,8645,2,1,6104,2541,29,7,"25-29 "
1110241,21,1388,5,0,0,1388,0,21,">65 "
1110388,12,768,5,2,387,381,8,4,"35-39 "
1110401,12,1912,18,0,0,1912,0,12,"40-44 "
1110418,10,2408,5,2,0,2408,0,10,"40-44 "
1110432,5,303,32,0,0,303,0,5,"40-44 "
1110500,16,2034,11,1,0,2034,0,16,"35-39 "
1110685,4,354,35,0,354,0,4,0,">65 "
1110692,3,192,22,0,192,0,3,0,"40-44 "
1110968,7,489,25,0,0,489,0,7,"45-49 "
1111071,6,307,26,2,0,307,0,6,"40-44 "
1111163,90,15883,14,0,9364,6519,60,30,"40-44 "
1111217,3,1066,4,0,0,1066,0,3,"25-29 "
1111224,69,13452,12,0,0,13452,0,69,"35-39 "
1111231,13,6656,5,2,363,6293,4,9,"60-64 "
1111248,7,836,27,0,836,0,7,0,"50-54 "
1111460,63,10730,15,0,10730,0,63,0,"30-34 "
1111491,6,4272,13,0,4272,0,6,0,"50-54 "
1111552,24,1799,11,0,0,1799,0,24,"35-39 "
1111668,31,3921,12,1,0,3921,0,31,"30-34 "
1112191,59,15225,34,0,15225,0,59,0,">65 "
1112276,21,2482,2,2,2145,337,15,6,"45-49 "
1112368,14,2993,28,0,2993,0,14,0,"25-29 "
1112542,16,2752,6,0,557,2195,2,14,"35-39 "
1112962,6,994,25,0,0,994,0,6,"45-49 "
1113068,4,440,7,7,440,0,4,0,"40-44 "
1113228,10,1813,20,0,1813,0,10,0,"45-49 "
1113235,13,917,6,1,917,0,13,0,"40-44 "
1113952,54,5861,3,1,5390,471,46,8,">65 "
1114034,2,5328,41,0,5328,0,2,0,"45-49 "
1114188,34,4270,23,0,4270,0,34,0,"25-29 "
1114706,3,329,5,9,0,329,0,3,"60-64 "
1114737,9,946,27,0,946,0,9,0,"30-34 "
1115178,31,3845,4,1,0,3845,0,31,"60-64 "
1115291,20,2693,11,0,1557,1136,6,14,"40-44 "
1115512,46,5001,5,0,0,5001,0,46,"50-54 "
1115666,3,1285,34,0,1285,0,3,0,"35-39 "
1115703,2,5912,16,0,5912,0,2,0,"35-39 "
1116304,8,976,8,0,976,0,8,0,"35-39 "
1116533,6,1948,3,0,1948,0,6,0,"30-34 "
1116625,18,4547,3,2,3109,1438,12,6,"30-34 "
1116847,13,1785,18,0,0,1785,0,13,"30-34 "
1117042,103,8574,3,0,4388,4186,64,39,"50-54 "
1117950,6,1081,27,0,1081,0,6,0,"40-44 "
1118667,4,3293,18,0,0,3293,0,4,">65 "
1119305,4,1378,14,7,1378,0,4,0,">65 "
1119510,13,964,9,2,382,582,4,9,"40-44 "
1120042,20,1268,41,0,1268,0,20,0,"35-39 "
1120059,6,353,17,4,353,0,6,0,">65 "
1120172,3,323,14,1,323,0,3,0,"45-49 "
1120387,8,56601,18,0,0,56601,0,8,"25-29 "
1120479,10,2016,14,0,2016,0,10,0,"55-59 "
1120752,10,1197,11,0,0,1197,0,10,"45-49 "
1121179,7,614,14,0,614,0,7,0,"35-39 "
1121278,13,1418,16,0,1418,0,13,0,"40-44 "
1121292,2,166,11,3,140,26,1,1,"25-29 "
1121490,54,5472,5,1,2849,2623,27,27,"40-44 "
1122022,13,2370,24,0,2370,0,13,0,"45-49 "
1122152,63,29308,6,0,18106,11202,41,22,"50-54 "
1122411,13,751,32,0,0,751,0,13,"35-39 "
1122787,38,5034,2,1,5034,0,38,0,">65 "
1122923,1,33,25,0,0,33,0,1,"35-39 "
1122930,3,568,21,0,568,0,3,0,"60-64 "
1123029,1,95,34,0,95,0,1,0,"40-44 "
1123098,9,5397,18,0,0,5397,0,9,"30-34 "
1123395,7,4719,41,0,4719,0,7,0,"55-59 "
1123470,1,480,10,0,480,0,1,0,">65 "
1124040,9,1033,35,0,654,379,6,3,">65 "
1124163,25,13163,4,1,0,13163,0,25,"40-44 "
1124262,2,1093,7,0,1093,0,2,0,"40-44 "
1124354,30,5279,6,1,3607,1672,17,13,"35-39 "
1124439,15,3955,29,1,3776,179,11,4,"50-54 "
1124880,15,5357,5,0,0,5357,0,15,"35-39 "
1124989,8,1785,3,2,1785,0,8,0,"40-44 "
1125016,8,669,33,0,0,669,0,8,"25-29 "
1125313,22,4551,3,2,3883,668,11,11,"30-34 "
1125368,15,1849,21,1,1849,0,15,0,"45-49 "
1125504,5,388,17,0,388,0,5,0,"35-39 "
1125535,5,622,3,0,622,0,5,0,"35-39 "
1125542,24,5691,4,0,0,5691,0,24,"40-44 "
1125962,18,2088,3,2,2088,0,18,0,"35-39 "
1126006,6,406,28,0,406,0,6,0,"55-59 "
1126143,6,1223,32,0,0,1223,0,6,"45-49 "
1126396,6,330,35,1,282,48,3,3,">65 "
1126402,14,2944,8,0,2944,0,14,0,">65 "
1126495,7,846,30,0,846,0,7,0,"40-44 "
1126532,1,195,8,0,195,0,1,0,"45-49 "
1126754,8,709,10,3,709,0,8,0,"<25 "
1126860,16,5179,19,1,4463,716,9,7,"35-39 "
1126969,14,5498,37,0,5498,0,14,0,"30-34 "
1127881,8,827,25,2,484,343,4,4,"40-44 "
1128055,14,1528,40,0,0,1528,0,14,"35-39 "
1128253,16,3149,22,0,3149,0,16,0,"45-49 "
1128277,11,935,33,0,0,935,0,11,"35-39 "
1128536,5,12129,22,0,12129,0,5,0,"55-59 "
1128581,12,1074,14,0,1074,0,12,0,"35-39 "
1128970,3,425,31,0,425,0,3,0,"35-39 "
1129151,5,593,42,0,593,0,5,0,"30-34 "
1129441,6,1567,2,1,1331,236,5,1,"30-34 "
1129458,44,8663,2,1,2067,6596,26,18,"35-39 "
1130133,18,2786,18,0,0,2786,0,18,">65 "
1131055,1,990,38,0,990,0,1,0,"<25 "
1131246,4,717,37,0,717,0,4,0,">65 "
1131512,5,400,25,0,0,400,0,5,">65 "
1131543,22,2485,5,1,1206,1279,10,12,"50-54 "
1131550,2,132,6,0,132,0,2,0,">65 "
1131703,3,167,38,0,167,0,3,0,"25-29 "
1131987,12,1620,4,0,0,1620,0,12,"30-34 "
1132182,32,3738,5,1,1905,1833,15,17,"50-54 "
1132250,4,604,12,0,0,604,0,4,">65 "
1132502,5,3727,42,0,3727,0,5,0,"50-54 "
1132656,13,2475,25,0,0,2475,0,13,"35-39 "
1132731,13,2894,27,0,2894,0,13,0,"40-44 "
1133066,13,4291,40,0,1727,2564,10,3,"30-34 "
1133110,4,839,25,0,0,839,0,4,">65 "
1133677,16,5042,17,0,5042,0,16,0,">65 "
1133943,27,5138,7,1,5138,0,27,0,">65 "
1134414,8,523,31,0,523,0,8,0,"35-39 "
1134568,19,3003,19,0,0,3003,0,19,"30-34 "
1134926,8,1225,3,4,1225,0,8,0,"40-44 "
1135046,17,2737,4,2,1053,1684,6,11,"45-49 "
1135053,10,811,18,0,0,811,0,10,"45-49 "
1135077,9,2512,33,0,0,2512,0,9,"40-44 "
1135121,19,3999,19,1,1180,2819,8,11,"35-39 "
1135275,8,830,10,1,285,545,1,7,"35-39 "
1135510,26,3382,12,1,198,3184,4,22,"50-54 "
1135565,34,2591,6,1,1175,1416,19,15,"35-39 "
1135725,7,845,39,0,0,845,0,7,"40-44 "
1136128,2,744,37,0,744,0,2,0,">65 "
1136364,39,11711,11,1,0,11711,0,39,"50-54 "
1136449,18,3695,2,1,1671,2024,9,9,"40-44 "
1136463,14,2269,33,0,0,2269,0,14,"45-49 "
1136548,5,318,42,0,318,0,5,0,"55-59 "
1136562,5,570,7,4,570,0,5,0,">65 "
1136579,16,983,4,2,459,524,7,9,"50-54 "
1136784,6,3284,16,1,3284,0,6,0,">65 "
1136791,62,12471,3,1,8424,4047,39,23,">65 "
1136814,7,1377,8,2,1221,156,4,3,"30-34 "
1137002,4,1184,13,2,189,995,3,1,"40-44 "
1137378,5,942,35,0,942,0,5,0,"45-49 "
1137392,27,2291,25,1,938,1353,5,22,"40-44 "
1137903,20,1359,20,0,1359,0,20,0,">65 "
1137972,11,605,6,0,605,0,11,0,"40-44 "
1138108,7,482,11,2,0,482,0,7,"35-39 "
1138207,20,2772,16,1,2772,0,20,0,">65 "
1139402,35,3674,15,0,2411,1263,27,8,"40-44 "
1139549,17,2746,3,2,1042,1704,8,9,"45-49 "
1139617,54,3219,9,1,3219,0,54,0,"45-49 "
1139822,1,220,15,0,220,0,1,0,"55-59 "
1139839,20,2078,31,0,2078,0,20,0,"25-29 "
1139884,5,252,12,5,119,133,2,3,"35-39 "
1140118,3,20896,7,9,20896,0,3,0,"50-54 "
1140460,1,516,37,0,516,0,1,0,">65 "
1140989,38,7890,5,1,5302,2588,12,26,"40-44 "
1141054,6,3721,19,0,0,3721,0,6,"55-59 "
1141061,4,557,4,0,0,557,0,4,"40-44 "
1141337,8,986,25,0,0,986,0,8,"35-39 "
1141344,29,2538,11,1,0,2538,0,29,"25-29 "
1141627,34,3420,15,1,3420,0,34,0,"35-39 "
1141658,5,541,10,0,541,0,5,0,"30-34 "
1141726,3,320,34,0,320,0,3,0,"35-39 "
1141900,15,1165,11,0,0,1165,0,15,"35-39 "
1142044,15,7902,4,2,5377,2525,13,2,"30-34 "
1142198,7,1189,19,0,0,1189,0,7,"45-49 "
1142709,17,1773,40,0,507,1266,7,10,"45-49 "
1143263,22,2102,33,0,0,2102,0,22,"40-44 "
1143409,21,3366,11,1,1864,1502,9,12,"45-49 "
1143591,14,1979,19,0,0,1979,0,14,"60-64 "
1143850,18,2006,19,0,0,2006,0,18,"40-44 "
1144055,24,3506,19,0,0,3506,0,24,"45-49 "
1144185,14,2841,2,3,2273,568,11,3,"35-39 "
1144765,10,730,25,0,0,730,0,10,"<25 "
1144819,16,1965,32,0,0,1965,0,16,"50-54 "
1144994,14,950,35,0,950,0,14,0,"50-54 "
1145236,2,432,17,0,432,0,2,0,"50-54 "
1145335,1,378,10,0,378,0,1,0,"25-29 "
1145342,5,854,38,0,854,0,5,0,"35-39 "
1145496,28,4947,18,0,0,4947,0,28,"40-44 "
1145748,1,369,9,0,369,0,1,0,"40-44 "
1145915,9,1873,7,3,1873,0,9,0,"35-39 "
1145946,12,2908,21,0,2908,0,12,0,"40-44 "
1146134,7,2545,2,0,2545,0,7,0,"45-49 "
1147155,3,256,4,0,0,256,0,3,"45-49 "
1147667,18,3483,14,1,2103,1380,8,10,">65 "
1147766,11,1227,14,0,1227,0,11,0,"35-39 "
1148121,52,4546,27,0,1234,3312,13,39,"35-39 "
1148282,43,6130,4,1,3444,2686,22,21,">65 "
1148923,19,1159,9,1,1159,0,19,0,"40-44 "
1149210,25,6167,4,1,1483,4684,8,17,">65 "
1149272,10,3138,33,0,0,3138,0,10,">65 "
1149326,6,3144,2,6,3045,99,5,1,"50-54 "
1149333,6,2825,9,0,2825,0,6,0,"40-44 "
1149579,16,1875,22,1,1235,640,11,5,">65 "
1149647,20,4068,14,1,2436,1632,8,12,"25-29 "
1149654,3,779,17,0,779,0,3,0,"50-54 "
1149937,6,14916,17,4,14916,0,6,0,"35-39 "
1150469,12,1250,4,0,0,1250,0,12,">65 "
1150681,11,762,8,2,762,0,11,0,"30-34 "
1151404,45,11876,6,1,11530,346,40,5,"50-54 "
1151459,1,60,35,0,60,0,1,0,"35-39 "
1151572,19,2576,25,0,0,2576,0,19,"40-44 "
1151596,2,187,30,0,187,0,2,0,"25-29 "
1151664,8,822,12,0,0,822,0,8,"25-29 "
1151718,38,30600,17,1,12423,18177,21,17,"30-34 "
1151886,4,335,28,0,335,0,4,0,"40-44 "
1152067,28,8896,10,0,8896,0,28,0,"40-44 "
1152302,11,1872,26,0,0,1872,0,11,"35-39 "
1152333,36,29297,12,0,5643,23654,31,5,"25-29 "
1152418,6,629,5,0,259,370,2,4,"40-44 "
1152449,7,499,34,0,499,0,7,0,">65 "
1152463,6,816,38,0,816,0,6,0,"55-59 "
1152623,45,13434,5,1,4681,8753,18,27,"25-29 "
1152715,32,2639,3,1,1470,1169,14,18,"45-49 "
1152883,10,1584,15,0,1584,0,10,0,"45-49 "
1153576,111,41917,18,0,0,41917,0,111,"30-34 "
1153644,25,8564,6,1,8564,0,25,0,"50-54 "
1153767,27,6030,18,0,0,6030,0,27,"50-54 "
1153828,17,1919,25,0,0,1919,0,17,"30-34 "
1154153,41,3520,4,1,3035,485,36,5,"45-49 "
1154221,17,1863,16,1,1863,0,17,0,"30-34 "
1154351,9,752,35,0,219,533,5,4,"35-39 "
1155112,12,1280,18,0,396,884,1,11,"40-44 "
1155266,104,15725,6,0,11882,3843,82,22,"40-44 "
1155402,5,748,35,0,748,0,5,0,">65 "
1155440,7,856,19,0,0,856,0,7,"50-54 "
1155693,31,10414,33,0,0,10414,0,31,"45-49 "
1155778,6,465,4,0,0,465,0,6,"30-34 "
1155860,3,52,10,0,52,0,3,0,"40-44 "
1155952,6,735,5,0,0,735,0,6,"30-34 "
1156065,13,1452,38,0,1452,0,13,0,">65 "
1156089,3,504,15,0,504,0,3,0,"30-34 "
1156249,1,36,18,0,0,36,0,1,"45-49 "
1156331,1,24,40,0,0,24,0,1,"25-29 "
1156362,37,3209,3,1,490,2719,9,28,"30-34 "
1156591,6,654,4,5,113,541,2,4,"45-49 "
1156621,3,732,21,0,732,0,3,0,"40-44 "
1156720,12,1438,16,1,870,568,5,7,"50-54 "
1156805,2,1050,28,0,1050,0,2,0,"25-29 "
1156843,67,7852,7,0,1162,6690,16,51,"45-49 "
1157147,7,863,15,0,863,0,7,0,"35-39 "
1157178,11,1669,19,0,0,1669,0,11,"45-49 "
1157185,26,9538,5,1,5563,3975,17,9,"35-39 "
1157406,32,7527,25,0,0,7527,0,32,"40-44 "
1157468,33,3329,4,1,1280,2049,14,19,"45-49 "
1157505,21,2537,2,2,2537,0,21,0,"35-39 "
1157512,37,11220,12,0,0,11220,0,37,"40-44 "
1157581,5,913,28,0,913,0,5,0,"35-39 "
1157901,22,4004,41,0,4004,0,22,0,"35-39 "
1157918,5,370,20,1,370,0,5,0,"50-54 "
1157970,7,1197,7,5,1197,0,7,0,"60-64 "
1158168,20,1487,17,0,1487,0,20,0,"45-49 "
1158274,1,74,29,0,74,0,1,0,"45-49 "
1158816,74,11475,3,1,3959,7516,33,41,"50-54 "
1159219,2,69,34,0,69,0,2,0,">65 "
1159264,10,1689,22,0,1689,0,10,0,">65 "
1159486,44,4671,3,1,2118,2553,22,22,"45-49 "
1159677,10,1561,30,0,1561,0,10,0,"25-29 "
1160192,44,9452,8,1,647,8805,8,36,"30-34 "
1160482,5,901,19,4,0,901,0,5,"50-54 "
1160604,27,3092,39,0,0,3092,0,27,"45-49 "
1160734,6,1256,5,0,0,1256,0,6,"35-39 "
1160765,3,133,32,0,0,133,0,3,"45-49 "
1160802,22,4783,14,0,4783,0,22,0,"45-49 "
1160871,3,537,15,0,537,0,3,0,"30-34 "
1161212,52,6619,18,0,0,6619,0,52,"40-44 "
1161267,2,258,33,0,0,258,0,2,"60-64 "
1161526,10,678,33,1,400,278,6,4,">65 "
1161755,9,714,11,3,365,349,5,4,">65 "
1162004,9,790,19,2,493,297,6,3,"55-59 "
1162080,29,2179,32,0,0,2179,0,29,"50-54 "
1162134,59,22049,4,0,0,22049,0,59,"40-44 "
1162820,24,5239,24,0,4910,329,20,4,"35-39 "
1163063,36,6496,18,1,296,6200,5,31,"35-39 "
1163193,3,461,31,0,461,0,3,0,"50-54 "
1163209,5,490,22,0,490,0,5,0,"45-49 "
1163438,4,1074,38,0,1074,0,4,0,"45-49 "
1163636,26,4253,5,1,1026,3227,7,19,"45-49 "
1163674,25,2534,10,1,1363,1171,15,10,"35-39 "
1163919,27,7254,14,1,7254,0,27,0,"30-34 "
1163964,7,698,27,2,698,0,7,0,"35-39 "
1163995,8,3367,32,0,0,3367,0,8,">65 "
1164152,6,518,15,3,518,0,6,0,"40-44 "
1164268,12,3417,12,2,3068,349,8,4,"35-39 "
1164305,19,4581,26,1,1652,2929,1,18,"30-34 "
1164565,27,1726,14,1,1548,178,24,3,"30-34 "
1164787,2,6540,6,0,6540,0,2,0,"40-44 "
1165012,3,659,39,0,0,659,0,3,"25-29 "
1165197,4,5620,19,6,179,5441,1,3,"40-44 "
1165449,5,626,11,0,0,626,0,5,"45-49 "
1165609,9,665,25,0,0,665,0,9,"35-39 "
1165647,31,4362,34,0,2946,1416,20,11,"45-49 "
1165715,11,1049,4,3,333,716,3,8,"35-39 "
1165807,4,852,19,2,0,852,0,4,"40-44 "
1166026,14,2817,3,3,1282,1535,7,7,"40-44 "
1166347,18,8044,2,2,1323,6721,2,16,"25-29 "
1166507,22,1327,10,1,1278,49,21,1,"40-44 "
1166552,17,1753,15,0,1753,0,17,0,"40-44 "
1166651,6,481,25,0,0,481,0,6,"30-34 "
1166781,4,140,36,0,140,0,4,0,"30-34 "
1166804,7,639,4,0,0,639,0,7,"40-44 "
1166811,14,1393,36,0,1393,0,14,0,">65 "
1166941,18,3407,36,0,3407,0,18,0,"25-29 "
1166965,8,853,7,1,853,0,8,0,"50-54 "
1167115,20,13158,26,0,0,13158,0,20,"35-39 "
1167382,30,3397,16,0,2619,778,18,12,"40-44 "
1167429,12,2324,14,0,2324,0,12,0,"40-44 "
1167443,5,1182,32,0,0,1182,0,5,"35-39 "
1167474,26,3240,32,0,0,3240,0,26,"50-54 "
1167511,2,158,32,0,0,158,0,2,"35-39 "
1167665,11,1612,3,1,350,1262,3,8,"45-49 "
1167801,10,2749,11,0,0,2749,0,10,"30-34 "
1167825,5,875,4,3,0,875,0,5,"35-39 "
1167993,9,519,8,0,519,0,9,0,"35-39 "
1168075,11,1950,34,0,1950,0,11,0,"35-39 "
1168389,6,4131,21,0,4131,0,6,0,"40-44 "
1168709,128,18819,4,0,5186,13633,34,94,"45-49 "
1169140,11,870,15,2,870,0,11,0,"25-29 "
1169331,26,8255,9,1,7449,806,12,14,"45-49 "
1169454,3,447,39,0,0,447,0,3,"30-34 "
1169706,4,468,25,0,0,468,0,4,"40-44 "
1170764,15,947,6,0,947,0,15,0,"30-34 "
1170771,10,3026,4,0,0,3026,0,10,"25-29 "
1171433,53,7378,21,0,7378,0,53,0,"35-39 "
1171853,11,2885,37,0,2885,0,11,0,"30-34 "
1171921,17,4966,26,1,1712,3254,4,13,"40-44 "
1171990,3,211,17,0,211,0,3,0,"30-34 "
1172102,29,3807,5,1,0,3807,0,29,"35-39 "
1172492,3,969,11,0,0,969,0,3,">65 "
1172508,4,2917,24,0,2917,0,4,0,"35-39 "
1172591,57,9084,25,0,0,9084,0,57,"40-44 "
1172744,12,1530,38,0,656,874,4,8,"40-44 "
1172829,2,123,43,0,123,0,2,0,"35-39 "
1172850,16,2079,16,1,2079,0,16,0,"35-39 "
1172874,1,44,5,0,0,44,0,1,"35-39 "
1172973,6,918,12,0,0,918,0,6,"35-39 "
1172980,62,8168,19,0,0,8168,0,62,"35-39 "
1173154,52,5111,11,0,2508,2603,23,29,"45-49 "
1173178,11,1287,27,1,866,421,4,7,"50-54 "
1173321,24,1812,32,0,0,1812,0,24,"35-39 "
1173543,6,1103,16,0,1103,0,6,0,"40-44 "
1173642,7,16780,30,1,16780,0,7,0,"35-39 "
1173741,14,1772,43,0,1772,0,14,0,"40-44 "
1173819,11,12317,18,0,9458,2859,4,7,"40-44 "
1174090,10,1036,14,0,1036,0,10,0,"40-44 "
1174243,1,125,9,0,125,0,1,0,"45-49 "
1174557,6,1794,8,1,1794,0,6,0,"40-44 "
1174649,16,5746,7,1,5746,0,16,0,"35-39 "
1174670,1,36,4,0,0,36,0,1,"50-54 "
1174700,16,4701,34,0,4701,0,16,0,"40-44 "
1174823,18,3756,2,1,3756,0,18,0,"40-44 "
1174885,12,950,2,3,950,0,12,0,"35-39 "
1174939,46,5085,1,1,5085,0,46,0,"30-34 "
1175066,11,753,9,0,753,0,11,0,"45-49 "
1175103,10,2382,15,2,2382,0,10,0,"50-54 "
1175172,12,3007,31,0,3007,0,12,0,"40-44 "
1175196,60,4161,2,1,4161,0,60,0,"30-34 "
1175202,4,627,38,0,627,0,4,0,"40-44 "
1175226,1,840,11,0,0,840,0,1,"30-34 "
1175233,7,1044,26,0,0,1044,0,7,"60-64 "
1175486,39,6057,11,0,1437,4620,11,28,"45-49 "
1175660,30,3545,16,1,3545,0,30,0,"45-49 "
1175783,14,2788,4,2,661,2127,5,9,"25-29 "
1175912,31,2949,8,1,2949,0,31,0,"40-44 "
1176018,18,8622,15,1,8622,0,18,0,">65 "
1176049,3,1348,18,5,0,1348,0,3,"40-44 "
1176056,19,1318,18,0,0,1318,0,19,"30-34 "
1176117,2,1244,16,0,1244,0,2,0,"35-39 "
1176223,60,9060,4,1,1778,7282,24,36,"25-29 "
1176667,3,32270,2,2,32270,0,3,0,"35-39 "
1176780,3,248,25,0,0,248,0,3,"45-49 "
1177138,23,4219,19,0,0,4219,0,23,"40-44 "
1177145,10,842,5,3,699,143,6,4,"50-54 "
1177381,2,175,9,0,175,0,2,0,"25-29 "
1177398,1,60,35,0,60,0,1,0,"40-44 "
1177411,3,349,22,0,349,0,3,0,">65 "
1177732,10,1694,14,3,1694,0,10,0,"50-54 "
1177824,3,167,17,0,167,0,3,0,"45-49 "
1178067,21,4078,11,1,3378,700,20,1,"50-54 "
1178098,18,1961,5,0,0,1961,0,18,"45-49 "
1178265,2,468,34,0,468,0,2,0,"30-34 "
1178395,12,1096,19,2,208,888,2,10,"50-54 "
1178517,56,4080,12,0,2828,1252,40,16,"30-34 "
1178593,3,512,5,0,0,512,0,3,"40-44 "
1178654,7,2601,13,2,891,1710,2,5,"55-59 "
1178760,6,626,34,0,626,0,6,0,"40-44 "
1178777,8,674,2,4,674,0,8,0,"50-54 "
1178814,17,2308,32,0,0,2308,0,17,"40-44 "
1178821,26,4252,3,1,4252,0,26,0,"40-44 "
1179019,4,352,28,0,352,0,4,0,"<25 "
1179477,2,4531,16,0,4531,0,2,0,"<25 "
1179491,101,28641,19,0,17667,10974,58,43,"50-54 "
1179576,10,559,25,0,0,559,0,10,"30-34 "
1179644,20,3834,17,0,3834,0,20,0,"45-49 "
1179675,13,1213,2,3,1213,0,13,0,">65 "
1179897,1,539,25,0,0,539,0,1,"60-64 "
1179958,8,639,6,1,639,0,8,0,"45-49 "
1180404,19,2341,16,0,2341,0,19,0,"35-39 "
1180626,19,3199,5,0,0,3199,0,19,"45-49 "
1180664,1,60,35,0,60,0,1,0,"60-64 "
1180671,3,2284,7,0,2284,0,3,0,"30-34 "
1180688,2,123,30,0,123,0,2,0,"50-54 "
1180961,13,2271,2,1,1248,1023,4,9,"25-29 "
1181265,8,8189,10,0,8189,0,8,0,"50-54 "
1181326,16,1680,14,0,1680,0,16,0,"60-64 "
1181388,3,1946,28,0,1946,0,3,0,"45-49 "
1181418,7,1270,42,0,1270,0,7,0,"45-49 "
1181722,13,1261,3,0,1261,0,13,0,"30-34 "
1181906,7,469,16,1,469,0,7,0,"55-59 "
1181920,5,1223,26,0,0,1223,0,5,"25-29 "
1181951,14,1670,17,0,1670,0,14,0,"35-39 "
1181975,4,4124,4,2,0,4124,0,4,"45-49 "
1182002,6,511,22,0,511,0,6,0,"25-29 "
1182040,40,6349,8,1,6349,0,40,0,">65 "
1182101,9,313,18,1,0,313,0,9,"30-34 "
1182231,9,979,15,3,130,849,2,7,">65 "
1182330,6,186,33,0,0,186,0,6,"35-39 "
1182422,6,316,19,0,0,316,0,6,"40-44 "
1182439,12,1917,16,0,1917,0,12,0,"55-59 "
1182507,49,3985,6,1,1185,2800,17,32,"35-39 "
1182590,11,2237,25,0,0,2237,0,11,"40-44 "
1182606,5,441,15,3,441,0,5,0,"40-44 "
1182705,3,175,11,0,0,175,0,3,"25-29 "
1182996,10,9817,40,0,0,9817,0,10,"45-49 "
1183054,33,3315,19,1,1414,1901,12,21,"30-34 "
1183061,6,899,25,0,0,899,0,6,"35-39 "
1183184,9,13629,7,0,13629,0,9,0,"35-39 "
1183276,4,2632,19,0,0,2632,0,4,"35-39 "
1183382,4,352,17,0,352,0,4,0,">65 "
1183405,14,1340,25,0,0,1340,0,14,"45-49 "
1183511,7,1160,8,4,1160,0,7,0,"30-34 "
1183665,16,1757,13,1,732,1025,12,4,"45-49 "
1183931,36,4797,9,1,4586,211,30,6,"50-54 "
1183955,18,2549,10,2,1891,658,9,9,"40-44 "
1183986,9,766,20,2,766,0,9,0,"45-49 "
1184334,24,2844,5,1,720,2124,7,17,">65 "
1184556,9,972,28,0,972,0,9,0,"25-29 "
1184631,16,2299,11,0,0,2299,0,16,"30-34 "
1184969,10,2932,19,0,0,2932,0,10,"30-34 "
1185089,5,2917,32,0,0,2917,0,5,"45-49 "
1185096,11,965,2,1,570,395,5,6,"35-39 "
1185133,32,2522,5,1,926,1596,14,18,"25-29 "
1185218,2,464,34,0,464,0,2,0,"45-49 "
1185416,100,6273,3,0,5323,950,80,20,"45-49 "
1185577,4,122,38,0,122,0,4,0,"30-34 "
1185638,34,17995,14,0,5089,12906,10,24,"25-29 "
1185676,32,2465,6,1,2465,0,32,0,"30-34 "
1185751,14,2141,18,0,0,2141,0,14,"25-29 "
1185843,6,346,37,0,346,0,6,0,"25-29 "
1185881,15,2616,23,1,2616,0,15,0,"50-54 "
1185966,3,316,12,7,0,316,0,3,"50-54 "
1186017,11,3370,31,1,2854,516,10,1,"50-54 "
1186031,26,3365,3,2,2655,710,20,6,"30-34 "
1186116,7,502,5,4,86,416,2,5,"35-39 "
1186253,3,183,10,0,183,0,3,0,"45-49 "
1186406,6,769,26,0,0,769,0,6,"35-39 "
1186444,26,4226,7,1,4226,0,26,0,"60-64 "
1186888,2,2632,26,0,0,2632,0,2,"50-54 "
1186987,83,18917,4,0,16311,2606,63,20,">65 "
1187137,92,11036,5,0,0,11036,0,92,"45-49 "
1187144,8,547,14,0,547,0,8,0,">65 "
1187366,42,2918,7,1,2918,0,42,0,"25-29 "
1187410,78,7906,5,0,115,7791,2,76,"40-44 "
1187427,9,2460,19,2,189,2271,3,6,"25-29 "
1187649,10,700,37,0,700,0,10,0,"50-54 "
1187786,15,12709,16,1,11434,1275,10,5,"35-39 "
1187984,2,188,3,0,188,0,2,0,"55-59 "
1188011,7,998,18,0,0,998,0,7,"35-39 "
1188042,17,3412,17,0,1594,1818,10,7,"35-39 "
1188059,24,1753,3,1,345,1408,2,22,"50-54 "
1188097,16,3043,7,2,1441,1602,10,6,"30-34 "
1188516,22,2351,3,2,2351,0,22,0,"50-54 "
1188530,1,42,14,0,42,0,1,0,">65 "
1188608,8,482,24,1,361,121,5,3,"35-39 "
1188929,1,963,15,0,963,0,1,0,">65 "
1189025,4,5829,12,8,1008,4821,2,2,"30-34 "
1189322,1,60,34,0,60,0,1,0,"45-49 "
1189490,9,1082,34,0,1082,0,9,0,"60-64 "
1189599,35,5046,2,0,1874,3172,10,25,"35-39 "
1190106,2,205,18,0,0,205,0,2,"55-59 "
1190540,1,396,21,0,396,0,1,0,"60-64 "
1190601,6,670,19,0,0,670,0,6,"35-39 "
1190915,27,4097,20,0,836,3261,7,20,"30-34 "
1190922,1,225,39,0,0,225,0,1,"40-44 "
1191004,43,6855,3,1,5022,1833,30,13,"25-29 "
1191141,28,70861,9,1,70588,273,24,4,"30-34 "
1191219,45,3827,3,1,3827,0,45,0,"55-59 "
1191349,24,3456,2,1,2938,518,18,6,"30-34 "
1191417,54,5912,15,0,5912,0,54,0,"40-44 "
1191431,23,1635,21,1,1635,0,23,0,"35-39 "
1191448,8,2513,40,0,0,2513,0,8,"30-34 "
1191455,20,1389,16,1,1389,0,20,0,"40-44 "
1191493,6,417,6,0,417,0,6,0,"30-34 "
1191639,27,4524,24,0,4524,0,27,0,"45-49 "
1191950,2,195,12,0,0,195,0,2,">65 "
1192469,15,4311,18,0,0,4311,0,15,">65 "
1192674,1,368,8,0,368,0,1,0,"30-34 "
1192681,15,1375,25,0,0,1375,0,15,"35-39 "
1192827,3,115,4,10,0,115,0,3,"50-54 "
1192988,14,1869,6,0,1869,0,14,0,">65 "
1192995,6,561,18,0,0,561,0,6,"40-44 "
1193084,25,4037,20,0,378,3659,4,21,"30-34 "
1193305,2,135,34,0,135,0,2,0,">65 "
1193510,1,3780,28,0,3780,0,1,0,"50-54 "
1193695,7,1512,10,0,1512,0,7,0,"45-49 "
1193787,13,1235,25,0,0,1235,0,13,"30-34 "
1193824,5,365,14,0,365,0,5,0,"30-34 "
1193855,10,1232,19,0,0,1232,0,10,"45-49 "
1194173,41,13591,9,0,13591,0,41,0,"35-39 "
1194197,16,1977,11,0,0,1977,0,16,"45-49 "
1194333,2,939,22,0,939,0,2,0,"35-39 "
1194340,6,955,18,0,0,955,0,6,"35-39 "
1194951,25,3014,25,0,0,3014,0,25,"35-39 "
1195101,26,2590,8,1,2590,0,26,0,"45-49 "
1195118,35,3283,6,1,2926,357,26,9,"35-39 "
1195309,23,3290,24,1,3290,0,23,0,"25-29 "
1195514,11,1038,33,0,0,1038,0,11,"30-34 "
1195538,40,28396,14,0,26682,1714,35,5,"45-49 "
1195613,33,4271,3,1,3848,423,26,7,"30-34 "
1195873,28,4536,6,1,4536,0,28,0,">65 "
1196139,22,8599,5,0,0,8599,0,22,"30-34 "
1196252,26,4223,5,0,0,4223,0,26,"30-34 "
1196276,27,2372,10,1,2372,0,27,0,"40-44 "
1196467,6,692,11,0,0,692,0,6,"35-39 "
1196658,4,254,10,6,99,155,1,3,"35-39 "
1196672,19,2602,33,0,2170,432,14,5,"50-54 "
1196863,6,1032,18,0,0,1032,0,6,"35-39 "
1196962,6,541,8,0,541,0,6,0,"50-54 "
1196986,20,3241,4,0,0,3241,0,20,"50-54 "
1197051,8,2143,19,2,89,2054,1,7,"40-44 "
1197112,8,992,19,0,0,992,0,8,"50-54 "
1197549,5,695,6,3,344,351,2,3,"40-44 "
1197624,13,1258,17,0,1258,0,13,0,"50-54 "
1197693,1,29,38,0,29,0,1,0,"40-44 "
1197709,126,29652,6,0,23209,6443,92,34,"45-49 "
1197754,1,89,8,0,89,0,1,0,"55-59 "
1198010,23,6296,25,1,801,5495,5,18,"30-34 "
1198188,8,3586,16,0,3586,0,8,0,"25-29 "
1198454,26,10720,10,1,4417,6303,10,16,"40-44 "
1198768,17,26535,39,0,0,26535,0,17,">65 "
1199499,28,4215,18,0,3005,1210,19,9,"45-49 "
1199628,15,2074,19,0,0,2074,0,15,"50-54 "
1199642,43,3413,5,1,140,3273,2,41,"30-34 "
1199741,34,3456,18,0,0,3456,0,34,"25-29 "
1199765,22,3417,4,2,3318,99,21,1,"40-44 "
1199833,20,1839,13,1,1376,463,15,5,"60-64 "
1199864,7,375,16,0,375,0,7,0,"50-54 "
1200010,44,4327,6,1,2217,2110,13,31,"<25 "
1200027,18,1562,5,2,0,1562,0,18,"50-54 "
1200034,14,19311,19,0,11259,8052,9,5,"25-29 "
1200218,19,1509,25,1,1020,489,11,8,"40-44 "
1200584,2,96,18,8,0,96,0,2,"30-34 "
1200607,5,231,12,0,0,231,0,5,"35-39 "
1200614,13,711,5,0,0,711,0,13,"40-44 "
1200621,12,2508,18,2,0,2508,0,12,"35-39 "
1200751,1,800,35,0,800,0,1,0,"45-49 "
1200850,2,432,18,0,0,432,0,2,"50-54 "
1200966,20,1376,3,2,648,728,12,8,"50-54 "
1200973,1,36,18,0,0,36,0,1,"30-34 "
1201048,13,1880,16,0,1880,0,13,0,"30-34 "
1201284,2,218,11,0,0,218,0,2,"35-39 "
1201604,1,1904,14,0,1904,0,1,0,"30-34 "
1201741,5,320,18,2,138,182,2,3,"35-39 "
1201802,43,3398,19,0,0,3398,0,43,"40-44 "
1201925,23,8567,17,0,4440,4127,5,18,"50-54 "
1202182,7,805,28,0,805,0,7,0,"30-34 "
1202212,25,2104,4,1,832,1272,11,14,"35-39 "
1202243,30,1344,4,1,406,938,10,20,"55-59 "
1202335,28,1845,23,1,1599,246,26,2,"40-44 "
1202380,14,3771,10,2,3771,0,14,0,"30-34 "
1202410,7,7208,25,1,6660,548,5,2,"25-29 "
1202434,64,13302,2,1,11318,1984,49,15,"40-44 "
1202458,14,13760,31,1,4417,9343,7,7,"35-39 "
1202533,15,1714,4,2,0,1714,0,15,"40-44 "
1202588,28,5446,4,1,1313,4133,7,21,"40-44 "
1202687,5,618,30,1,618,0,5,0,"25-29 "
1202694,5,492,18,5,469,23,4,1,"30-34 "
1202830,4,963,11,0,0,963,0,4,"30-34 "
1203158,30,9625,6,0,9625,0,30,0,"30-34 "
1203240,3,251,22,0,251,0,3,0,">65 "
1203622,12,2106,8,2,2106,0,12,0,"35-39 "
1203653,31,6699,19,1,0,6699,0,31,"35-39 "
1203677,16,1298,23,0,1298,0,16,0,"40-44 "
1204070,10,533,15,1,533,0,10,0,"30-34 "
1204117,12,1228,37,0,1228,0,12,0,"35-39 "
1204148,10,2443,27,0,2443,0,10,0,"30-34 "
1204308,6,212,35,1,212,0,6,0,"45-49 "
1204377,4,406,13,0,406,0,4,0,"25-29 "
1204742,10,2351,8,0,2351,0,10,0,"55-59 "
1205053,5,360,14,1,360,0,5,0,"40-44 "
1205343,27,2281,17,0,522,1759,7,20,"40-44 "
1205442,4,439,20,0,439,0,4,0,"35-39 "
1205695,3,284,28,0,284,0,3,0,"35-39 "
1205787,34,8502,2,0,309,8193,2,32,"35-39 "
1205954,11,4019,11,2,0,4019,0,11,"35-39 "
1206098,50,6426,4,1,3494,2932,16,34,"<25 "
1206111,31,3448,4,1,0,3448,0,31,"35-39 "
1206432,4,127,6,0,127,0,4,0,"55-59 "
1206814,1,126,2,0,126,0,1,0,"45-49 "
1207163,23,1740,5,0,707,1033,10,13,"35-39 "
1207378,22,1744,7,0,1744,0,22,0,"35-39 "
1207439,12,2702,18,0,0,2702,0,12,"30-34 "
1207460,25,6261,8,1,5380,881,20,5,"40-44 "
1207514,21,1880,22,1,1880,0,21,0,"40-44 "
1207811,23,3707,18,1,1264,2443,9,14,"35-39 "
1208214,2,2160,31,0,2160,0,2,0,"55-59 "
1208269,7,705,33,0,0,705,0,7,"30-34 "
1208481,27,2668,12,0,2419,249,22,5,"40-44 "
1208573,7,1429,4,3,624,805,5,2,"45-49 "
1208580,17,1539,14,0,1539,0,17,0,"25-29 "
1208726,14,1402,39,0,0,1402,0,14,"40-44 "
1208955,6,977,4,0,0,977,0,6,"30-34 "
1209013,6,427,41,0,427,0,6,0,"45-49 "
1209181,4,1044,2,0,1044,0,4,0,"35-39 "
1209556,10,2945,5,1,1923,1022,2,8,"45-49 "
1209563,17,11037,18,1,10133,904,11,6,"35-39 "
1210750,1,396,21,0,396,0,1,0,"60-64 "
1211139,1,140,41,0,140,0,1,0,"25-29 "
1211252,8,1696,34,0,1696,0,8,0,"40-44 "
1211269,21,6756,12,0,0,6756,0,21,"45-49 "
1211412,13,776,39,0,0,776,0,13,"50-54 "
1211504,28,3394,32,0,0,3394,0,28,"40-44 "
1211559,66,9193,5,1,3558,5635,20,46,"35-39 "
1211801,37,5920,19,0,0,5920,0,37,"50-54 "
1212235,29,17538,4,1,4071,13467,5,24,"40-44 "
1212587,2,321,7,0,321,0,2,0,"45-49 "
1212600,8,603,7,0,603,0,8,0,"45-49 "
1212631,20,3358,4,0,0,3358,0,20,"30-34 "
1212686,18,8791,12,1,1045,7746,8,10,"35-39 "
1212822,20,1523,39,0,0,1523,0,20,"35-39 "
1212839,39,5426,13,1,1646,3780,32,7,"30-34 "
1213201,6,899,8,0,899,0,6,0,"30-34 "
1213218,11,2350,19,0,0,2350,0,11,"45-49 "
1213379,27,4726,19,1,530,4196,4,23,"50-54 "
1213409,48,7253,5,1,6799,454,46,2,"40-44 "
1213522,5,735,31,1,675,60,4,1,"40-44 "
1213751,2,537,20,0,537,0,2,0,"45-49 "
1213775,9,1639,11,0,0,1639,0,9,"50-54 "
1213874,77,9498,4,0,0,9498,0,77,"50-54 "
1213881,25,6307,12,1,3630,2677,19,6,"40-44 "
1214222,19,2332,18,1,567,1765,5,14,"55-59 "
1214512,8,1047,36,0,1047,0,8,0,"40-44 "
1214918,18,1918,13,2,1918,0,18,0,"35-39 "
1215038,8,876,33,0,0,876,0,8,"45-49 "
1215151,18,1634,22,1,1634,0,18,0,"45-49 "
1215175,36,16876,5,1,1201,15675,19,17,"50-54 "
1215410,6,252,6,5,252,0,6,0,"30-34 "
1215489,19,1458,5,2,496,962,6,13,"35-39 "
1215557,10,3008,6,0,3008,0,10,0,"55-59 "
1215595,10,1906,32,0,0,1906,0,10,"35-39 "
1215656,12,4796,14,0,4796,0,12,0,"30-34 "
1215663,13,813,4,2,379,434,3,10,"<25 "
1215762,7,824,32,0,0,824,0,7,"30-34 "
1215854,3,533,7,11,488,45,2,1,"40-44 "
1215878,7,472,9,0,472,0,7,0,"40-44 "
1216455,13,1500,17,2,682,818,4,9,"30-34 "
1216516,21,3120,13,1,3120,0,21,0,"50-54 "
1216530,20,4646,4,2,0,4646,0,20,"35-39 "
1216783,26,1802,25,0,1524,278,20,6,"35-39 "
1216998,50,6832,3,1,4409,2423,27,23,">65 "
1217254,6,784,23,0,784,0,6,0,"40-44 "
1217537,3,184,18,0,0,184,0,3,"25-29 "
1217834,1,624,31,0,624,0,1,0,">65 "
1218022,7,579,18,0,0,579,0,7,"35-39 "
1218312,18,10160,20,1,10160,0,18,0,"40-44 "
1218473,5,1138,7,0,1138,0,5,0,"35-39 "
1218572,5,3196,12,0,0,3196,0,5,"30-34 "
1219425,10,3220,29,0,3220,0,10,0,"30-34 "
1219593,8,1535,30,0,1535,0,8,0,"30-34 "
1220018,8,2028,11,0,0,2028,0,8,"25-29 "
1220513,1,99,2,0,99,0,1,0,"60-64 "
1220551,8,2206,20,1,2206,0,8,0,"30-34 "
1220698,1,149,41,0,149,0,1,0,">65 "
1220810,42,8934,8,1,5045,3889,27,15,"35-39 "
1221268,28,2044,4,1,0,2044,0,28,"35-39 "
1221459,11,2914,41,0,2914,0,11,0,"45-49 "
1221558,11,3210,18,2,516,2694,1,10,"45-49 "
1221633,10,738,33,0,0,738,0,10,">65 "
1221688,7,1206,18,0,0,1206,0,7,">65 "
1222074,30,7304,15,0,7304,0,30,0,"50-54 "
1222470,3,1437,3,0,1437,0,3,0,"35-39 "
1223156,13,2230,18,0,0,2230,0,13,"30-34 "
1224047,15,1448,16,1,828,620,5,10,">65 "
1224238,17,2291,11,1,854,1437,5,12,"30-34 "
1224290,4,2127,14,0,2127,0,4,0,"30-34 "
1224306,40,4228,2,1,4228,0,40,0,"35-39 "
1224351,30,7282,4,0,0,7282,0,30,"55-59 "
1224368,23,2806,2,2,891,1915,10,13,"30-34 "
1224436,42,3827,4,1,1178,2649,14,28,"30-34 "
1224528,7,1451,16,0,1451,0,7,0,"30-34 "
1224634,2,144,24,0,144,0,2,0,"50-54 "
1224740,9,1106,2,0,556,550,5,4,">65 "
1225396,37,9517,16,0,8997,520,33,4,"40-44 "
1225532,16,1521,4,2,0,1521,0,16,"25-29 "
1227048,22,7640,9,2,5517,2123,13,9,"35-39 "
1227352,17,1908,25,0,0,1908,0,17,"30-34 "
1227406,1,90,2,0,90,0,1,0,"60-64 "
1227468,6,395,31,0,395,0,6,0,"55-59 "
1227550,14,4818,8,0,4818,0,14,0,"25-29 "
1227604,31,2089,4,0,0,2089,0,31,"40-44 "
1227772,8,2708,11,3,540,2168,1,7,"35-39 "
1227888,23,1535,11,1,982,553,15,8,">65 "
1228007,15,6488,31,0,6488,0,15,0,"35-39 "
1228069,5,574,19,3,0,574,0,5,"35-39 "
1229400,7,1387,32,0,0,1387,0,7,"25-29 "
1229455,30,3719,6,1,2297,1422,22,8,">65 "
1229646,3,1062,26,3,253,809,2,1,"50-54 "
1229974,7,1275,2,0,1275,0,7,0,"40-44 "
1230017,15,3330,14,0,3330,0,15,0,"40-44 "
1230741,9,1420,19,0,0,1420,0,9,"45-49 "
1230765,6,43164,22,0,43066,98,3,3,"45-49 "
1232011,22,6883,11,0,0,6883,0,22,"40-44 "
1232028,1,169,34,0,169,0,1,0,"50-54 "
1232097,12,1324,15,1,975,349,9,3,"45-49 "
1232967,23,1352,8,1,1352,0,23,0,"60-64 "
1233667,1,139,33,0,0,139,0,1,"45-49 "
1234145,16,1868,4,2,165,1703,2,14,"45-49 "
1234336,35,2984,7,1,897,2087,7,28,"35-39 "
1234367,36,3346,4,1,1804,1542,26,10,"45-49 "
1234411,3,213,37,0,213,0,3,0,"55-59 "
1234435,5,4438,12,0,0,4438,0,5,"40-44 "
1235418,54,6444,3,0,6444,0,54,0,"35-39 "
1235661,15,1475,22,1,1475,0,15,0,"25-29 "
1235913,6,450,7,0,450,0,6,0,"60-64 "
1236545,4,792,12,0,0,792,0,4,"25-29 "
1237214,25,34689,3,1,31792,2897,17,8,"55-59 "
1237368,1,60,35,0,60,0,1,0,"25-29 "
1237580,31,2949,40,0,0,2949,0,31,"40-44 "
1237702,7,321,13,0,321,0,7,0,"25-29 "
1237931,1,688,22,0,688,0,1,0,"45-49 "
1238082,15,3076,25,0,0,3076,0,15,"40-44 "
1238266,1,60,32,0,0,60,0,1,"45-49 "
1238433,7,1802,20,0,1802,0,7,0,"40-44 "
1238457,12,1348,17,0,1348,0,12,0,"45-49 "
1238471,7,5890,2,1,5890,0,7,0,"30-34 "
1238662,2,4680,22,6,4680,0,2,0,"35-39 "
1238747,67,9005,32,0,6137,2868,46,21,"35-39 "
1238792,6,328,15,0,328,0,6,0,"35-39 "
1238969,5,847,14,0,847,0,5,0,"30-34 "
1239096,30,4799,10,1,4284,515,20,10,"55-59 "
1239126,20,1908,15,1,1248,660,14,6,"60-64 "
1239300,16,1866,27,1,1866,0,16,0,"45-49 "
1239430,2,525,11,0,0,525,0,2,"40-44 "
1239461,22,58588,32,0,0,58588,0,22,"30-34 "
1239478,8,828,5,0,0,828,0,8,"40-44 "
1239560,5,1867,35,0,1867,0,5,0,"40-44 "
1239959,30,2719,4,1,0,2719,0,30,"30-34 "
1240085,7,516,11,0,0,516,0,7,"30-34 "
1240177,3,847,8,0,847,0,3,0,">65 "
1240191,11,723,20,0,723,0,11,0,"40-44 "
1240221,5,408,14,6,408,0,5,0,"40-44 "
1240252,7,1084,24,0,1084,0,7,0,"35-39 "
1240351,7,789,2,4,789,0,7,0,"35-39 "
1241020,3,10421,19,6,377,10044,2,1,"30-34 "
1241044,39,4560,3,1,4168,392,36,3,"30-34 "
1241105,14,1544,4,1,1178,366,11,3,"35-39 "
1241525,14,903,20,2,903,0,14,0,"40-44 "
1241563,13,1264,25,1,0,1264,0,13,"50-54 "
1241655,43,6871,10,1,6224,647,39,4,"50-54 "
1241792,4,3859,39,0,0,3859,0,4,"35-39 "
1241839,9,1131,3,4,1131,0,9,0,"45-49 "
1241853,13,1986,8,2,1986,0,13,0,">65 "
1241907,10,2082,16,2,2024,58,9,1,"40-44 "
1242164,6,524,38,0,524,0,6,0,"40-44 "
1242386,7,850,11,0,0,850,0,7,"35-39 "
1242416,7,1292,8,3,1113,179,6,1,"30-34 "
1242577,7,933,19,1,0,933,0,7,"50-54 "
1242737,15,2499,19,0,0,2499,0,15,"50-54 "
1242867,6,9914,42,0,9914,0,6,0,"30-34 "
1242874,7,800,19,0,0,800,0,7,"40-44 "
1243550,13,1198,37,0,1198,0,13,0,"35-39 "
1243581,1,60,35,0,60,0,1,0,"45-49 "
1243598,14,1810,17,1,1750,60,13,1,"45-49 "
1243635,80,9640,4,0,4669,4971,55,25,"40-44 "
1243772,6,291,9,0,291,0,6,0,"25-29 "
1243802,8,358,4,0,105,253,3,5,"50-54 "
1243888,47,6272,4,1,3409,2863,19,28,"30-34 "
1244038,24,3566,12,0,0,3566,0,24,"35-39 "
1244281,9,817,23,1,817,0,9,0,"45-49 "
1244397,26,4717,10,0,4717,0,26,0,">65 "
1244434,1,107,18,0,0,107,0,1,"25-29 "
1244458,41,6719,18,0,0,6719,0,41,"40-44 "
1244755,1,155648,26,0,0,155648,0,1,"55-59 "
1244939,7,523,10,5,523,0,7,0,"30-34 "
1245516,3,2803,25,0,0,2803,0,3,"50-54 "
1245547,15,1546,3,2,1164,382,10,5,"25-29 "
1245714,15,12706,16,0,12706,0,15,0,"50-54 "
1245752,5,1913,22,0,1913,0,5,0,"30-34 "
1246001,4,405,12,4,255,150,2,2,"40-44 "
1246094,4,304,10,0,304,0,4,0,">65 "
1246933,30,5160,3,1,2063,3097,13,17,"40-44 "
1247046,14,1159,3,0,294,865,2,12,"40-44 "
1247114,4,542,5,4,213,329,3,1,"35-39 "
1247176,4,385,11,0,0,385,0,4,"35-39 "
1247336,2,108,21,0,108,0,2,0,"25-29 "
1247428,8,348,41,0,348,0,8,0,"25-29 "
1247435,14,3418,7,2,3418,0,14,0,"30-34 "
1247701,4,1120,6,1,1120,0,4,0,"50-54 "
1248159,22,1534,25,0,0,1534,0,22,"35-39 "
1248319,31,27191,9,0,27191,0,31,0,"40-44 "
1248647,16,1942,4,0,0,1942,0,16,"40-44 "
1248661,41,9575,12,0,1481,8094,7,34,"25-29 "
1248678,16,1099,25,0,0,1099,0,16,"30-34 "
1249163,1,1188,35,0,1188,0,1,0,">65 "
1249200,5,223,6,0,223,0,5,0,"30-34 "
1249330,2,132,25,0,0,132,0,2,"50-54 "
1249347,3,215,32,0,0,215,0,3,"40-44 "
1249477,35,2587,4,1,1056,1531,18,17,"45-49 "
1249620,13,1015,28,0,1015,0,13,0,"25-29 "
1249972,2,104,5,0,0,104,0,2,"45-49 "
1250077,10,2151,18,1,0,2151,0,10,"40-44 "
1250121,20,1269,12,1,0,1269,0,20,"40-44 "
1250152,19,23600,17,0,23600,0,19,0,"35-39 "
1250374,4,223,35,0,223,0,4,0,"25-29 "
1250398,23,3268,14,1,3268,0,23,0,"60-64 "
1251081,15,1610,10,0,981,629,11,4,"35-39 "
1251180,30,11684,25,0,0,11684,0,30,"35-39 "
1251593,38,21226,11,1,0,21226,0,38,"35-39 "
1251692,6,589,13,1,589,0,6,0,"50-54 "
1252026,10,9824,33,0,0,9824,0,10,"55-59 "
1252088,3,719,9,0,719,0,3,0,"45-49 "
1252095,11,21234,7,2,736,20498,7,4,"40-44 "
1252187,28,2806,4,1,0,2806,0,28,"35-39 "
1252224,35,4352,22,1,4352,0,35,0,"30-34 "
1252651,21,2273,3,2,2273,0,21,0,"30-34 "
1252712,5,2666,4,0,0,2666,0,5,"35-39 "
1252774,29,3074,10,1,1505,1569,13,16,"40-44 "
1252811,10,768,24,0,768,0,10,0,">65 "
1252996,5,779,29,0,779,0,5,0,"25-29 "
1253054,5,657,5,0,0,657,0,5,"40-44 "
1253467,5,675,20,3,675,0,5,0,"45-49 "
1253580,15,745,18,0,0,745,0,15,"30-34 "
1253627,72,8000,12,0,1388,6612,12,60,"35-39 "
1253634,24,2897,18,0,0,2897,0,24,"30-34 "
1254068,15,1838,25,0,0,1838,0,15,"30-34 "
1254334,15,1221,18,2,600,621,8,7,"40-44 "
1254532,3,627,20,0,627,0,3,0,"35-39 "
1254655,15,5233,14,1,5108,125,14,1,"35-39 "
1254808,11,4284,33,0,0,4284,0,11,"45-49 "
1254891,32,3112,6,0,3112,0,32,0,"50-54 "
1254914,21,2748,17,1,2748,0,21,0,"45-49 "
1255553,12,1940,25,0,0,1940,0,12,"25-29 "
1255577,28,20015,11,1,0,20015,0,28,"55-59 "
1255706,36,3367,2,1,3367,0,36,0,"45-49 "
1256154,39,5839,14,1,1170,4669,12,27,"40-44 "
1256352,44,12176,4,1,2160,10016,7,37,"35-39 "
1256376,70,7311,2,0,6295,1016,59,11,"40-44 "
1256468,26,2917,12,1,728,2189,10,16,"30-34 "
1256512,42,7116,30,0,7116,0,42,0,"40-44 "
1256536,6,1058,6,0,1058,0,6,0,"35-39 "
1256826,3,407,20,0,407,0,3,0,"35-39 "
1256895,28,8264,20,0,8264,0,28,0,"45-49 "
1257069,6,244,15,3,244,0,6,0,"<25 "
1257083,3,467,7,0,467,0,3,0,"35-39 "
1257090,5,1905,38,0,1905,0,5,0,"<25 "
1257113,5,786,23,0,786,0,5,0,"45-49 "
1257168,8,641,11,0,0,641,0,8,"40-44 "
1257205,5,1800,4,4,0,1800,0,5,">65 "
1257212,15,2579,18,1,836,1743,6,9,"25-29 "
1257281,15,761,7,2,328,433,10,5,"25-29 "
1257403,1,36,4,0,0,36,0,1,"50-54 "
1257434,28,5011,19,0,0,5011,0,28,"35-39 "
1257533,58,4855,6,0,3001,1854,35,23,"40-44 "
1257557,7,474,4,0,0,474,0,7,"45-49 "
1258493,16,868,12,2,0,868,0,16,"25-29 "
1258509,12,1573,32,0,0,1573,0,12,"45-49 "
1258554,6,1937,8,4,1569,368,2,4,"45-49 "
1258738,12,1477,10,1,1477,0,12,0,"<25 "
1259216,12,1564,9,0,1564,0,12,0,"55-59 "
1259445,2,815,28,0,815,0,2,0,"40-44 "
1259766,24,2070,17,1,1320,750,16,8,"40-44 "
1259896,2,96,18,8,0,96,0,2,"30-34 "
1259902,12,1137,19,2,0,1137,0,12,"35-39 "
1260267,18,4382,16,0,4382,0,18,0,">65 "
1260397,4,1169,35,0,1169,0,4,0,"45-49 "
1260427,6,2458,32,1,0,2458,0,6,"30-34 "
1260854,6,7252,22,2,7252,0,6,0,"25-29 "
1260915,17,1600,15,0,1600,0,17,0,"40-44 "
1260960,15,1267,30,1,620,647,8,7,">65 "
1261103,6,334,25,0,0,334,0,6,"35-39 "
1261110,12,1969,17,0,1969,0,12,0,"35-39 "
1261189,18,3688,21,0,3688,0,18,0,"35-39 "
1261219,8,2338,15,1,2338,0,8,0,"<25 "
1261295,9,1282,12,1,1053,229,8,1,"35-39 "
1261325,1,36,18,0,0,36,0,1,"60-64 "
1261363,2,102,9,0,102,0,2,0,"55-59 "
1261448,22,3174,7,2,3174,0,22,0,"50-54 "
1261486,3,1386,41,0,1386,0,3,0,"35-39 "
1261509,15,1713,19,2,1203,510,12,3,"40-44 "
1261639,14,6100,14,0,940,5160,6,8,"40-44 "
1261813,5,319,18,0,0,319,0,5,"35-39 "
1262070,2,1440,14,0,1440,0,2,0,">65 "
1262131,10,1029,5,0,0,1029,0,10,"35-39 "
1262193,15,3525,12,1,0,3525,0,15,"40-44 "
1262438,8,1360,5,2,793,567,5,3,"30-34 "
1262469,13,742,30,0,742,0,13,0,"30-34 "
1262490,12,6092,22,0,6092,0,12,0,"35-39 "
1262643,7,6880,15,2,6880,0,7,0,"25-29 "
1262766,38,4711,10,1,3244,1467,22,16,"40-44 "
1262803,8,720,14,0,720,0,8,0,"50-54 "
1262896,32,4141,3,0,782,3359,9,23,"45-49 "
1262957,4,3795,28,0,3795,0,4,0,"50-54 "
1263053,9,4804,28,0,4804,0,9,0,"40-44 "
1263114,50,5647,4,1,0,5647,0,50,"30-34 "
1263268,15,3372,18,0,0,3372,0,15,"50-54 "
1263374,6,212,4,0,0,212,0,6,"30-34 "
1263381,20,3923,18,1,0,3923,0,20,"35-39 "
1263770,4,278,25,2,166,112,2,2,"50-54 "
1263794,1,259,18,0,0,259,0,1,"35-39 "
1263947,33,8505,19,1,2507,5998,16,17,"30-34 "
1264098,1,36,4,0,0,36,0,1,"45-49 "
1264449,3,278,12,5,199,79,1,2,"50-54 "
1264746,3,759,38,0,759,0,3,0,"25-29 "
1264869,5,398,21,0,398,0,5,0,"30-34 "
1265071,26,5114,4,1,0,5114,0,26,"<25 "
1265101,11,1082,24,0,1082,0,11,0,"40-44 "
1265156,1,36,18,0,0,36,0,1,"55-59 "
1265200,2,239,41,0,239,0,2,0,"30-34 "
1265255,2,190,9,0,190,0,2,0,"45-49 "
1265385,42,3172,5,1,467,2705,9,33,"45-49 "
1265415,36,6151,9,0,6151,0,36,0,"50-54 "
1266351,6,1419,16,1,1419,0,6,0,"35-39 "
1266368,4,4324,11,0,0,4324,0,4,">65 "
1266498,5,708,34,0,708,0,5,0,"40-44 "
1266580,23,2474,23,1,2474,0,23,0,"30-34 "
1266801,2,85,32,0,0,85,0,2,"55-59 "
1266856,48,2644,3,1,729,1915,16,32,"45-49 "
1267044,1,155,18,0,0,155,0,1,"55-59 "
1267471,26,2485,7,1,860,1625,4,22,"30-34 "
1267648,6,6516,36,0,6516,0,6,0,"35-39 "
1267839,4,296,39,0,0,296,0,4,"50-54 "
1268065,6,1933,8,0,1933,0,6,0,"30-34 "
1268560,9,934,33,0,0,934,0,9,"45-49 "
1268584,73,10051,1,1,7122,2929,46,27,"40-44 "
1268805,3,564,19,0,0,564,0,3,">65 "
1268997,26,6619,19,0,0,6619,0,26,"30-34 "
1269178,2,359,29,0,359,0,2,0,">65 "
1269369,22,2361,15,0,2361,0,22,0,"35-39 "
1269499,1,3590,40,0,0,3590,0,1,"40-44 "
1269567,6,702,14,0,702,0,6,0,"35-39 "
1269604,12,1561,15,0,1561,0,12,0,"50-54 "
1269819,14,1577,6,1,1577,0,14,0,">65 "
1269994,12,1128,10,0,463,665,6,6,">65 "
1270051,5,1156,12,0,0,1156,0,5,"40-44 "
1270075,1,49,41,0,49,0,1,0,"35-39 "
1270143,11,2522,29,1,2522,0,11,0,">65 "
1270167,8,999,32,0,0,999,0,8,"30-34 "
1270235,19,3303,15,0,3303,0,19,0,"35-39 "
1270266,15,5098,27,0,5098,0,15,0,"45-49 "
1270518,14,5746,18,1,0,5746,0,14,"35-39 "
1271508,7,565,24,2,565,0,7,0,"30-34 "
1271560,43,3854,4,1,1722,2132,16,27,"25-29 "
1271591,2,384,12,0,0,384,0,2,"45-49 "
1271683,20,1932,10,1,169,1763,3,17,"40-44 "
1271812,23,21119,10,1,21119,0,23,0,"45-49 "
1271874,25,2484,5,1,170,2314,2,23,"45-49 "
1271997,5,682,16,3,682,0,5,0,"35-39 "
1272048,6,715,12,0,0,715,0,6,"35-39 "
1272253,4,3624,12,0,0,3624,0,4,"35-39 "
1272444,5,853,4,0,0,853,0,5,">65 "
1272475,20,1553,10,1,1553,0,20,0,"35-39 "
1272703,5,546,18,0,0,546,0,5,">65 "
1272918,6,335,35,0,335,0,6,0,"40-44 "
1272970,11,1850,36,0,1850,0,11,0,"50-54 "
1273014,9,657,14,2,491,166,6,3,">65 "
1273434,14,1716,11,0,0,1716,0,14,"35-39 "
1273458,6,1659,18,2,0,1659,0,6,"35-39 "
1273465,5,823,15,0,823,0,5,0,"40-44 "
1273816,5,484,39,0,0,484,0,5,"45-49 "
1273885,2,652,33,0,0,652,0,2,"35-39 "
1273908,8,532,12,0,420,112,5,3,"40-44 "
1274066,20,1952,32,0,0,1952,0,20,"55-59 "
1274233,9,3176,25,2,2689,487,3,6,"60-64 "
1274592,51,8082,4,1,7591,491,47,4,"35-39 "
1274738,19,3736,18,0,0,3736,0,19,"35-39 "
1274844,41,7840,8,0,7840,0,41,0,"30-34 "
1275360,7,402,11,0,0,402,0,7,"35-39 "
1275605,1,60,32,0,0,60,0,1,"50-54 "
1275773,68,7550,8,0,4577,2973,34,34,"25-29 "
1276091,22,1957,2,2,1223,734,12,10,"35-39 "
1276442,35,4599,7,1,3299,1300,25,10,"40-44 "
1276459,38,6153,5,1,2647,3506,21,17,"40-44 "
1276503,17,3311,5,1,0,3311,0,17,"45-49 "
1276565,20,4182,18,0,0,4182,0,20,"35-39 "
1276664,19,3353,21,0,2431,922,9,10,"35-39 "
1276725,20,1321,5,2,769,552,12,8,"45-49 "
1276732,2,20492,18,0,0,20492,0,2,"40-44 "
1276763,4,571,40,0,0,571,0,4,"30-34 "
1277005,21,6057,18,0,0,6057,0,21,"50-54 "
1277111,21,1763,35,0,1763,0,21,0,"30-34 "
1277142,4,932,15,0,932,0,4,0,"30-34 "
1277623,6,4981,29,2,1530,3451,2,4,"<25 "
1277821,7,1201,10,2,946,255,4,3,"35-39 "
1277852,3,1094,38,0,1094,0,3,0,"40-44 "
1278224,48,3703,25,0,0,3703,0,48,"50-54 "
1278361,7,1005,19,0,0,1005,0,7,"25-29 "
1278682,13,20450,19,0,0,20450,0,13,"30-34 "
1279108,6,182,12,0,0,182,0,6,"25-29 "
1279252,3,1312,19,0,0,1312,0,3,"30-34 "
1279368,7,796,36,0,509,287,4,3,"40-44 "
1279535,14,747,33,0,0,747,0,14,"40-44 "
1279641,9,1533,2,4,1244,289,4,5,"45-49 "
1279740,7,2562,16,0,2562,0,7,0,"45-49 "
1279795,16,32903,21,0,32903,0,16,0,"30-34 "
1279962,4,576,17,0,576,0,4,0,"35-39 "
1280081,16,1232,4,2,643,589,7,9,"40-44 "
1280654,10,2569,4,1,2076,493,7,3,"30-34 "
1280999,16,1514,4,1,0,1514,0,16,"40-44 "
1281002,7,616,4,0,0,616,0,7,"35-39 "
1281286,28,7476,5,1,142,7334,1,27,"25-29 "
1281347,7,4881,30,0,4881,0,7,0,"40-44 "
1281439,4,8059,16,0,1999,6060,1,3,"35-39 "
1281477,6,1401,27,2,220,1181,2,4,"35-39 "
1281552,5,480,23,0,214,266,3,2,"45-49 "
1281682,5,875,35,0,875,0,5,0,"40-44 "
1281705,10,5490,2,0,5490,0,10,0,"35-39 "
1281903,10,710,18,0,0,710,0,10,"35-39 "
1281996,24,3975,11,0,0,3975,0,24,"25-29 "
1282054,21,1600,10,1,1330,270,16,5,"45-49 "
1282320,28,12885,7,0,12885,0,28,0,">65 "
1282375,86,8396,2,0,6088,2308,66,20,"50-54 "
1282504,9,2243,30,0,2243,0,9,0,"35-39 "
1283013,17,2312,3,0,1981,331,11,6,"30-34 "
1283372,5,3158,15,0,3158,0,5,0,"50-54 "
1283709,41,4259,3,0,4259,0,41,0,"35-39 "
1283723,3,254,9,0,254,0,3,0,"35-39 "
1284263,5,524,42,0,524,0,5,0,"30-34 "
1284416,6,1654,16,4,1198,456,4,2,"45-49 "
1284423,15,5277,16,0,5277,0,15,0,"45-49 "
1284911,19,1458,13,1,537,921,7,12,"45-49 "
1284959,9,1496,28,0,1496,0,9,0,">65 "
1285086,17,2598,39,0,0,2598,0,17,"35-39 "
1285710,5,1301,6,0,1301,0,5,0,"50-54 "
1286045,4,518,25,0,0,518,0,4,"25-29 "
1286304,20,1509,12,1,0,1509,0,20,"35-39 "
1287622,2,361,20,0,361,0,2,0,"50-54 "
1288124,22,23749,19,0,0,23749,0,22,"35-39 "
1288186,27,4868,10,1,2994,1874,14,13,"30-34 "
1288209,7,528,27,0,528,0,7,0,"30-34 "
1288247,5,1378,30,2,1378,0,5,0,"30-34 "
1288254,3,140,35,0,140,0,3,0,"40-44 "
1288919,8,827,18,0,0,827,0,8,"60-64 "
1289053,19,3430,6,2,1593,1837,15,4,"40-44 "
1289244,53,8923,12,1,5806,3117,32,21,"40-44 "
1289343,13,4690,9,0,4690,0,13,0,"30-34 "
1289398,14,566,9,2,566,0,14,0,"30-34 "
1289404,3,2938,14,0,2938,0,3,0,">65 "
1289527,6,713,16,1,713,0,6,0,"55-59 "
1289534,3,421,9,0,421,0,3,0,"30-34 "
1289565,7,570,17,2,374,196,3,4,"25-29 "
1289664,20,4106,9,1,1422,2684,13,7,"35-39 "
1289855,19,15650,25,0,0,15650,0,19,"35-39 "
1289862,2,228,14,0,228,0,2,0,"25-29 "
1290134,28,3112,7,1,714,2398,8,20,"35-39 "
1290875,9,638,15,0,638,0,9,0,"30-34 "
1290905,41,2606,8,1,1304,1302,22,19,"25-29 "
1290929,8,1448,12,0,521,927,6,2,"35-39 "
1290974,4,807,21,0,807,0,4,0,"50-54 "
1291001,8,984,4,0,0,984,0,8,"45-49 "
1291063,9,926,22,0,926,0,9,0,"30-34 "
1291070,1,60,34,0,60,0,1,0,"25-29 "
1291100,60,18174,2,1,8480,9694,28,32,"40-44 "
1291155,2,2496,5,0,0,2496,0,2,"35-39 "
1291315,17,2794,5,0,1286,1508,7,10,">65 "
1291810,19,1080,17,0,1080,0,19,0,"35-39 "
1292084,17,3944,39,0,0,3944,0,17,"30-34 "
1292350,6,3863,34,0,3863,0,6,0,"50-54 "
1292442,20,1868,3,1,842,1026,6,14,"45-49 "
1292459,23,2842,12,1,2433,409,18,5,"40-44 "
1292954,10,1069,21,0,1069,0,10,0,"35-39 "
1293098,10,1119,5,3,236,883,1,9,"40-44 "
1293104,46,9243,3,1,1564,7679,18,28,"30-34 "
1293265,26,4018,19,0,1010,3008,3,23,"35-39 "
1293296,18,1646,15,0,1646,0,18,0,"40-44 "
1293548,1,36,18,0,0,36,0,1,"40-44 "
1293654,13,1941,20,1,1941,0,13,0,"35-39 "
1293708,19,3585,4,2,2332,1253,15,4,"30-34 "
1293845,4,408,15,0,408,0,4,0,">65 "
1293913,10,6637,23,1,2053,4584,3,7,"45-49 "
1293937,4,7626,14,0,7626,0,4,0,"30-34 "
1293975,54,8212,4,1,0,8212,0,54,"35-39 "
1294064,77,15152,5,0,13636,1516,66,11,"30-34 "
1294118,5,426,29,0,426,0,5,0,"35-39 "
1294187,18,1753,40,0,0,1753,0,18,"45-49 "
1294538,74,7381,11,0,2858,4523,39,35,"25-29 "
1294699,76,17667,19,0,3662,14005,13,63,"55-59 "
1294736,15,3142,7,0,3142,0,15,0,"50-54 "
1294910,12,2103,38,0,2103,0,12,0,"40-44 "
1295054,19,2125,3,1,1132,993,10,9,"35-39 "
1295214,11,1223,40,0,0,1223,0,11,"35-39 "
1295320,11,997,2,0,997,0,11,0,"45-49 "
1295429,13,2645,6,0,2645,0,13,0,">65 "
1295511,13,3230,32,0,0,3230,0,13,"30-34 "
1295948,26,7061,19,0,0,7061,0,26,"40-44 "
1296143,2,89,35,0,89,0,2,0,"30-34 "
1296198,12,1320,18,0,0,1320,0,12,"45-49 "
1296310,1,59,25,0,0,59,0,1,"40-44 "
1296334,2,432,20,0,432,0,2,0,"55-59 "
1296358,4,711,6,0,711,0,4,0,"30-34 "
1296372,89,21455,2,0,4557,16898,23,66,"45-49 "
1296402,3,249,13,0,249,0,3,0,"45-49 "
1297157,19,1250,19,0,0,1250,0,19,"35-39 "
1297232,50,6453,3,1,6453,0,50,0,"40-44 "
1297966,3,334,11,0,0,334,0,3,"35-39 "
1298079,1,145,4,0,0,145,0,1,"25-29 "
1298130,55,12921,4,0,5933,6988,36,19,"40-44 "
1298147,2,249,3,0,249,0,2,0,"30-34 "
1298314,11,1290,14,1,640,650,7,4,"<25 "
1298475,8,1933,20,1,1281,652,2,6,"35-39 "
1298857,6,914,7,0,914,0,6,0,"50-54 "
1298871,21,1237,2,2,1237,0,21,0,"40-44 "
1299519,34,3536,5,1,2616,920,26,8,"35-39 "
1299670,3,699,30,0,699,0,3,0,"30-34 "
1299694,11,1977,4,0,0,1977,0,11,"25-29 "
1299700,18,2533,30,0,2533,0,18,0,"45-49 "
1299717,31,2136,19,1,2100,36,30,1,"25-29 "
1299830,8,1052,18,1,338,714,4,4,">65 "
1299854,41,2129,2,1,1880,249,33,8,"25-29 "
1299878,74,5786,4,1,563,5223,9,65,"45-49 "
1300130,20,1681,34,0,1681,0,20,0,"40-44 "
1300307,5,500,6,5,500,0,5,0,"45-49 "
1300390,20,1742,5,2,1002,740,9,11,"35-39 "
1300611,14,1791,12,0,0,1791,0,14,"45-49 "
1300642,17,3314,38,0,3314,0,17,0,"35-39 "
1301113,1,60,32,0,0,60,0,1,"40-44 "
1301168,14,850,22,0,850,0,14,0,"30-34 "
1301274,19,1291,8,1,457,834,5,14,"35-39 "
1301489,4,231,21,0,231,0,4,0,"45-49 "
1301830,9,2197,15,3,303,1894,2,7,"40-44 "
1301885,21,1938,33,0,0,1938,0,21,"35-39 "
1301922,3,1079,3,0,1079,0,3,0,"35-39 "
1301991,18,1628,18,0,717,911,10,8,"45-49 "
1302103,18,2553,5,2,663,1890,6,12,"40-44 "
1302172,13,2595,6,2,2595,0,13,0,"45-49 "
1302448,2,1456,19,7,0,1456,0,2,"30-34 "
1302486,5,289,31,0,289,0,5,0,"35-39 "
1302561,69,30320,14,0,11351,18969,43,26,"30-34 "
1302653,8,1466,40,0,0,1466,0,8,"60-64 "
1302868,3,779,12,0,0,779,0,3,"45-49 "
1302943,2,432,15,0,432,0,2,0,"35-39 "
1302950,1,396,15,0,396,0,1,0,"40-44 "
1303100,12,2598,13,0,2598,0,12,0,"30-34 "
1303285,6,1243,20,0,1243,0,6,0,"<25 "
1303568,13,1904,39,0,0,1904,0,13,"60-64 "
1303711,7,1539,4,0,0,1539,0,7,"50-54 "
1304312,16,15233,25,1,14513,720,8,8,"35-39 "
1304527,8,415,32,1,0,415,0,8,">65 "
1304770,4,2357,41,0,2357,0,4,0,"30-34 "
1304893,56,5124,10,1,1961,3163,17,39,"45-49 "
1305029,17,7410,4,2,1655,5755,8,9,"40-44 "
1305135,1,85,10,0,85,0,1,0,"25-29 "
1305166,10,1469,14,2,1469,0,10,0,">65 "
1305241,5,5648,15,0,5648,0,5,0,"35-39 "
1305586,1,990,5,0,0,990,0,1,"40-44 "
1305715,17,2925,2,0,2925,0,17,0,"35-39 "
1305876,15,1327,25,0,0,1327,0,15,"30-34 "
1306040,16,2109,11,0,0,2109,0,16,"50-54 "
1306255,53,10693,4,1,6441,4252,33,20,"45-49 "
1306347,5,1589,2,5,1589,0,5,0,"60-64 "
1306491,14,3462,4,2,0,3462,0,14,"35-39 "
1307153,3,896,19,0,0,896,0,3,"50-54 "
1307306,5,2291,16,0,2291,0,5,0,"45-49 "
1307405,2,401,34,0,401,0,2,0,"50-54 "
1307719,47,2830,5,1,1259,1571,26,21,"45-49 "
1307832,7,1512,11,0,0,1512,0,7,"40-44 "
1307894,3,674,29,0,674,0,3,0,"35-39 "
1307993,21,2889,23,1,300,2589,1,20,"40-44 "
1308273,19,3015,5,1,710,2305,4,15,"45-49 "
1308471,1,4360,12,0,0,4360,0,1,"35-39 "
1308594,8,1301,39,0,0,1301,0,8,"35-39 "
1308617,16,1636,39,0,0,1636,0,16,"40-44 "
1308686,6,1516,16,0,1516,0,6,0,"55-59 "
1308709,12,965,18,0,0,965,0,12,"30-34 "
1309591,7,2358,2,0,2358,0,7,0,"60-64 "
1309652,19,3791,2,2,3791,0,19,0,"45-49 "
1309669,44,8699,10,0,4446,4253,21,23,"50-54 "
1309881,25,9470,7,1,3245,6225,4,21,"35-39 "
1309973,1,752,2,0,752,0,1,0,"35-39 "
1310047,6,1465,18,0,0,1465,0,6,"45-49 "
1310054,5,648,18,0,0,648,0,5,"45-49 "
1310085,13,3173,6,2,3173,0,13,0,"45-49 "
1310122,1,209,34,0,209,0,1,0,"35-39 "
1310658,20,5439,9,2,5439,0,20,0,"35-39 "
1311020,36,5833,19,0,0,5833,0,36,"35-39 "
1311297,6,393,14,0,393,0,6,0,"50-54 "
1311365,12,5055,34,0,5055,0,12,0,"30-34 "
1311532,29,4663,11,1,1321,3342,4,25,"40-44 "
1311846,6,549,7,0,549,0,6,0,"60-64 "
1311990,9,1314,22,0,1314,0,9,0,"40-44 "
1312003,7,1018,40,0,0,1018,0,7,"40-44 "
1312010,2,2319,37,0,2319,0,2,0,"30-34 "
1312140,5,1483,34,0,1483,0,5,0,"25-29 "
1312331,40,2822,39,0,0,2822,0,40,"35-39 "
1312676,59,20101,18,0,0,20101,0,59,"40-44 "
1312768,34,2809,20,0,2809,0,34,0,"35-39 "
1313062,12,1672,9,0,627,1045,9,3,"40-44 "
1313536,12,2047,20,2,2047,0,12,0,"30-34 "
1313567,57,30307,4,0,19382,10925,14,43,"30-34 "
1313611,43,7970,22,0,3654,4316,11,32,"30-34 "
1313697,1,1242,18,0,0,1242,0,1,"45-49 "
1313789,12,8337,21,1,235,8102,2,10,"35-39 "
1313925,45,5903,9,1,4469,1434,37,8,"40-44 "
1314052,6,1295,40,0,0,1295,0,6,"60-64 "
1314069,9,5251,19,0,0,5251,0,9,"35-39 "
1314304,14,4516,21,0,4516,0,14,0,"35-39 "
1314496,12,2023,25,1,399,1624,1,11,"40-44 "
1314564,22,7758,4,2,5798,1960,14,8,"50-54 "
1315066,5,309,19,0,0,309,0,5,"45-49 "
1315080,22,1933,33,0,0,1933,0,22,"45-49 "
1315264,97,13897,3,0,13264,633,90,7,"40-44 "
1315592,11,856,21,0,856,0,11,0,"60-64 "
1316278,2,425,35,0,425,0,2,0,"35-39 "
1316384,26,4778,4,0,0,4778,0,26,"45-49 "
1316421,38,14178,11,0,0,14178,0,38,"40-44 "
1316643,9,1399,11,0,0,1399,0,9,"50-54 "
1316742,10,1258,24,0,1258,0,10,0,"45-49 "
1316841,3,1787,38,0,1787,0,3,0,"45-49 "
1317046,8,7065,7,4,7065,0,8,0,"35-39 "
1317138,3,736,40,0,0,736,0,3,"35-39 "
1317220,28,5439,35,0,5439,0,28,0,"35-39 "
1317770,28,43024,32,0,0,43024,0,28,"55-59 "
1317954,13,3433,3,3,3433,0,13,0,"35-39 "
1318104,10,2396,3,0,2396,0,10,0,"40-44 "
1318395,50,5051,14,0,3605,1446,32,18,">65 "
1318555,8,1838,39,0,0,1838,0,8,"30-34 "
1318654,2,785,38,0,785,0,2,0,"30-34 "
1318982,6,528,19,0,0,528,0,6,"45-49 "
1319064,42,8746,25,0,0,8746,0,42,"35-39 "
1319071,7,1510,36,0,1510,0,7,0,"35-39 "
1319149,4,226,11,0,0,226,0,4,"30-34 "
1319279,6,3544,36,0,3544,0,6,0,"45-49 "
1319316,1,36,14,0,36,0,1,0,"25-29 "
1319521,9,1304,35,1,1304,0,9,0,"40-44 "
1319644,12,4081,33,0,0,4081,0,12,"60-64 "
1319743,15,1050,4,1,0,1050,0,15,">65 "
1320145,54,29092,3,0,26522,2570,40,14,"35-39 "
1320190,4,675,39,0,0,675,0,4,"50-54 "
1320282,22,6943,11,1,0,6943,0,22,"35-39 "
1320466,37,6405,2,1,6405,0,37,0,"35-39 "
1320572,16,1160,41,0,1160,0,16,0,"40-44 "
1320596,11,1286,16,0,1286,0,11,0,"35-39 "
1320688,9,934,4,2,228,706,4,5,"30-34 "
1320770,33,3556,18,0,1293,2263,13,20,"<25 "
1321357,7,767,18,0,0,767,0,7,"30-34 "
1321609,12,1406,32,0,0,1406,0,12,"35-39 "
1321814,36,13060,6,1,13060,0,36,0,"30-34 "
1321876,1,239,12,0,0,239,0,1,"40-44 "
1321883,10,1206,20,0,1206,0,10,0,"40-44 "
1322231,22,3471,16,1,3471,0,22,0,"40-44 "
1322477,14,2852,35,0,2852,0,14,0,"45-49 "
1322804,4,3729,39,0,0,3729,0,4,"30-34 "
1323429,24,2200,42,0,2200,0,24,0,"30-34 "
1323573,13,12178,16,1,10921,1257,5,8,"40-44 "
1323818,9,1842,5,0,0,1842,0,9,"30-34 "
1323894,35,5088,7,1,4689,399,32,3,"30-34 "
1323955,23,5035,26,0,0,5035,0,23,"35-39 "
1324174,2,495,21,0,495,0,2,0,"25-29 "
1324259,3,154,6,5,154,0,3,0,"35-39 "
1324464,1,52,18,0,0,52,0,1,">65 "
1325164,26,1823,6,1,129,1694,3,23,"45-49 "
1325225,2,953,19,0,0,953,0,2,"40-44 "
1325232,7,1345,34,0,1345,0,7,0,"30-34 "
1325591,8,1202,39,0,0,1202,0,8,">65 "
1325683,4,248,2,7,172,76,3,1,"25-29 "
1325874,4,2603,35,0,2603,0,4,0,"40-44 "
1326079,24,2921,6,1,2921,0,24,0,"45-49 "
1326093,7,723,18,3,131,592,2,5,"45-49 "
1326253,5,303,3,0,303,0,5,0,"40-44 "
1326420,5,764,20,0,764,0,5,0,">65 "
1326888,4,335,29,0,335,0,4,0,"25-29 "
1327205,32,3621,24,1,2018,1603,15,17,"40-44 "
1327380,17,959,6,2,883,76,14,3,"35-39 "
1327557,22,3560,8,1,1870,1690,12,10,"30-34 "
1327762,8,691,24,0,691,0,8,0,"35-39 "
1327915,17,6164,11,0,2146,4018,10,7,"45-49 "
1327984,18,1693,11,0,0,1693,0,18,"45-49 "
1328028,89,33989,3,0,33464,525,84,5,"35-39 "
1328066,108,52164,3,0,39438,12726,99,9,"55-59 "
1328257,3,263,16,0,263,0,3,0,"60-64 "
1328288,3,174,35,2,174,0,3,0,"40-44 "
1328738,6,663,37,0,663,0,6,0,"45-49 "
1328875,1,149,15,0,149,0,1,0,"50-54 "
1328912,37,3298,32,0,0,3298,0,37,"45-49 "
1329391,5,316,5,0,0,316,0,5,"50-54 "
1329599,27,2289,12,1,1621,668,14,13,"30-34 "
1329667,3,592,16,3,592,0,3,0,"40-44 "
1329742,54,12011,11,1,0,12011,0,54,"35-39 "
1329988,22,1647,4,1,828,819,8,14,"40-44 "
1330144,11,1056,13,2,416,640,5,6,"55-59 "
1330441,17,5317,18,0,0,5317,0,17,"40-44 "
1330458,6,3108,1,7,3108,0,6,0,"60-64 "
1330533,19,8639,7,0,8639,0,19,0,"35-39 "
1330571,13,651,33,0,0,651,0,13,"40-44 "
1330632,19,6706,19,0,0,6706,0,19,"45-49 "
1330793,41,8598,20,0,5325,3273,18,23,"35-39 "
1331073,1,12672,30,0,12672,0,1,0,"35-39 "
1331080,14,2124,39,0,0,2124,0,14,"30-34 "
1331356,17,2590,18,0,2147,443,12,5,"35-39 "
1331592,7,606,32,1,457,149,5,2,"40-44 "
1331622,45,4051,2,1,2543,1508,27,18,"35-39 "
1331639,11,647,25,0,0,647,0,11,"30-34 "
1331851,37,5003,4,1,1027,3976,8,29,"35-39 "
1331943,19,9677,7,0,9677,0,19,0,"60-64 "
1332292,12,1228,8,2,477,751,4,8,"40-44 "
1332438,3,865,37,0,865,0,3,0,"35-39 "
1332476,6,3750,15,0,3750,0,6,0,"30-34 "
1332926,9,3694,7,0,3694,0,9,0,"60-64 "
1332933,84,9365,3,0,4565,4800,45,39,"55-59 "
1333282,15,9810,35,0,3165,6645,7,8,"40-44 "
1333299,26,4585,11,1,1615,2970,10,16,"30-34 "
1333398,28,3947,13,1,3947,0,28,0,"30-34 "
1333541,6,987,24,0,987,0,6,0,"30-34 "
1333602,22,1603,8,1,1444,159,20,2,"40-44 "
1333794,2,392,2,0,392,0,2,0,"35-39 "
1335279,33,5839,13,1,1900,3939,8,25,"30-34 "
1335422,4,2631,33,0,0,2631,0,4,"40-44 "
1335668,13,1234,23,0,1234,0,13,0,"60-64 "
1335767,25,1521,4,1,270,1251,2,23,"45-49 "
1336016,18,3343,12,0,0,3343,0,18,"30-34 "
1336221,4,689,30,0,689,0,4,0,"40-44 "
1336337,1,259,29,0,259,0,1,0,"45-49 "
1336610,10,4369,9,3,4369,0,10,0,"40-44 "
1336719,3,4714,13,8,4714,0,3,0,"35-39 "
1336924,15,5142,17,0,5142,0,15,0,"25-29 "
1336962,4,904,12,4,153,751,1,3,"45-49 "
1337082,4,573,2,3,573,0,4,0,"45-49 "
1337631,27,5975,40,0,0,5975,0,27,"35-39 "
1337884,25,3215,19,0,0,3215,0,25,"30-34 "
1338041,17,1654,4,0,0,1654,0,17,"40-44 "
1338089,1,55,26,0,0,55,0,1,"45-49 "
1338287,8,549,24,0,549,0,8,0,"35-39 "
1338461,19,3644,5,1,3139,505,9,10,"35-39 "
1338485,8,2564,10,0,2564,0,8,0,"35-39 "
1338713,43,4551,15,1,4551,0,43,0,"30-34 "
1338744,35,4088,4,0,0,4088,0,35,"40-44 "
1339055,18,2330,33,0,0,2330,0,18,"30-34 "
1339222,7,885,39,0,0,885,0,7,"30-34 "
1339314,5,502,26,0,0,502,0,5,"50-54 "
1339345,7,2469,39,0,0,2469,0,7,"45-49 "
1339352,6,338,27,0,338,0,6,0,"30-34 "
1339635,22,7744,30,0,7744,0,22,0,"35-39 "
1339673,37,3986,5,1,621,3365,4,33,"30-34 "
1340167,22,9144,2,2,7205,1939,17,5,"45-49 "
1340181,57,7017,2,1,4869,2148,40,17,"25-29 "
1340471,15,2701,20,0,2701,0,15,0,"35-39 "
1340495,18,3076,14,0,3076,0,18,0,"35-39 "
1340594,15,1747,20,1,1747,0,15,0,"35-39 "
1340679,4,510,2,0,510,0,4,0,"55-59 "
1341164,53,4708,19,0,0,4708,0,53,"40-44 "
1341201,2,204,22,0,204,0,2,0,"35-39 "
1341225,13,2109,18,0,0,2109,0,13,"30-34 "
1341256,51,4872,13,1,3805,1067,41,10,"40-44 "
1341362,48,4197,5,1,957,3240,15,33,"35-39 "
1341416,22,4759,6,1,4759,0,22,0,"35-39 "
1341430,10,600,17,2,540,60,9,1,"45-49 "
1341485,38,4109,8,1,4109,0,38,0,"35-39 "
1341645,17,4132,4,2,0,4132,0,17,"25-29 "
1341652,10,2561,4,0,0,2561,0,10,"35-39 "
1341850,18,7369,14,0,7369,0,18,0,"35-39 "
1341980,11,822,35,0,822,0,11,0,"35-39 "
1342079,27,1661,2,1,1661,0,27,0,"35-39 "
1342482,20,2996,19,0,0,2996,0,20,"35-39 "
1342550,11,5161,26,1,4359,802,5,6,"30-34 "
1342604,13,1411,11,1,821,590,7,6,"35-39 "
1342611,3,785,35,0,785,0,3,0,"<25 "
1342703,42,5729,4,1,75,5654,1,41,"35-39 "
1343069,2,155,2,0,155,0,2,0,"40-44 "
1343137,18,2486,18,0,0,2486,0,18,"40-44 "
1343243,18,1738,33,0,0,1738,0,18,"45-49 "
1343366,1,36,3,0,36,0,1,0,"35-39 "
1343373,11,1374,12,0,0,1374,0,11,"30-34 "
1343700,9,3621,4,1,0,3621,0,9,"35-39 "
1343748,2,434,10,0,434,0,2,0,"35-39 "
1343847,17,1416,11,1,339,1077,6,11,"45-49 "
1344233,6,1921,14,0,1921,0,6,0,"50-54 "
1344653,2,68,13,0,68,0,2,0,"40-44 "
1344844,2,647,12,0,0,647,0,2,"55-59 "
1345100,12,5376,27,0,5376,0,12,0,"35-39 "
1345292,7,510,31,0,510,0,7,0,"25-29 "
1345407,14,964,35,0,964,0,14,0,"30-34 "
1345476,39,6674,18,0,477,6197,8,31,"35-39 "
1345667,15,3327,6,1,3327,0,15,0,"45-49 "
1345834,7,2062,2,0,2062,0,7,0,">65 "
1345940,2,6986,5,0,0,6986,0,2,"45-49 "
1346046,25,2370,6,1,2241,129,24,1,"35-39 "
1346091,21,4931,5,1,2674,2257,7,14,"35-39 "
1346152,1,49,30,0,49,0,1,0,"30-34 "
1346275,18,2702,27,1,2702,0,18,0,"40-44 "
1346534,16,2465,5,2,480,1985,4,12,"55-59 "
1346558,6,774,5,0,0,774,0,6,"40-44 "
1346893,5,1133,32,0,0,1133,0,5,"40-44 "
1346923,3,5239,42,0,5239,0,3,0,"35-39 "
1347104,27,2788,21,1,587,2201,3,24,"40-44 "
1347135,68,24175,7,0,9409,14766,56,12,"45-49 "
1347197,24,3934,22,1,3934,0,24,0,">65 "
1347357,44,6416,15,0,6416,0,44,0,"35-39 "
1347401,6,890,26,0,0,890,0,6,"35-39 "
1347494,2,289,3,3,289,0,2,0,"30-34 "
1347548,29,3231,9,1,3231,0,29,0,"35-39 "
1347661,12,5392,4,2,0,5392,0,12,"40-44 "
1347678,6,260,22,2,260,0,6,0,"40-44 "
1348057,10,16208,22,0,16208,0,10,0,"40-44 "
1348088,27,2422,21,0,2422,0,27,0,"50-54 "
1348644,18,1991,10,0,1991,0,18,0,"35-39 "
1348699,12,1450,30,0,1450,0,12,0,"25-29 "
1348743,26,7286,14,1,7286,0,26,0,"35-39 "
1348750,2,207,15,0,207,0,2,0,"35-39 "
1348927,24,3404,14,0,1399,2005,8,16,"35-39 "
1348989,15,1854,3,2,1854,0,15,0,"35-39 "
1349078,14,6563,6,1,6563,0,14,0,"35-39 "
1349559,17,2039,26,1,1071,968,9,8,">65 "
1349795,8,3653,16,2,3653,0,8,0,"55-59 "
1349948,2,562,18,0,0,562,0,2,"45-49 "
1350098,20,4135,35,0,4135,0,20,0,"40-44 "
1350142,32,3520,39,0,0,3520,0,32,"30-34 "
1350340,1,619,23,0,619,0,1,0,"60-64 "
1350920,56,12679,2,1,4633,8046,15,41,"40-44 "
1350937,1,1350,28,0,1350,0,1,0,">65 "
1351248,26,11266,3,1,1251,10015,12,14,"60-64 "
1351415,12,2767,18,1,2035,732,3,9,"30-34 "
1351507,46,7913,39,0,0,7913,0,46,"35-39 "
1351699,13,3622,2,3,3286,336,9,4,"45-49 "
1351743,4,415,19,0,0,415,0,4,"40-44 "
1351965,12,694,12,2,142,552,2,10,"60-64 "
1352450,49,6034,34,0,1516,4518,15,34,"30-34 "
1352528,7,718,5,0,0,718,0,7,"60-64 "
1352801,1,149,35,0,149,0,1,0,"35-39 "
1352894,16,2932,11,1,0,2932,0,16,"30-34 "
1353013,12,2367,16,0,2367,0,12,0,"30-34 "
1353112,3,978,8,0,978,0,3,0,"40-44 "
1353273,9,670,25,0,0,670,0,9,"35-39 "
1353327,12,957,17,0,957,0,12,0,"35-39 "
1353457,8,1929,33,0,504,1425,6,2,">65 "
1353464,14,1870,26,0,0,1870,0,14,"40-44 "
1353662,1,60,32,0,0,60,0,1,"40-44 "
1353686,15,850,40,0,0,850,0,15,"40-44 "
1353822,18,3408,12,1,1145,2263,2,16,"45-49 "
1354133,22,2469,16,0,2469,0,22,0,"40-44 "
1354164,9,1218,41,0,1218,0,9,0,"30-34 "
1354362,1,149,4,0,0,149,0,1,"35-39 "
1354485,29,2186,4,1,0,2186,0,29,">65 "
1354560,55,14349,25,0,0,14349,0,55,"50-54 "
1354737,41,19285,8,1,17948,1337,30,11,"55-59 "
1355291,5,520,39,0,0,520,0,5,"35-39 "
1355390,5,27621,14,1,27621,0,5,0,"35-39 "
1355598,18,3859,19,0,0,3859,0,18,"40-44 "
1355949,65,19731,2,1,19519,212,59,6,"30-34 "
1356007,9,2537,23,0,2537,0,9,0,"45-49 "
1356243,41,4822,18,1,0,4822,0,41,"40-44 "
1356571,26,8877,8,1,3000,5877,17,9,"45-49 "
1356687,3,109,14,0,109,0,3,0,"25-29 "
1356755,25,7296,6,1,7296,0,25,0,"40-44 "
1356915,28,8999,14,1,7370,1629,22,6,"35-39 "
1357042,15,4718,18,0,0,4718,0,15,"45-49 "
1357097,5,415,25,0,0,415,0,5,"35-39 "
1357110,1,3590,27,0,3590,0,1,0,"40-44 "
1357356,9,1231,9,0,1231,0,9,0,"35-39 "
1357363,16,10357,21,0,2866,7491,8,8,"30-34 "
1357455,4,175,15,0,175,0,4,0,"35-39 "
1357493,2,124,5,0,0,124,0,2,"60-64 "
1357509,23,2648,16,1,2302,346,19,4,"35-39 "
1357547,16,2066,21,0,2066,0,16,0,"35-39 "
1357646,24,4994,3,1,4994,0,24,0,"30-34 "
1357653,16,20170,3,1,20170,0,16,0,"45-49 "
1358285,25,7132,7,1,6433,699,23,2,"40-44 "
1358315,122,124431,12,0,0,124431,0,122,"35-39 "
1358582,9,4178,22,1,4178,0,9,0,"40-44 "
1358605,4,4116,27,0,4116,0,4,0,"40-44 "
1358766,9,1296,5,0,720,576,5,4,"40-44 "
1358971,1,11900,9,0,11900,0,1,0,"40-44 "
1358995,5,563,16,0,563,0,5,0,"30-34 "
1359015,433,75966,3,0,49518,26448,355,78,"35-39 "
1359145,35,3722,23,1,3722,0,35,0,">65 "
1359213,19,2553,3,1,2553,0,19,0,"30-34 "
1359220,9,1035,16,2,189,846,3,6,"45-49 "
1359435,8,327,26,0,0,327,0,8,"30-34 "
1359541,12,8369,8,1,2337,6032,9,3,"45-49 "
1359718,49,13680,4,1,0,13680,0,49,"40-44 "
1359824,14,1352,21,1,1352,0,14,0,"35-39 "
1359831,4,543,39,0,0,543,0,4,"35-39 "
1359954,7,534,2,0,534,0,7,0,"45-49 "
1360059,6,499,20,0,499,0,6,0,"50-54 "
1360110,30,3348,23,0,3348,0,30,0,"30-34 "
1360240,16,3553,7,0,1074,2479,6,10,"45-49 "
1360295,12,3077,27,0,3077,0,12,0,"30-34 "
1360356,3,492,15,7,492,0,3,0,"35-39 "
1360387,10,929,3,1,929,0,10,0,"45-49 "
1360493,44,3374,5,1,1791,1583,22,22,"35-39 "
1360752,11,5746,32,0,0,5746,0,11,"50-54 "
1361384,19,3543,40,0,0,3543,0,19,"35-39 "
1361490,9,1584,18,0,0,1584,0,9,"55-59 "
1361803,3,370,2,0,370,0,3,0,"25-29 "
1361919,66,74330,6,0,53066,21264,37,29,"50-54 "
1361926,13,18034,6,3,16822,1212,10,3,"50-54 "
1361988,3,470,33,0,0,470,0,3,"55-59 "
1361995,51,19583,4,1,40,19543,1,50,"35-39 "
1362183,14,1318,10,0,1318,0,14,0,"40-44 "
1362442,21,3489,11,0,0,3489,0,21,"45-49 "
1362732,2,595,2,0,595,0,2,0,"30-34 "
1363197,3,421,27,0,421,0,3,0,"45-49 "
1363227,9,630,7,4,203,427,3,6,"30-34 "
1363388,6,844,39,0,0,844,0,6,"35-39 "
1363432,157,27995,2,0,25698,2297,139,18,"40-44 "
1363586,1,59,42,0,59,0,1,0,"50-54 "
1363654,7,1220,20,2,1220,0,7,0,"35-39 "
1363678,3,97,21,0,97,0,3,0,"25-29 "
1363845,4,1148,4,0,0,1148,0,4,"45-49 "
1363869,7,740,33,0,0,740,0,7,"35-39 "
1363937,24,4299,14,0,4299,0,24,0,"40-44 "
1364156,13,11472,9,2,11472,0,13,0,"50-54 "
1364231,39,6510,1,1,570,5940,5,34,"35-39 "
1364323,11,838,5,0,0,838,0,11,"40-44 "
1364378,12,1329,18,0,0,1329,0,12,"35-39 "
1364927,5,1254,18,0,0,1254,0,5,"50-54 "
1364934,13,1571,40,0,0,1571,0,13,"35-39 "
1365146,75,18885,5,0,0,18885,0,75,"50-54 "
1365207,85,7520,9,0,6250,1270,71,14,"40-44 "
1365252,29,5206,4,1,0,5206,0,29,"35-39 "
1365412,22,5770,2,2,892,4878,5,17,"40-44 "
1365719,56,5890,2,0,5890,0,56,0,"40-44 "
1365757,6,890,29,0,890,0,6,0,"40-44 "
1365795,40,3138,18,0,308,2830,2,38,">65 "
1365863,18,2231,20,1,1525,706,15,3,"35-39 "
1365986,1,36,8,0,36,0,1,0,"35-39 "
1366105,5,1678,16,0,1678,0,5,0,"30-34 "
1366174,19,1731,19,1,0,1731,0,19,"40-44 "
1366396,12,983,11,0,0,983,0,12,"30-34 "
1366440,26,2869,29,0,2869,0,26,0,"50-54 "
1366471,3,265,19,0,0,265,0,3,">65 "
1366570,10,2026,10,0,2026,0,10,0,"40-44 "
1366624,5,1656,16,1,1656,0,5,0,"25-29 "
1367065,1,103,28,0,103,0,1,0,"45-49 "
1367096,13,2290,15,1,1664,626,8,5,"40-44 "
1367317,8,744,33,0,0,744,0,8,"30-34 "
1367560,2,410,4,0,0,410,0,2,"35-39 "
1367584,2,439,11,12,60,379,1,1,"30-34 "
1367737,5,1205,10,0,1205,0,5,0,"25-29 "
1367768,4,962,37,0,962,0,4,0,"35-39 "
1368147,9,683,36,0,683,0,9,0,"30-34 "
1368185,26,2678,16,0,2678,0,26,0,"45-49 "
1368284,14,2261,16,2,1641,620,6,8,"30-34 "
1368987,27,9725,7,0,9725,0,27,0,"25-29 "
1369021,7,2302,7,4,2302,0,7,0,"45-49 "
1369229,13,3079,2,0,3079,0,13,0,"30-34 "
1369397,78,14720,2,0,14720,0,78,0,"50-54 "
1369885,25,2388,1,1,2388,0,25,0,"40-44 "
1369915,10,2075,3,0,2075,0,10,0,"30-34 "
1370188,14,1196,26,1,216,980,3,11,"30-34 "
1370799,54,6576,11,0,0,6576,0,54,"55-59 "
1370959,7,1347,10,0,1347,0,7,0,"40-44 "
1371086,8,1406,24,0,202,1204,1,7,"45-49 "
1371116,16,1032,25,0,0,1032,0,16,"30-34 "
1371192,5,759,28,0,759,0,5,0,"40-44 "
1371413,8,293,10,0,293,0,8,0,"60-64 "
1371437,16,5854,35,0,5854,0,16,0,"45-49 "
1371642,9,823,19,0,0,823,0,9,"40-44 "
1371703,3,316,35,0,316,0,3,0,"35-39 "
1371710,36,20294,3,1,4994,15300,19,17,"45-49 "
1371987,11,948,18,0,0,948,0,11,"45-49 "
1372359,15,11286,20,0,11286,0,15,0,"60-64 "
1372489,113,11943,10,0,4679,7264,27,86,"35-39 "
1372496,6,1144,9,0,1144,0,6,0,"55-59 "
1372618,1,3590,33,0,0,3590,0,1,"35-39 "
1372656,28,2427,39,0,0,2427,0,28,">65 "
1372755,7,671,27,0,671,0,7,0,"45-49 "
1372816,3,138,8,0,138,0,3,0,">65 "
1373196,4,260,26,0,0,260,0,4,">65 "
1373240,1,5145,19,0,0,5145,0,1,"45-49 "
1373585,6,307,2,2,307,0,6,0,"45-49 "
1373592,2,428,6,0,428,0,2,0,"35-39 "
1373608,2,4433,5,0,0,4433,0,2,"50-54 "
1373820,10,834,6,4,506,328,6,4,"50-54 "
1373844,4,457,25,0,0,457,0,4,"45-49 "
1373868,21,6100,18,1,2715,3385,4,17,"50-54 "
1373943,24,5149,11,0,0,5149,0,24,"35-39 "
1374162,4,436,16,0,436,0,4,0,"45-49 "
1374261,6,1755,30,0,1755,0,6,0,"50-54 "
1374285,7,365,10,0,365,0,7,0,"35-39 "
1374810,9,1159,9,0,556,603,4,5,">65 "
1374896,14,2982,16,1,253,2729,3,11,"35-39 "
1374926,11,1260,13,0,1260,0,11,0,"30-34 "
1375220,2,435,35,0,435,0,2,0,"50-54 "
1375664,1,169,4,0,0,169,0,1,"40-44 "
1375725,20,2284,4,0,0,2284,0,20,"40-44 "
1375800,13,813,4,0,0,813,0,13,"40-44 "
1376197,15,1086,11,0,0,1086,0,15,">65 "
1376470,23,2047,18,0,0,2047,0,23,"45-49 "
1376555,16,15706,2,0,15706,0,16,0,"30-34 "
1376586,13,1571,32,0,0,1571,0,13,"40-44 "
1376753,13,888,2,1,452,436,8,5,"40-44 "
1376760,30,14858,3,1,7326,7532,6,24,">65 "
1376906,9,23082,8,3,23082,0,9,0,"50-54 "
1376944,1,36,11,0,0,36,0,1,"45-49 "
1377040,19,23636,5,0,0,23636,0,19,"40-44 "
1377187,18,6045,19,0,0,6045,0,18,"50-54 "
1377248,14,2309,12,0,0,2309,0,14,"30-34 "
1377408,5,4300,13,0,4300,0,5,0,"40-44 "
1377538,9,694,28,0,694,0,9,0,">65 "
1377835,5,333,8,0,333,0,5,0,">65 "
1378122,9,1449,41,0,1449,0,9,0,"50-54 "
1378269,11,17760,4,3,8791,8969,7,4,">65 "
1378504,10,755,23,0,755,0,10,0,"40-44 "
1378696,22,6574,18,0,2631,3943,2,20,"55-59 "
1378757,18,4011,9,1,2261,1750,10,8,"35-39 "
1378917,29,27600,16,0,11179,16421,11,18,"40-44 "
1378962,2,129,33,0,0,129,0,2,"35-39 "
1379099,4,546,10,0,546,0,4,0,"30-34 "
1379136,2,4589,13,0,4589,0,2,0,"40-44 "
1379266,8,567,13,3,567,0,8,0,"45-49 "
1379334,27,7652,12,1,5350,2302,15,12,"60-64 "
1379631,9,553,5,0,0,553,0,9,"45-49 "
1379655,9,2622,10,0,1890,732,1,8,"40-44 "
1379891,9,2405,26,0,0,2405,0,9,"40-44 "
1379976,20,2323,4,1,0,2323,0,20,"40-44 "
1380002,6,460,11,5,165,295,2,4,"35-39 "
1380231,29,2412,26,0,243,2169,7,22,"30-34 "
1380378,28,2589,22,0,2589,0,28,0,"35-39 "
1380460,35,3616,18,0,0,3616,0,35,"35-39 "
1380545,35,6803,2,1,6803,0,35,0,"30-34 "
1380804,12,1033,18,0,0,1033,0,12,"45-49 "
1380873,2,1825,3,0,1825,0,2,0,"45-49 "
1380880,22,16412,8,0,16412,0,22,0,"50-54 "
1380897,14,3154,39,0,0,3154,0,14,"55-59 "
1380934,28,5332,26,1,2954,2378,12,16,"60-64 "
1381214,7,5258,11,1,0,5258,0,7,">65 "
1381887,55,29252,8,1,15986,13266,35,20,"35-39 "
1381948,41,5163,6,0,1799,3364,5,36,"35-39 "
1382211,2,600,31,2,600,0,2,0,"35-39 "
1382327,6,427,4,0,0,427,0,6,">65 "
1382532,12,1248,33,0,0,1248,0,12,"40-44 "
1382686,18,2291,10,2,2291,0,18,0,"40-44 "
1382907,6,757,19,0,0,757,0,6,"40-44 "
1383065,107,35857,4,0,4147,31710,22,85,"45-49 "
1383225,3,304,21,0,304,0,3,0,"40-44 "
1383270,7,500,13,0,500,0,7,0,">65 "
1383409,16,1434,40,0,0,1434,0,16,"60-64 "
1383942,24,3015,11,0,199,2816,5,19,"35-39 "
1383966,33,11076,7,1,10942,134,30,3,"30-34 "
1383980,49,13899,18,0,5334,8565,19,30,"45-49 "
1384505,23,2286,5,0,0,2286,0,23,"40-44 "
1384567,7,1001,21,0,1001,0,7,0,"40-44 "
1384758,49,9837,11,0,7176,2661,26,23,"40-44 "
1384888,2,3769,36,0,3769,0,2,0,"30-34 "
1384994,4,727,2,0,727,0,4,0,"30-34 "
1385779,1,499,4,0,0,499,0,1,"45-49 "
1385816,14,866,7,2,389,477,7,7,">65 "
1385878,2,9684,15,0,9684,0,2,0,"30-34 "
1386080,10,3759,28,1,3759,0,10,0,"40-44 "
1386172,13,909,26,0,0,909,0,13,"40-44 "
1386257,25,6928,12,1,6003,925,21,4,"45-49 "
1386486,1,36,10,0,36,0,1,0,"40-44 "
1387124,36,4433,30,0,4433,0,36,0,"45-49 "
1387414,45,4295,14,1,161,4134,4,41,"45-49 "
1387421,25,12735,4,1,0,12735,0,25,"35-39 "
1387438,6,956,5,5,0,956,0,6,"35-39 "
1387667,10,1257,16,0,1257,0,10,0,"30-34 "
1387674,6,759,25,0,0,759,0,6,"40-44 "
1388176,14,1868,6,1,1868,0,14,0,"40-44 "
1388305,32,16012,25,0,0,16012,0,32,"40-44 "
1388374,7,815,13,0,815,0,7,0,"35-39 "
1388756,32,4488,4,1,0,4488,0,32,"30-34 "
1389111,3,157,16,8,157,0,3,0,"30-34 "
1389289,16,955,14,1,228,727,1,15,"25-29 "
1389616,12,3721,12,0,0,3721,0,12,"40-44 "
1389814,2,529,21,0,529,0,2,0,"45-49 "
1389852,22,1557,18,0,0,1557,0,22,"35-39 "
1390513,3,1230,4,9,0,1230,0,3,"35-39 "
1390810,2,4356,2,2,3411,945,1,1,"40-44 "
1390971,7,582,6,0,582,0,7,0,"35-39 "
1391053,17,2269,13,1,2269,0,17,0,"35-39 "
1391084,3,376,7,0,376,0,3,0,"40-44 "
1391183,22,5897,25,0,0,5897,0,22,"35-39 "
1391206,3,554,40,0,0,554,0,3,"45-49 "
1391541,12,4802,14,1,3008,1794,1,11,"35-39 "
1392074,16,1123,15,0,1123,0,16,0,"35-39 "
1392210,8,3697,7,3,3637,60,7,1,"35-39 "
1392234,30,5943,15,1,2280,3663,21,9,"35-39 "
1392371,4,392,7,0,392,0,4,0,"<25 "
1392869,24,3858,12,1,0,3858,0,24,"25-29 "
1392944,11,1166,29,0,1166,0,11,0,"30-34 "
1393736,42,5215,2,1,4840,375,39,3,"45-49 "
1393927,4,239,17,0,239,0,4,0,"25-29 "
1394078,15,1115,14,0,1115,0,15,0,"40-44 "
1394092,13,852,31,0,852,0,13,0,"35-39 "
1394627,14,2662,4,1,0,2662,0,14,"30-34 "
1394672,5,427,21,4,338,89,4,1,"45-49 "
1394795,9,1019,28,1,1019,0,9,0,"30-34 "
1394863,16,9197,4,2,1346,7851,2,14,"30-34 "
1394870,21,4261,12,1,2435,1826,8,13,"40-44 "
1394917,20,3341,31,0,3341,0,20,0,"30-34 "
1395327,8,3223,5,0,0,3223,0,8,"35-39 "
1395563,37,5464,7,1,4849,615,25,12,"40-44 "
1395594,7,5520,6,2,5520,0,7,0,"40-44 "
1395655,2,5912,16,0,5912,0,2,0,"25-29 "
1395730,10,777,42,0,777,0,10,0,"40-44 "
1396102,3,3782,11,0,0,3782,0,3,"40-44 "
1396324,3,212,26,0,0,212,0,3,"50-54 "
1396409,28,7383,19,0,0,7383,0,28,"40-44 "
1396638,1,1050,21,0,1050,0,1,0,"35-39 "
1396676,27,3444,10,1,3444,0,27,0,"40-44 "
1397161,14,1246,29,0,1246,0,14,0,"40-44 "
1397208,18,9890,21,0,9890,0,18,0,"35-39 "
1397222,10,890,35,0,890,0,10,0,">65 "
1397543,8,4113,39,0,0,4113,0,8,"40-44 "
1397598,5,335,31,0,335,0,5,0,"25-29 "
1397604,10,2311,17,1,1987,324,8,2,"25-29 "
1397611,67,6079,2,0,2396,3683,32,35,"45-49 "
1397802,32,5828,32,0,0,5828,0,32,"45-49 "
1398014,4,648,13,8,648,0,4,0,">65 "
1398212,5,537,37,0,537,0,5,0,"40-44 "
1398472,1,39,3,0,39,0,1,0,"25-29 "
1398557,24,13493,34,0,11519,1974,11,13,"40-44 "
1398694,29,2837,15,1,1121,1716,11,18,"30-34 "
1398724,11,1571,6,3,1571,0,11,0,"55-59 "
1398748,20,4317,4,2,762,3555,7,13,"45-49 "
1398816,35,5268,3,1,3892,1376,23,12,"30-34 "
1398847,52,6237,4,1,504,5733,5,47,"45-49 "
1399028,2,224,23,0,224,0,2,0,"50-54 "
1399196,15,1325,12,0,0,1325,0,15,"30-34 "
1399318,9,1796,7,3,1796,0,9,0,"35-39 "
1399325,23,1953,15,0,1953,0,23,0,"30-34 "
1399462,3,2076,21,0,2076,0,3,0,"40-44 "
1399882,39,3996,2,1,1145,2851,15,24,">65 "
1400038,4,715,34,0,715,0,4,0,"35-39 "
1400045,25,4689,11,0,0,4689,0,25,"30-34 "
1400052,27,2435,39,0,0,2435,0,27,"30-34 "
1400083,7,1489,8,4,1489,0,7,0,">65 "
1400175,33,2399,11,0,0,2399,0,33,"45-49 "
1400311,7,632,14,0,632,0,7,0,"40-44 "
1400359,5,589,34,0,589,0,5,0,"45-49 "
1400397,57,15710,3,1,3980,11730,20,37,"45-49 "
1400588,3,260,23,0,260,0,3,0,"45-49 "
1400663,4,1081,24,0,1081,0,4,0,">65 "
1400670,14,4574,21,2,4574,0,14,0,"35-39 "
1400687,2,76,37,0,76,0,2,0,">65 "
1400694,6,2368,31,0,2368,0,6,0,"35-39 "
1400724,18,1785,12,0,0,1785,0,18,"35-39 "
1400748,2,198,38,0,198,0,2,0,"45-49 "
1400779,20,3537,3,2,463,3074,7,13,"25-29 "
1401073,7,2417,14,0,2417,0,7,0,"40-44 "
1401141,22,2200,7,1,2200,0,22,0,"40-44 "
1401516,10,1007,30,0,1007,0,10,0,"35-39 "
1401738,12,3147,4,3,3023,124,9,3,"<25 "
1401752,25,6309,42,0,6309,0,25,0,"<25 "
1401783,53,7721,8,0,4833,2888,34,19,"25-29 "
1401820,7,720,5,0,0,720,0,7,"40-44 "
1401929,2,3416,18,7,0,3416,0,2,"35-39 "
1402018,7,2123,32,0,0,2123,0,7,"35-39 "
1402124,6,2403,41,0,2403,0,6,0,"35-39 "
1402261,3,1456,4,1,88,1368,1,2,"50-54 "
1402308,35,5077,19,0,951,4126,10,25,"35-39 "
1402339,24,2559,32,0,0,2559,0,24,">65 "
1402407,6,4146,12,0,0,4146,0,6,"25-29 "
1402544,20,2468,18,0,0,2468,0,20,"45-49 "
1402568,11,2470,36,0,2470,0,11,0,">65 "
1402582,17,2529,39,0,0,2529,0,17,"35-39 "
1402674,68,10468,4,0,8087,2381,42,26,">65 "
1402681,8,1091,4,0,0,1091,0,8,">65 "
1402735,30,3150,32,0,0,3150,0,30,"35-39 "
1402933,8,1226,6,0,1226,0,8,0,"30-34 "
1403374,19,6088,32,0,0,6088,0,19,">65 "
1403480,8,823,4,0,0,823,0,8,">65 "
1403503,4,200,25,0,0,200,0,4,"60-64 "
1403589,80,7746,6,0,7746,0,80,0,"40-44 "
1403640,26,9058,2,1,9058,0,26,0,"40-44 "
1403657,10,3497,18,2,2570,927,5,5,"55-59 "
1403701,7,1051,3,3,1051,0,7,0,"40-44 "
1403862,12,49421,4,2,0,49421,0,12,"45-49 "
1403909,5,6874,10,0,6874,0,5,0,"30-34 "
1403916,3,3701,21,0,3701,0,3,0,"40-44 "
1403954,30,3134,37,0,3134,0,30,0,"35-39 "
1403992,103,20391,4,0,5501,14890,31,72,"35-39 "
1404005,10,4181,2,2,2040,2141,5,5,"40-44 "
1404043,1,202,29,0,202,0,1,0,"30-34 "
1404197,1,60,28,0,60,0,1,0,"30-34 "
1404203,1,36,16,0,36,0,1,0,"25-29 "
1404319,54,7162,7,1,3102,4060,28,26,"30-34 "
1404517,13,2280,25,0,0,2280,0,13,"30-34 "
1404692,5,987,8,0,987,0,5,0,"40-44 "
1404791,6,813,18,0,0,813,0,6,">65 "
1404876,34,3727,32,0,1212,2515,9,25,"30-34 "
1404913,32,2466,6,0,2466,0,32,0,">65 "
1405088,36,18820,23,0,16269,2551,26,10,">65 "
1405224,12,1442,35,0,1442,0,12,0,"45-49 "
1405248,4,211,24,0,211,0,4,0,"30-34 "
1405347,7,675,2,3,675,0,7,0,"50-54 "
1405392,6,3575,32,0,0,3575,0,6,"55-59 "
1405477,7,779,14,4,779,0,7,0,"45-49 "
1405552,2,311,9,0,311,0,2,0,"45-49 "
1405750,1,276,27,0,276,0,1,0,"30-34 "
1405842,12,796,6,0,796,0,12,0,"60-64 "
1406078,2,243,3,0,243,0,2,0,"30-34 "
1406429,3,1450,2,1,1450,0,3,0,">65 "
1406467,37,26449,24,0,23719,2730,17,20,"50-54 "
1406528,5,472,4,0,0,472,0,5,"35-39 "
1406559,13,1705,6,1,1705,0,13,0,"45-49 "
1406719,5,860,5,0,0,860,0,5,"40-44 "
1406818,2,103,19,0,0,103,0,2,"30-34 "
1406870,34,7653,12,1,2468,5185,20,14,"40-44 "
1406948,18,3009,12,0,1537,1472,13,5,"45-49 "
1407044,38,9819,8,1,9819,0,38,0,"45-49 "
1407150,18,2904,19,1,1747,1157,8,10,"45-49 "
1407174,7,341,15,0,341,0,7,0,"35-39 "
1407303,4,268,38,0,268,0,4,0,">65 "
1407501,21,2773,8,2,2021,752,14,7,"45-49 "
1407716,13,1488,18,0,0,1488,0,13,"45-49 "
1407785,19,5709,37,0,5709,0,19,0,"40-44 "
1408096,3,310,20,0,310,0,3,0,">65 "
1408256,40,4218,11,0,0,4218,0,40,"50-54 "
1408331,77,15447,16,0,15447,0,77,0,"30-34 "
1408416,2,138,9,0,138,0,2,0,"40-44 "
1408447,9,4204,18,0,0,4204,0,9,"50-54 "
1408485,12,2095,12,2,255,1840,4,8,"45-49 "
1408522,14,2436,17,0,2436,0,14,0,"30-34 "
1408553,32,4171,21,0,4171,0,32,0,"35-39 "
1408591,6,2509,18,0,0,2509,0,6,"35-39 "
1408737,6,1475,15,2,295,1180,5,1,"45-49 "
1408782,10,15912,22,2,15912,0,10,0,"55-59 "
1409093,8,597,40,0,0,597,0,8,"30-34 "
1409383,25,72402,5,1,1233,71169,10,15,"35-39 "
1409604,15,2017,17,1,2017,0,15,0,"30-34 "
1409666,3,752,3,0,752,0,3,0,"50-54 "
1409710,6,1263,40,0,0,1263,0,6,">65 "
1409727,16,6668,9,0,6668,0,16,0,"50-54 "
1409734,157,25633,2,0,16079,9554,106,51,"30-34 "
1409840,25,18364,20,0,13549,4815,12,13,"30-34 "
1409871,5,3527,19,0,0,3527,0,5,">65 "
1409956,9,1507,23,0,1507,0,9,0,">65 "
1410167,11,1200,10,0,1200,0,11,0,"30-34 "
1410266,17,1059,8,2,632,427,8,9,"30-34 "
1410273,8,1683,15,2,1683,0,8,0,">65 "
1410297,32,57108,17,0,16627,40481,23,9,">65 "
1410457,1,156,16,0,156,0,1,0,">65 "
1410501,4,325,35,0,325,0,4,0,"40-44 "
1410785,31,2799,5,1,1695,1104,18,13,"35-39 "
1410822,48,79500,11,0,0,79500,0,48,"45-49 "
1411157,5,1789,28,0,1789,0,5,0,"45-49 "
1411621,7,792,18,3,139,653,1,6,"35-39 "
1411911,10,1555,19,0,0,1555,0,10,"40-44 "
1411959,3,494,42,0,494,0,3,0,"55-59 "
1412130,13,2552,13,0,2552,0,13,0,"35-39 "
1412239,11,512,12,0,0,512,0,11,"40-44 "
1412246,20,4188,4,1,3207,981,13,7,"35-39 "
1412253,59,9559,25,0,4666,4893,21,38,"60-64 "
1412369,25,7257,31,0,7257,0,25,0,"35-39 "
1412468,74,20667,5,0,12918,7749,39,35,"40-44 "
1412505,3,531,6,2,531,0,3,0,"40-44 "
1412567,22,2168,4,0,0,2168,0,22,">65 "
1412710,15,4888,5,0,0,4888,0,15,"40-44 "
1412802,11,4518,11,0,0,4518,0,11,"50-54 "
1412888,6,824,18,0,0,824,0,6,"45-49 "
1412994,24,3917,7,1,3917,0,24,0,"35-39 "
1413083,8,731,6,3,731,0,8,0,"30-34 "
1413151,29,12284,39,0,0,12284,0,29,"40-44 "
1413243,43,3000,3,1,1896,1104,28,15,">65 "
1413410,7,1236,16,2,1236,0,7,0,"40-44 "
1413472,4,312,5,0,0,312,0,4,"40-44 "
1413649,7,2541,3,3,2541,0,7,0,"40-44 "
1413847,1,95,13,0,95,0,1,0,"35-39 "
1413892,7,3216,41,0,3216,0,7,0,"35-39 "
1413946,2,2268,11,0,0,2268,0,2,"30-34 "
1413953,27,11529,3,1,10746,783,23,4,"40-44 "
1414004,19,1672,22,0,1672,0,19,0,"45-49 "
1414134,15,868,19,0,358,510,7,8,"35-39 "
1414172,31,2950,2,1,2023,927,20,11,"35-39 "
1414240,72,12969,2,0,12969,0,72,0,"40-44 "
1414370,9,1975,12,1,981,994,5,4,"45-49 "
1414431,23,2061,20,1,2061,0,23,0,"45-49 "
1414509,8,1865,26,1,0,1865,0,8,"35-39 "
1414639,24,3360,32,0,0,3360,0,24,"35-39 "
1414646,8,1663,20,0,1663,0,8,0,"40-44 "
1414677,27,12904,16,1,5839,7065,4,23,"35-39 "
1414721,4,1693,28,0,1693,0,4,0,"40-44 "
1414844,36,4103,19,0,0,4103,0,36,"35-39 "
1414905,25,18651,11,0,6561,12090,6,19,"30-34 "
1415063,40,6498,7,1,5824,674,33,7,"40-44 "
1415636,60,7958,2,1,7958,0,60,0,">65 "
1416183,1,60,35,0,60,0,1,0,"35-39 "
1416350,10,662,21,0,662,0,10,0,"25-29 "
1416442,1,448,36,0,448,0,1,0,"35-39 "
1416596,2,96,21,7,96,0,2,0,"40-44 "
1416787,6,1006,8,0,1006,0,6,0,"60-64 "
1417371,10,3869,13,2,3869,0,10,0,"50-54 "
1417418,13,27517,2,2,27517,0,13,0,"50-54 "
1417456,6,1570,14,0,1570,0,6,0,"50-54 "
1417463,24,2061,11,0,0,2061,0,24,"35-39 "
1417616,57,5136,6,1,2139,2997,21,36,">65 "
1417661,33,2354,26,0,0,2354,0,33,"40-44 "
1417685,16,4438,20,0,4438,0,16,0,"<25 "
1417760,41,8890,12,0,0,8890,0,41,"45-49 "
1417807,3,980,2,0,980,0,3,0,"50-54 "
1417814,58,7332,4,0,2473,4859,34,24,"45-49 "
1417968,32,2767,11,0,0,2767,0,32,"35-39 "
1418095,20,4235,18,1,2232,2003,3,17,"45-49 "
1418347,2,255,30,0,255,0,2,0,"25-29 "
1418651,9,1479,11,0,0,1479,0,9,"30-34 "
1418668,10,1617,39,0,0,1617,0,10,"35-39 "
1418811,1,72,5,0,0,72,0,1,"45-49 "
1418897,36,10080,11,1,5082,4998,19,17,"35-39 "
1418903,5,928,4,0,0,928,0,5,"45-49 "
1419177,22,1781,18,0,0,1781,0,22,">65 "
1419306,7,897,17,3,897,0,7,0,">65 "
1419368,14,1255,33,0,0,1255,0,14,"40-44 "
1419542,16,1774,32,0,0,1774,0,16,">65 "
1419733,11,384,22,0,384,0,11,0,"30-34 "
1419764,89,15354,9,0,4685,10669,56,33,"40-44 "
1419863,12,13006,21,2,11632,1374,3,9,"50-54 "
1420005,2,1216,13,0,1216,0,2,0,">65 "
1420227,3,68,10,0,68,0,3,0,">65 "
1420296,82,34011,32,0,0,34011,0,82,"40-44 "
1420333,26,4722,33,0,0,4722,0,26,"25-29 "
1421217,7,5005,40,0,0,5005,0,7,"50-54 "
1421224,20,2667,2,1,2667,0,20,0,"50-54 "
1421385,7,1247,40,0,0,1247,0,7,"40-44 "
1421743,8,2492,12,2,0,2492,0,8,">65 "
1421811,24,2118,4,1,414,1704,8,16,"35-39 "
1421873,14,931,17,0,931,0,14,0,">65 "
1421958,23,1378,18,0,0,1378,0,23,">65 "
1421972,10,10946,39,0,0,10946,0,10,">65 "
1422269,8,658,32,0,0,658,0,8,"60-64 "
1422382,14,6615,2,0,6615,0,14,0,"45-49 "
1422450,23,4393,11,0,0,4393,0,23,"35-39 "
1422627,8,364,27,0,364,0,8,0,"45-49 "
1422788,15,2739,15,0,2739,0,15,0,"40-44 "
1422825,30,6974,17,0,6974,0,30,0,"35-39 "
1423051,11,2398,42,0,2398,0,11,0,"40-44 "
1423068,31,16879,4,1,13139,3740,16,15,"35-39 "
1423112,26,2684,18,0,0,2684,0,26,">65 "
1423181,30,4195,11,0,0,4195,0,30,"40-44 "
1423297,31,5240,3,1,3662,1578,19,12,"30-34 "
1423327,17,1718,40,0,0,1718,0,17,"45-49 "
1423334,20,2577,32,0,0,2577,0,20,"30-34 "
1423341,11,1048,14,3,1048,0,11,0,"35-39 "
1423402,22,4348,12,1,0,4348,0,22,"45-49 "
1423426,3,1477,34,0,1477,0,3,0,"35-39 "
1423693,14,983,5,0,0,983,0,14,">65 "
1423723,4,1225,15,0,1225,0,4,0,"30-34 "
1423860,61,5140,3,1,1246,3894,9,52,"35-39 "
1423921,21,10190,18,0,0,10190,0,21,">65 "
1423938,6,658,36,0,658,0,6,0,">65 "
1423945,16,2624,12,0,0,2624,0,16,"35-39 "
1424188,3,286,22,0,286,0,3,0,">65 "
1424331,24,10430,24,0,8204,2226,9,15,"45-49 "
1424485,11,1552,16,2,1552,0,11,0,"55-59 "
1424713,14,3314,25,0,2797,517,6,8,"45-49 "
1424737,13,1200,3,0,1200,0,13,0,">65 "
1424775,1,396,6,0,396,0,1,0,"30-34 "
1425055,35,2675,4,1,2057,618,29,6,"35-39 "
1425086,6,706,25,0,0,706,0,6,">65 "
1425321,8,316,34,0,316,0,8,0,">65 "
1425529,10,957,4,0,0,957,0,10,">65 "
1425581,7,1811,4,0,0,1811,0,7,"30-34 "
1425666,39,5282,21,0,2020,3262,20,19,"25-29 "
1425918,3,507,19,0,0,507,0,3,"45-49 "
1425970,3,1429,15,0,1429,0,3,0,">65 "
1426045,7,1660,13,3,216,1444,3,4,"50-54 "
1426052,19,15543,26,0,0,15543,0,19,"45-49 "
1426137,50,9681,5,0,720,8961,9,41,"40-44 "
1426199,3,123,21,0,123,0,3,0,"45-49 "
1426489,5,456,4,0,0,456,0,5,"40-44 "
1426496,29,8740,10,1,6668,2072,12,17,">65 "
1426564,4,522,31,0,522,0,4,0,"40-44 "
1426618,7,1905,17,0,1905,0,7,0,"30-34 "
1426762,30,9605,23,0,9605,0,30,0,"35-39 "
1426809,17,2956,8,0,2956,0,17,0,"40-44 "
1426854,37,6798,7,1,3163,3635,22,15,"40-44 "
1426922,1,80,39,0,0,80,0,1,">65 "
1427103,11,1041,31,0,1041,0,11,0,"35-39 "
1427257,70,8906,9,0,8250,656,64,6,"35-39 "
1427424,10,2361,8,0,2361,0,10,0,"30-34 "
1427431,18,2302,21,0,2302,0,18,0,"50-54 "
1427448,18,2455,5,2,0,2455,0,18,"35-39 "
1427530,26,10528,11,0,0,10528,0,26,"35-39 "
1427752,2,254,17,0,254,0,2,0,"25-29 "
1427912,37,4209,11,1,3715,494,34,3,"40-44 "
1428025,3,1679,11,0,0,1679,0,3,"50-54 "
1428254,4,868,17,0,868,0,4,0,"35-39 "
1428438,5,480,38,0,480,0,5,0,"40-44 "
1428520,18,2049,39,0,0,2049,0,18,"30-34 "
1428612,44,11013,11,1,0,11013,0,44,">65 "
1428674,32,3643,26,0,0,3643,0,32,"30-34 "
1429060,10,5799,10,0,5799,0,10,0,">65 "
1429213,22,1595,29,0,1595,0,22,0,"35-39 "
1429350,22,2610,38,0,2610,0,22,0,">65 "
1429510,65,9126,4,0,6984,2142,47,18,"45-49 "
1429534,72,6746,2,1,5847,899,53,19,"45-49 "
1429862,1,516,40,0,0,516,0,1,"50-54 "
1429916,5,310,12,0,0,310,0,5,">65 "
1429923,87,17007,5,0,11665,5342,58,29,"35-39 "
1429961,5,256,1,0,256,0,5,0,">65 "
1430264,3,746,40,0,0,746,0,3,">65 "
1430479,7,1077,16,0,1077,0,7,0,"30-34 "
1430561,17,4350,4,0,0,4350,0,17,"35-39 "
1430592,41,8596,4,0,8429,167,38,3,"45-49 "
1430691,33,10714,17,0,10714,0,33,0,"30-34 "
1430769,5,1228,39,0,0,1228,0,5,"35-39 "
1430868,10,3009,3,4,2159,850,5,5,"40-44 "
1430899,7,624,20,0,624,0,7,0,"30-34 "
1431131,32,2832,12,0,0,2832,0,32,">65 "
1431179,31,5679,8,1,1191,4488,21,10,"45-49 "
1431209,21,14755,18,0,0,14755,0,21,"40-44 "
1431247,6,903,14,0,903,0,6,0,">65 "
1431391,2,121,18,0,0,121,0,2,"30-34 "
1431414,18,4530,30,0,4025,505,16,2,"45-49 "
1431490,9,1558,7,0,1558,0,9,0,"30-34 "
1431674,7,612,12,0,0,612,0,7,"45-49 "
1431858,1,36,4,0,0,36,0,1,"25-29 "
1432015,39,2771,4,0,850,1921,14,25,"60-64 "
1432046,8,1140,35,0,1140,0,8,0,"40-44 "
1432084,13,1743,20,0,1743,0,13,0,"45-49 "
1432114,28,1520,14,0,1520,0,28,0,"40-44 "
1432138,6,1240,8,3,1240,0,6,0,"50-54 "
1432275,38,5956,20,0,5956,0,38,0,"35-39 "
1432411,26,9613,2,0,9613,0,26,0,">65 "
1432442,81,23278,4,0,1865,21413,5,76,"45-49 "
1432473,8,898,13,0,898,0,8,0,"30-34 "
1432503,42,7760,14,1,6158,1602,29,13,"40-44 "
1432558,29,4595,9,0,3525,1070,17,12,"40-44 "
1432596,30,7424,11,0,0,7424,0,30,"45-49 "
1432695,5,362,30,0,362,0,5,0,"40-44 "
1432749,12,1563,29,0,1563,0,12,0,"35-39 "
1432886,2,84,8,0,84,0,2,0,"50-54 "
1432909,15,3552,8,2,2478,1074,7,8,"45-49 "
1432930,4,777,3,0,777,0,4,0,">65 "
1432947,4,242,5,0,0,242,0,4,">65 "
1432978,13,1373,5,0,0,1373,0,13,"35-39 "
1433067,47,12510,3,1,12510,0,47,0,"40-44 "
1433135,12,1666,5,0,0,1666,0,12,"35-39 "
1433371,48,8341,19,0,0,8341,0,48,"25-29 "
1433401,9,1174,16,0,1174,0,9,0,"40-44 "
1433425,13,1473,22,1,1053,420,9,4,"45-49 "
1433432,28,5447,8,0,5447,0,28,0,"35-39 "
1433647,5,245,8,2,121,124,3,2,"35-39 "
1433883,8,1522,12,2,0,1522,0,8,">65 "
1433951,30,5825,19,0,0,5825,0,30,">65 "
1434026,19,2676,5,0,0,2676,0,19,"40-44 "
1434040,15,1530,33,0,0,1530,0,15,"45-49 "
1434125,16,1858,4,0,0,1858,0,16,"40-44 "
1434149,16,2778,7,1,2778,0,16,0,"40-44 "
1434163,10,14500,19,0,12924,1576,4,6,"45-49 "
1434170,1,288,5,0,0,288,0,1,"40-44 "
1434330,4,145,25,4,0,145,0,4,"35-39 "
1434828,9,6277,12,2,2857,3420,8,1,"40-44 "
1434927,28,3242,8,1,1687,1555,14,14,"30-34 "
1435061,11,1750,25,0,0,1750,0,11,"35-39 "
1435207,14,3246,5,0,0,3246,0,14,"40-44 "
1435528,6,244,7,1,132,112,2,4,"50-54 "
1435955,18,1562,6,2,643,919,6,12,"40-44 "
1435993,14,1485,6,0,1485,0,14,0,"<25 "
1436082,6,283,19,0,0,283,0,6,"45-49 "
1436150,5,932,39,0,0,932,0,5,"35-39 "
1436280,6,159765,14,0,159765,0,6,0,"35-39 "
1436334,31,7142,4,1,3273,3869,16,15,"35-39 "
1436365,47,6878,11,1,1620,5258,1,46,"30-34 "
1436372,2,254,14,0,254,0,2,0,"35-39 "
1436617,16,2416,20,0,2416,0,16,0,"45-49 "
1436747,11,3671,26,0,0,3671,0,11,"50-54 "
1436952,52,8476,18,0,0,8476,0,52,"40-44 "
1437034,4,5693,17,0,5693,0,4,0,"30-34 "
1437041,121,8726,4,0,3564,5162,48,73,"35-39 "
1437416,13,1314,18,0,0,1314,0,13,"45-49 "
1437430,20,2424,5,1,1727,697,10,10,"50-54 "
1437478,7,1353,15,0,1353,0,7,0,"35-39 "
1437683,23,6941,35,0,6941,0,23,0,"35-39 "
1437751,25,4099,4,0,0,4099,0,25,"35-39 "
1437768,29,1839,3,1,821,1018,11,18,"40-44 "
1437898,10,1873,5,0,0,1873,0,10,">65 "
1438277,35,7739,12,1,0,7739,0,35,"40-44 "
1438338,1,1264,10,0,1264,0,1,0,"40-44 "
1438536,5,662,39,0,0,662,0,5,"40-44 "
1438581,22,4782,14,1,4782,0,22,0,"50-54 "
1438673,20,1782,35,0,1782,0,20,0,"35-39 "
1438741,14,2727,25,0,0,2727,0,14,"35-39 "
1438819,16,4289,7,1,475,3814,3,13,"30-34 "
1439038,1,169,34,0,169,0,1,0,"35-39 "
1439090,2,249,18,0,0,249,0,2,"30-34 "
1439243,5,658,32,0,0,658,0,5,"40-44 "
1439274,7,809,37,0,809,0,7,0,">65 "
1439311,1,129,41,0,129,0,1,0,"35-39 "
1439410,29,2408,8,1,1424,984,23,6,"45-49 "
1439564,19,2603,29,0,2603,0,19,0,"50-54 "
1439571,15,2157,26,0,0,2157,0,15,"40-44 "
1439625,13,2148,19,0,0,2148,0,13,"30-34 "
1439632,21,3275,40,0,0,3275,0,21,"35-39 "
1439823,13,624,36,0,624,0,13,0,"35-39 "
1439892,11,11021,12,2,9854,1167,4,7,"40-44 "
1440041,6,636,32,0,0,636,0,6,"40-44 "
1440096,37,2675,22,0,1790,885,28,9,"35-39 "
1440201,13,8424,42,0,8424,0,13,0,"35-39 "
1440263,10,788,32,0,0,788,0,10,"40-44 "
1440362,6,455,11,0,0,455,0,6,"40-44 "
1440478,2,405,8,0,405,0,2,0,"40-44 "
1440546,3,2228,24,0,2228,0,3,0,"40-44 "
1440621,23,5903,19,1,5671,232,21,2,"50-54 "
1440638,2,892,12,0,0,892,0,2,"45-49 "
1440645,28,4765,4,1,0,4765,0,28,"30-34 "
1441031,11,1313,23,0,1313,0,11,0,"30-34 "
1441154,22,1533,14,1,324,1209,8,14,"40-44 "
1441192,8,1394,35,0,1394,0,8,0,"40-44 "
1441284,17,1537,17,1,1537,0,17,0,"50-54 "
1441611,5,650,32,0,0,650,0,5,">65 "
1441710,2,122,9,0,122,0,2,0,"30-34 "
1441734,5,4388,8,0,4388,0,5,0,"30-34 "
1441802,3,844,35,2,60,784,1,2,"35-39 "
1441819,6,639,17,0,639,0,6,0,"40-44 "
1441994,35,4996,18,1,3242,1754,22,13,"40-44 "
1442106,17,6962,32,0,0,6962,0,17,"35-39 "
1442229,12,5733,40,0,0,5733,0,12,"45-49 "
1442250,8,1098,6,0,1098,0,8,0,"45-49 "
1442304,22,2801,11,1,76,2725,1,21,"35-39 "
1442373,31,3922,5,1,1172,2750,17,14,"45-49 "
1442472,33,4227,2,1,4007,220,28,5,"40-44 "
1442496,6,1698,2,0,1698,0,6,0,"60-64 "
1442540,36,8923,21,1,8923,0,36,0,"30-34 "
1442564,14,3423,21,1,934,2489,4,10,"40-44 "
1442694,3,182,34,0,182,0,3,0,"30-34 "
1442762,45,4230,2,1,1452,2778,13,32,"35-39 "
1442816,5,434,30,0,434,0,5,0,"45-49 "
1442847,40,5769,4,1,1514,4255,13,27,"55-59 "
1442885,36,4181,24,1,4181,0,36,0,"45-49 "
1442915,3,951,18,0,0,951,0,3,"35-39 "
1442922,13,2355,16,1,36,2319,1,12,"40-44 "
1443042,8,768,25,0,0,768,0,8,"35-39 "
1443103,78,12313,4,0,0,12313,0,78,"35-39 "
1443141,37,3293,5,1,1674,1619,16,21,"30-34 "
1443158,1,99,23,0,99,0,1,0,"35-39 "
1443165,26,2703,4,0,0,2703,0,26,">65 "
1443318,21,2517,6,0,2517,0,21,0,"40-44 "
1443615,15,7191,6,0,7191,0,15,0,"40-44 "
1443745,9,1321,21,1,1321,0,9,0,"35-39 "
1443776,6,735,19,3,0,735,0,6,"40-44 "
1443950,16,2507,5,0,0,2507,0,16,"30-34 "
1444049,12,1513,8,1,750,763,6,6,"25-29 "
1444117,48,16779,13,0,16779,0,48,0,"30-34 "
1444353,5,441,8,2,441,0,5,0,"35-39 "
1444360,5,1895,4,2,396,1499,4,1,"45-49 "
1444810,13,1185,25,1,0,1185,0,13,"50-54 "
1444865,6,946,29,0,758,188,3,3,"30-34 "
1444872,8,5388,31,0,5388,0,8,0,"35-39 "
1444988,6,888,16,4,888,0,6,0,"45-49 "
1445220,16,1616,5,0,0,1616,0,16,"45-49 "
1445527,9,1083,8,4,1083,0,9,0,"30-34 "
1445626,1,112,16,0,112,0,1,0,"30-34 "
1446142,26,5956,4,1,0,5956,0,26,"40-44 "
1446661,71,6659,3,1,6659,0,71,0,"30-34 "
1446685,11,2406,20,2,2406,0,11,0,"35-39 "
1446739,15,1805,20,1,1006,799,10,5,"40-44 "
1446838,4,1139,35,0,1139,0,4,0,"35-39 "
1447064,20,2012,5,0,0,2012,0,20,"40-44 "
1447163,11,1968,37,0,1968,0,11,0,"60-64 "
1447187,6,1076,40,0,0,1076,0,6,"50-54 "
1447224,6,1576,2,2,1576,0,6,0,"50-54 "
1447309,31,4847,6,0,4847,0,31,0,"35-39 "
1447330,22,5445,22,0,5445,0,22,0,"45-49 "
1447446,74,7281,4,0,2468,4813,19,55,"40-44 "
1447507,21,2986,14,1,2986,0,21,0,"25-29 "
1447521,12,2592,25,0,0,2592,0,12,"30-34 "
1448047,15,3540,32,1,0,3540,0,15,"30-34 "
1448054,48,10075,4,1,5007,5068,26,22,">65 "
1448191,1,36,2,0,36,0,1,0,"30-34 "
1448290,10,1525,13,0,1525,0,10,0,"45-49 "
1448375,26,5045,32,0,0,5045,0,26,"35-39 "
1448566,15,1797,12,0,0,1797,0,15,"40-44 "
1448665,2,173,13,0,173,0,2,0,"35-39 "
1448818,36,12745,6,1,12745,0,36,0,"40-44 "
1448825,22,3171,5,1,1204,1967,6,16,"30-34 "
1448856,16,2181,40,0,0,2181,0,16,"35-39 "
1449198,1,100,26,0,0,100,0,1,"30-34 "
1449310,10,920,12,0,549,371,7,3,"45-49 "
1449679,32,15265,4,1,5074,10191,24,8,"30-34 "
1449983,4,1625,25,0,0,1625,0,4,"45-49 "
1450194,10,1047,6,0,1047,0,10,0,"40-44 "
1450408,2,1550,18,0,0,1550,0,2,"35-39 "
1450460,29,4455,23,0,4455,0,29,0,"25-29 "
1450545,79,29257,2,0,21786,7471,52,27,"35-39 "
1450651,16,1284,13,2,1284,0,16,0,"45-49 "
1450835,11,1673,32,0,0,1673,0,11,"30-34 "
1450842,27,2785,4,0,0,2785,0,27,"60-64 "
1450941,24,1804,4,1,1318,486,15,9,"45-49 "
1450958,30,15858,19,0,0,15858,0,30,"45-49 "
1450972,7,1989,3,0,1989,0,7,0,"55-59 "
1451092,2,283,4,0,0,283,0,2,"40-44 "
1451115,95,16476,24,0,10394,6082,59,36,"30-34 "
1451276,17,4518,10,0,4518,0,17,0,"40-44 "
1451375,14,6075,32,0,0,6075,0,14,"60-64 "
1451566,31,2104,1,1,2104,0,31,0,"40-44 "
1451634,15,2036,23,0,2036,0,15,0,"35-39 "
1451870,8,5517,13,0,5517,0,8,0,"40-44 "
1452006,5,2532,3,7,1984,548,3,2,"45-49 "
1452181,7,626,39,0,0,626,0,7,"35-39 "
1452235,10,11325,8,3,10428,897,9,1,"40-44 "
1452259,3,415,1,0,415,0,3,0,"35-39 "
1452280,18,2713,8,0,2713,0,18,0,">65 "
1452532,16,2276,16,0,2276,0,16,0,"40-44 "
1452600,13,4051,24,0,4051,0,13,0,"60-64 "
1452624,27,6422,3,1,926,5496,10,17,"35-39 "
1452709,7,2674,19,1,123,2551,1,6,"45-49 "
1452716,11,2619,9,0,2619,0,11,0,">65 "
1452754,3,2043,18,0,0,2043,0,3,"45-49 "
1452778,28,2155,32,0,0,2155,0,28,"35-39 "
1453058,21,2905,24,0,2905,0,21,0,"45-49 "
1453119,17,1040,7,2,911,129,16,1,"45-49 "
1453140,6,3592,31,0,3592,0,6,0,"35-39 "
1453195,36,4276,25,0,0,4276,0,36,"45-49 "
1453263,84,24120,6,0,23498,622,76,8,"35-39 "
1453508,10,701,18,0,0,701,0,10,"35-39 "
1453553,47,21873,2,0,21873,0,47,0,"35-39 "
1453959,5,1237,18,0,0,1237,0,5,"50-54 "
1454048,10,3108,19,2,138,2970,3,7,"30-34 "
1454086,9,3235,6,0,3235,0,9,0,"45-49 "
1454208,3,2901,20,1,2901,0,3,0,"40-44 "
1454246,9,1866,19,0,859,1007,6,3,"40-44 "
1454260,4,7840,2,1,7840,0,4,0,"50-54 "
1454420,10,934,1,4,287,647,4,6,"35-39 "
1454437,8,290,19,0,0,290,0,8,"35-39 "
1454567,11,1727,17,0,1727,0,11,0,"35-39 "
1454581,26,2734,6,1,1314,1420,8,18,"40-44 "
1454628,1,145,12,0,0,145,0,1,"45-49 "
1454697,12,209977,29,0,209977,0,12,0,">65 "
1454833,58,18848,4,0,0,18848,0,58,"45-49 "
1454963,13,1779,11,0,0,1779,0,13,"30-34 "
1454970,6,538,18,1,0,538,0,6,"35-39 "
1455199,32,4926,3,1,4926,0,32,0,"30-34 "
1455205,7,463,39,0,0,463,0,7,"45-49 "
1455625,11,3787,21,0,3787,0,11,0,"40-44 "
1455748,5,718,41,0,718,0,5,0,"45-49 "
1455809,3,468,20,0,468,0,3,0,"55-59 "
1455915,20,4045,39,0,0,4045,0,20,"40-44 "
1456103,87,8828,4,0,0,8828,0,87,"40-44 "
1456134,21,3773,5,0,626,3147,5,16,"45-49 "
1456141,2,96,16,8,36,60,1,1,">65 "
1456158,10,493,15,0,112,381,1,9,"30-34 "
1456172,5,381,25,0,0,381,0,5,"45-49 "
1456745,50,7587,25,0,0,7587,0,50,"55-59 "
1456950,5,819,5,0,0,819,0,5,">65 "
1456998,24,2937,19,0,0,2937,0,24,"40-44 "
1457032,34,4816,13,1,4816,0,34,0,"35-39 "
1457063,7,1059,6,0,1059,0,7,0,"30-34 "
1457094,18,3031,32,0,0,3031,0,18,"40-44 "
1457186,3,444,17,0,444,0,3,0,"40-44 "
1457193,13,4114,17,0,2337,1777,8,5,"35-39 "
1457353,62,6478,2,1,6478,0,62,0,"45-49 "
1457452,21,3610,34,0,3610,0,21,0,"50-54 "
1457469,18,3346,18,0,0,3346,0,18,"30-34 "
1457476,15,1380,26,0,0,1380,0,15,"30-34 "
1457650,3,321,33,0,0,321,0,3,"35-39 "
1457803,1,145,2,0,145,0,1,0,"45-49 "
1457926,109,11508,3,0,8021,3487,87,22,"35-39 "
1457988,31,4133,12,0,728,3405,8,23,"40-44 "
1458114,6,306,4,0,0,306,0,6,"40-44 "
1458268,12,1306,6,1,1306,0,12,0,"35-39 "
1458336,2,124,4,0,0,124,0,2,"30-34 "
1458381,8,333,5,0,0,333,0,8,"45-49 "
1458442,3,320,35,0,320,0,3,0,"30-34 "
1458466,9,1504,3,0,1504,0,9,0,"30-34 "
1458527,2,115,34,0,115,0,2,0,"35-39 "
1458541,7,467,27,0,467,0,7,0,"45-49 "
1458572,20,4060,19,0,0,4060,0,20,"45-49 "
1458626,21,23911,14,0,8455,15456,14,7,"45-49 "
1458695,13,2301,40,0,0,2301,0,13,"40-44 "
1458756,35,5221,33,0,2114,3107,12,23,"55-59 "
1458770,8,776,13,2,482,294,4,4,"35-39 "
1458800,2,78,40,0,0,78,0,2,"40-44 "
1458831,44,12606,8,1,9443,3163,35,9,"45-49 "
1458886,6,904,39,0,0,904,0,6,"35-39 "
1458930,26,5434,18,1,0,5434,0,26,"45-49 "
1459302,15,2796,24,1,2796,0,15,0,"35-39 "
1459500,26,9720,5,1,4576,5144,9,17,"35-39 "
1459562,19,3824,18,0,0,3824,0,19,"40-44 "
1459715,35,6581,6,1,6581,0,35,0,"45-49 "
1459791,56,11729,5,1,2197,9532,8,48,"30-34 "
1459821,49,6148,25,0,0,6148,0,49,"55-59 "
1460049,3,147,31,0,71,76,1,2,"40-44 "
1460308,6,1449,38,0,1449,0,6,0,"30-34 "
1460377,10,700,40,0,0,700,0,10,"40-44 "
1460568,3,505,26,0,0,505,0,3,"45-49 "
1460681,28,6447,11,0,0,6447,0,28,"40-44 "
1460711,12,14674,3,1,14674,0,12,0,"35-39 "
1460735,38,3831,6,1,3831,0,38,0,"35-39 "
1460902,8,3421,30,0,3421,0,8,0,"30-34 "
1460926,13,1047,17,1,1047,0,13,0,"35-39 "
1461022,13,3063,18,2,0,3063,0,13,">65 "
1461107,1,1020,33,0,0,1020,0,1,">65 "
1461183,7,486,19,0,0,486,0,7,"35-39 "
1461374,7,491,9,4,491,0,7,0,"30-34 "
1461459,10,535,27,1,535,0,10,0,"35-39 "
1461626,17,1996,11,0,0,1996,0,17,"35-39 "
1461671,36,3499,11,0,0,3499,0,36,"35-39 "
1461916,11,2277,32,0,0,2277,0,11,"35-39 "
1461923,8,1263,2,0,1263,0,8,0,"40-44 "
1461930,8,1893,39,0,0,1893,0,8,"35-39 "
1461954,15,1743,10,0,214,1529,3,12,"40-44 "
1462029,22,3997,2,0,3997,0,22,0,"35-39 "
1462135,30,3466,18,0,1898,1568,14,16,"45-49 "
1462203,11,2524,32,0,0,2524,0,11,"50-54 "
1462272,17,4222,18,0,0,4222,0,17,"30-34 "
1462371,28,3294,11,1,607,2687,6,22,"30-34 "
1462401,8,391,4,0,0,391,0,8,"35-39 "
1462456,6,349,11,0,0,349,0,6,"30-34 "
1462500,7,762,12,0,0,762,0,7,"45-49 "
1462609,14,2543,25,1,0,2543,0,14,"30-34 "
1462616,10,4002,15,0,4002,0,10,0,"45-49 "
1462654,36,4180,2,0,985,3195,6,30,"45-49 "
1462715,44,7159,19,0,0,7159,0,44,"35-39 "
1463071,5,2868,11,0,0,2868,0,5,"30-34 "
1463118,83,28027,4,0,24531,3496,51,32,"35-39 "
1463194,8,2243,22,0,2243,0,8,0,"40-44 "
1463347,94,11091,21,0,10569,522,93,1,"30-34 "
1463354,19,10241,6,2,10241,0,19,0,"30-34 "
1463545,13,2072,5,2,0,2072,0,13,"45-49 "
1463583,35,7556,9,0,7556,0,35,0,"35-39 "
1463590,6,1346,8,5,326,1020,3,3,">65 "
1463606,8,707,20,0,707,0,8,0,">65 "
1463675,2,595,24,0,595,0,2,0,"50-54 "
1463699,4,439,41,0,439,0,4,0,"35-39 "
1463828,9,2611,6,4,2319,292,8,1,"50-54 "
1463903,43,3378,2,1,2088,1290,30,13,"40-44 "
1463941,2,554,25,0,0,554,0,2,"40-44 "
1464115,40,10440,27,0,10440,0,40,0,"40-44 "
1464290,7,1973,6,0,1973,0,7,0,"45-49 "
1464511,13,2891,28,0,2891,0,13,0,"35-39 "
1464542,7,2592,19,0,0,2592,0,7,"40-44 "
1464764,18,1631,11,0,0,1631,0,18,"40-44 "
1465020,6,521,5,0,0,521,0,6,"30-34 "
1465037,13,2597,19,0,0,2597,0,13,"30-34 "
1465044,3,117,25,0,0,117,0,3,"30-34 "
1465075,4,303,33,0,0,303,0,4,"35-39 "
1465082,4,156,37,0,156,0,4,0,"40-44 "
1465136,2,411,24,0,411,0,2,0,"50-54 "
1465310,17,1473,32,0,0,1473,0,17,"40-44 "
1465341,23,1596,32,0,0,1596,0,23,"25-29 "
1465471,1,224,18,0,0,224,0,1,"45-49 "
1465549,19,2713,26,0,0,2713,0,19,"55-59 "
1465662,14,6732,11,0,0,6732,0,14,"35-39 "
1465686,10,800,10,0,800,0,10,0,"45-49 "
1465709,4,452,22,0,452,0,4,0,"35-39 "
1465761,33,6067,25,0,0,6067,0,33,"30-34 "
1465778,14,2436,2,1,1186,1250,5,9,"35-39 "
1465815,31,2915,2,1,1748,1167,23,8,"50-54 "
1465853,7,957,4,0,0,957,0,7,"35-39 "
1465884,3,1918,15,0,1918,0,3,0,"45-49 "
1465914,2,521,20,0,521,0,2,0,"45-49 "
1465945,8,5526,12,0,0,5526,0,8,"35-39 "
1465990,24,3392,19,1,0,3392,0,24,"30-34 "
1466218,27,3604,18,1,0,3604,0,27,"50-54 "
1466362,44,17385,8,1,17385,0,44,0,"35-39 "
1466430,5,639,33,0,0,639,0,5,"45-49 "
1466584,29,3250,19,0,0,3250,0,29,"30-34 "
1466898,14,26738,26,1,0,26738,0,14,"40-44 "
1466911,3,640,6,12,640,0,3,0,"40-44 "
1466928,12,1605,4,0,0,1605,0,12,"30-34 "
1466966,16,1152,22,0,1152,0,16,0,"55-59 "
1466980,25,5296,15,1,3149,2147,9,16,"40-44 "
1467178,15,1957,35,0,1957,0,15,0,"35-39 "
1467291,8,1409,12,2,312,1097,4,4,"35-39 "
1467406,24,6856,11,0,0,6856,0,24,"50-54 "
1467451,28,1986,13,1,713,1273,10,18,"25-29 "
1467673,13,2884,2,2,2884,0,13,0,"45-49 "
1467710,55,5690,8,0,878,4812,10,45,"35-39 "
1467727,7,4138,17,1,4138,0,7,0,"45-49 "
1468113,11,4281,6,3,4281,0,11,0,"35-39 "
1468335,15,2046,33,1,702,1344,4,11,"35-39 "
1468694,39,2585,14,0,2585,0,39,0,"30-34 "
1468700,10,2240,5,3,0,2240,0,10,"35-39 "
1468908,4,1930,12,0,0,1930,0,4,"35-39 "
1469011,16,2503,11,2,0,2503,0,16,"50-54 "
1469264,12,1672,3,2,1278,394,10,2,"30-34 "
1469271,37,7197,2,1,7197,0,37,0,"40-44 "
1469288,32,6778,5,1,5472,1306,25,7,"30-34 "
1469295,16,3089,11,0,0,3089,0,16,"35-39 "
1469332,8,616,19,0,0,616,0,8,"40-44 "
1469417,26,7726,2,1,5428,2298,16,10,"30-34 "
1469455,29,9997,21,0,9997,0,29,0,"30-34 "
1469547,26,4043,18,0,0,4043,0,26,"45-49 "
1469615,18,1663,3,2,1298,365,13,5,"45-49 "
1469622,25,6184,5,1,0,6184,0,25,"30-34 "
1469851,7,1449,24,0,1449,0,7,0,"35-39 "
1469943,12,1707,29,0,1707,0,12,0,"30-34 "
1470031,4,663,29,0,663,0,4,0,"30-34 "
1470154,5,750,19,0,0,750,0,5,"35-39 "
1470178,16,1475,32,0,384,1091,4,12,"35-39 "
1470192,21,5552,14,0,5552,0,21,0,"35-39 "
1470369,28,1656,4,1,0,1656,0,28,"40-44 "
1470390,8,1269,10,2,1269,0,8,0,"35-39 "
1470482,4,204,18,0,0,204,0,4,"45-49 "
1470574,4,1776,5,4,0,1776,0,4,"60-64 "
1470628,18,1798,25,0,0,1798,0,18,"40-44 "
1470680,39,5963,4,1,3712,2251,26,13,"45-49 "
1470697,20,4749,17,0,4749,0,20,0,"40-44 "
1470772,8,4816,37,0,4816,0,8,0,"30-34 "
1471168,26,2238,34,0,2238,0,26,0,"40-44 "
1471243,48,23706,4,1,3519,20187,5,43,"30-34 "
1471311,13,1074,21,0,1074,0,13,0,"30-34 "
1471342,10,1170,29,0,1170,0,10,0,"40-44 "
1471397,3,269,9,0,269,0,3,0,"30-34 "
1471502,4,188,38,0,188,0,4,0,"35-39 "
1471649,19,1738,19,0,0,1738,0,19,"45-49 "
1471656,6,1401,19,0,0,1401,0,6,"30-34 "
1471700,7,489,23,3,489,0,7,0,"30-34 "
1471755,10,2356,27,0,2356,0,10,0,"40-44 "
1471892,2,317,11,0,0,317,0,2,"50-54 "
1471939,22,3474,34,0,812,2662,6,16,"30-34 "
1471960,71,6099,18,0,0,6099,0,71,"40-44 "
1471977,28,5542,2,1,5542,0,28,0,"30-34 "
1472202,9,5431,18,0,0,5431,0,9,"50-54 "
1472301,2,158,26,0,0,158,0,2,"30-34 "
1472462,8,2768,29,0,2768,0,8,0,"45-49 "
1472561,4,408,26,0,0,408,0,4,"35-39 "
1472806,10,1138,4,0,0,1138,0,10,"45-49 "
1472967,19,2450,12,0,0,2450,0,19,"45-49 "
1473056,84,19970,5,0,12549,7421,45,39,"40-44 "
1473223,14,1516,4,0,0,1516,0,14,"25-29 "
1473278,6,1318,28,0,1318,0,6,0,"30-34 "
1473308,10,3718,9,0,3718,0,10,0,"50-54 "
1473476,6,1424,16,0,1424,0,6,0,"30-34 "
1473551,7,533,16,0,533,0,7,0,"40-44 "
1473612,1,540,42,0,540,0,1,0,"35-39 "
1473629,24,1969,27,0,1969,0,24,0,"50-54 "
1473735,10,1147,2,0,1147,0,10,0,"60-64 "
1473742,1,3590,38,0,3590,0,1,0,"45-49 "
1473766,19,3885,17,0,1890,1995,6,13,"45-49 "
1473858,15,3186,16,0,3186,0,15,0,"40-44 "
1473865,1,1000,11,0,0,1000,0,1,"40-44 "
1473919,3,83,19,0,0,83,0,3,"50-54 "
1473926,20,6199,21,0,6199,0,20,0,"40-44 "
1474107,13,1073,10,1,1073,0,13,0,"40-44 "
1474183,12,858,39,0,0,858,0,12,"45-49 "
1474404,4,461,19,0,0,461,0,4,"40-44 "
1474558,14,3406,19,0,0,3406,0,14,"30-34 "
1474633,13,2162,17,0,1736,426,7,6,"30-34 "
1474640,20,1912,6,1,241,1671,3,17,"35-39 "
1474749,40,4398,2,1,4329,69,39,1,"30-34 "
1474893,26,3489,8,1,3489,0,26,0,"35-39 "
1474930,27,2797,33,0,0,2797,0,27,"45-49 "
1475005,6,2085,4,0,0,2085,0,6,"35-39 "
1475050,3,2048,15,2,2048,0,3,0,"60-64 "
1475173,20,8933,34,0,8933,0,20,0,"35-39 "
1475289,23,5432,22,0,5432,0,23,0,"40-44 "
1475463,110,11877,2,0,8846,3031,83,27,"45-49 "
1475630,6,2145,5,0,0,2145,0,6,"40-44 "
1475746,26,2829,11,1,1753,1076,14,12,"45-49 "
1475753,40,17512,21,0,17512,0,40,0,"40-44 "
1475869,4,352,11,0,0,352,0,4,"25-29 "
1476149,22,4412,11,1,0,4412,0,22,"30-34 "
1476262,17,3225,5,0,0,3225,0,17,"35-39 "
1476316,23,4039,24,0,4039,0,23,0,"40-44 "
1476514,9,1389,19,0,0,1389,0,9,"35-39 "
1476569,2,1819,35,0,1819,0,2,0,"45-49 "
1476644,132,14919,2,0,11048,3871,83,49,"40-44 "
1476774,26,3473,11,1,0,3473,0,26,"40-44 "
1476866,20,1401,24,0,61,1340,2,18,"30-34 "
1476880,23,2864,8,1,2347,517,16,7,"30-34 "
1476910,4,474,14,0,474,0,4,0,"45-49 "
1477047,21,13698,2,2,12179,1519,14,7,"30-34 "
1477078,14,1402,39,0,0,1402,0,14,"45-49 "
1477092,5,10932,32,0,0,10932,0,5,"55-59 "
1477108,41,27738,4,1,10736,17002,24,17,"45-49 "
1477238,4,735,40,0,0,735,0,4,"45-49 "
1477467,19,1395,19,1,0,1395,0,19,"35-39 "
1477511,11,1239,32,0,0,1239,0,11,"35-39 "
1477641,19,7719,21,0,7719,0,19,0,"45-49 "
1477788,34,2929,11,1,0,2929,0,34,"35-39 "
1477832,21,5512,11,1,3739,1773,4,17,"30-34 "
1477900,13,10759,21,0,10759,0,13,0,"45-49 "
1477962,33,5163,7,1,3218,1945,22,11,"40-44 "
1478006,61,14579,3,1,14579,0,61,0,"40-44 "
1478013,10,4435,18,0,0,4435,0,10,"50-54 "
1478044,18,4833,5,2,3589,1244,16,2,">65 "
1478235,12,15061,10,0,15061,0,12,0,"40-44 "
1478341,20,4380,4,0,0,4380,0,20,"40-44 "
1478372,10,4424,30,0,4424,0,10,0,"30-34 "
1478402,1,3590,32,0,0,3590,0,1,"60-64 "
1478556,32,4009,32,0,0,4009,0,32,"40-44 "
1478730,4,340,22,0,340,0,4,0,"30-34 "
1478846,12,2444,20,0,2444,0,12,0,"45-49 "
1479003,16,2746,13,2,1036,1710,1,15,"35-39 "
1479195,9,7853,20,1,1904,5949,1,8,"50-54 "
1479249,83,14774,14,0,7440,7334,41,42,"40-44 "
1479485,64,4742,3,1,2683,2059,44,20,"30-34 "
1479522,26,2855,5,0,0,2855,0,26,"50-54 "
1479676,37,29257,2,1,17802,11455,13,24,"35-39 "
1479805,8,865,4,0,0,865,0,8,"35-39 "
1479874,13,2433,25,0,0,2433,0,13,"40-44 "
1480092,34,3667,13,1,2335,1332,19,15,"45-49 "
1480146,11,4796,6,3,4359,437,5,6,"35-39 "
1480214,16,2602,5,2,1031,1571,9,7,"45-49 "
1480245,10,770,29,0,770,0,10,0,"40-44 "
1480306,12,1215,13,1,1215,0,12,0,"35-39 "
1480351,3,1950,32,3,912,1038,2,1,"25-29 "
1480627,12,11959,12,0,0,11959,0,12,"45-49 "
1480672,3,782,5,0,0,782,0,3,"25-29 "
1480733,19,1983,26,0,0,1983,0,19,"45-49 "
1480771,67,9964,19,0,0,9964,0,67,"40-44 "
1480955,21,3362,6,2,3362,0,21,0,"45-49 "
1480962,32,4414,11,0,0,4414,0,32,"45-49 "
1480979,11,1269,33,0,0,1269,0,11,"40-44 "
1481082,30,22101,19,0,16692,5409,27,3,"40-44 "
1481143,9,1718,25,0,0,1718,0,9,"40-44 "
1481174,36,4392,18,0,0,4392,0,36,"40-44 "
1481280,17,3041,4,2,0,3041,0,17,"35-39 "
1481297,5,3608,3,0,3608,0,5,0,"40-44 "
1481426,5,311,18,0,0,311,0,5,"40-44 "
1481433,10,1216,5,0,0,1216,0,10,"40-44 "
1481464,6,6059,8,3,6059,0,6,0,"30-34 "
1481518,30,6831,2,1,2390,4441,10,20,"30-34 "
1481532,2,95,7,7,95,0,2,0,"25-29 "
1481594,12,7399,25,0,0,7399,0,12,"40-44 "
1481686,5,481,41,0,481,0,5,0,">65 "
1481693,49,267948,6,1,267948,0,49,0,"35-39 "
1481761,55,10679,4,1,3575,7104,14,41,"35-39 "
1481990,26,3965,10,0,3965,0,26,0,"35-39 "
1482126,3,185,7,0,185,0,3,0,"30-34 "
1482317,13,4376,13,0,4376,0,13,0,"35-39 "
1482348,7,1387,4,2,944,443,1,6,"30-34 "
1482393,10,1976,18,1,0,1976,0,10,"35-39 "
1482430,16,2552,6,2,2437,115,15,1,"35-39 "
1482492,5,727,25,0,0,727,0,5,"<25 "
1482522,31,13072,5,1,8625,4447,4,27,"40-44 "
1482553,11,1818,21,1,615,1203,4,7,"40-44 "
1482560,13,3401,12,2,2814,587,11,2,"55-59 "
1482591,80,22760,2,0,6390,16370,32,48,"35-39 "
1482607,1,36,2,0,36,0,1,0,"50-54 "
1482614,22,2137,18,1,672,1465,6,16,"35-39 "
1482638,4,656,5,0,0,656,0,4,"40-44 "
1482713,1,1395,11,0,0,1395,0,1,">65 "
1482898,20,2530,3,0,2530,0,20,0,"40-44 "
1482935,17,8661,25,0,0,8661,0,17,"35-39 "
1482942,4,1101,26,0,0,1101,0,4,"50-54 "
1483000,13,4943,22,0,4943,0,13,0,"45-49 "
1483024,6,813,20,2,813,0,6,0,"40-44 "
1483123,14,7432,41,0,7432,0,14,0,"50-54 "
1483307,9,4533,26,0,0,4533,0,9,">65 "
1483314,4,685,11,0,0,685,0,4,"40-44 "
1483482,21,1229,4,0,0,1229,0,21,"45-49 "
1483529,52,9245,4,1,0,9245,0,52,"50-54 "
1483550,61,2734,11,0,0,2734,0,61,"45-49 "
1483611,11,2304,25,0,0,2304,0,11,"25-29 "
1483734,38,3327,23,0,3327,0,38,0,"30-34 "
1483819,6,380,33,0,0,380,0,6,"45-49 "
1483925,12,1531,11,0,0,1531,0,12,"45-49 "
1484007,8,478,23,0,478,0,8,0,"30-34 "
1484014,22,1738,16,1,1048,690,11,11,"35-39 "
1484045,4,314,2,6,36,278,1,3,"35-39 "
1484137,33,5800,40,0,0,5800,0,33,"40-44 "
1484335,5,528,13,0,528,0,5,0,"40-44 "
1484342,7,374,5,0,0,374,0,7,"30-34 "
1484472,37,3453,5,0,0,3453,0,37,"35-39 "
1484502,19,5727,8,2,1789,3938,10,9,"35-39 "
1484519,9,5353,19,2,336,5017,1,8,"40-44 "
1484526,9,3266,12,1,0,3266,0,9,"50-54 "
1484540,8,1388,5,0,0,1388,0,8,"25-29 "
1484588,1,15,32,0,0,15,0,1,"45-49 "
1484618,45,8397,13,0,8397,0,45,0,"35-39 "
1484687,5,546,10,0,546,0,5,0,"25-29 "
1484816,1,300,19,0,0,300,0,1,"35-39 "
1484847,46,8486,4,1,0,8486,0,46,"40-44 "
1484861,10,1423,5,0,0,1423,0,10,"40-44 "
1484922,11,1320,12,2,540,780,5,6,"35-39 "
1485066,29,5063,22,1,1692,3371,14,15,"60-64 "
1485097,3,114,18,0,0,114,0,3,"35-39 "
1485110,7,1578,19,0,0,1578,0,7,"25-29 "
1485172,9,2745,21,1,2745,0,9,0,"35-39 "
1485189,14,2180,24,0,2180,0,14,0,"30-34 "
1485219,21,1533,42,0,1533,0,21,0,"45-49 "
1485318,40,6829,2,0,6829,0,40,0,"40-44 "
1485455,1,60,33,0,0,60,0,1,"30-34 "
1485462,5,1263,21,2,1263,0,5,0,"40-44 "
1485752,7,576,39,0,0,576,0,7,"35-39 "
1485813,2,1104,7,8,1104,0,2,0,"30-34 "
1485844,4,1236,5,0,0,1236,0,4,"45-49 "
1485936,25,1958,6,0,1958,0,25,0,"50-54 "
1486018,2,371,12,0,0,371,0,2,"45-49 "
1486285,16,1136,20,0,1136,0,16,0,"50-54 "
1486384,24,9440,2,1,5969,3471,10,14,"35-39 "
1486476,28,4382,18,1,0,4382,0,28,"40-44 "
1486599,2,314,35,0,314,0,2,0,"35-39 "
1486629,5,771,12,0,0,771,0,5,">65 "
1486933,12,1331,25,0,0,1331,0,12,"50-54 "
1487039,1,43,12,0,0,43,0,1,"25-29 "
1487084,15,3986,3,1,3986,0,15,0,"30-34 "
1487138,2,304,6,0,304,0,2,0,"40-44 "
1487176,19,2424,13,0,2424,0,19,0,"35-39 "
1487190,8,1131,2,0,1131,0,8,0,"45-49 "
1487343,8,3525,19,0,0,3525,0,8,"45-49 "
1487411,11,1916,18,0,0,1916,0,11,"35-39 "
1487497,86,12005,4,0,8151,3854,56,30,"40-44 "
1487510,53,6259,12,1,3280,2979,26,27,"60-64 "
1487619,19,1974,19,1,938,1036,6,13,"45-49 "
1487930,8,923,42,0,923,0,8,0,"50-54 "
1487954,10,1675,9,0,1675,0,10,0,"40-44 "
1488005,5,887,8,3,351,536,4,1,"50-54 "
1488029,19,3553,16,1,3553,0,19,0,"40-44 "
1488081,1,60,35,0,60,0,1,0,"35-39 "
1488098,1,60,35,0,60,0,1,0,"35-39 "
1488173,14,763,2,1,245,518,4,10,"30-34 "
1488302,14,10161,12,0,0,10161,0,14,"25-29 "
1488401,13,662,18,0,0,662,0,13,"45-49 "
1488456,4,202,38,0,202,0,4,0,"45-49 "
1488593,17,2127,38,0,2127,0,17,0,"35-39 "
1488647,4,271,39,0,0,271,0,4,"40-44 "
1488821,6,3918,5,0,0,3918,0,6,"45-49 "
1488913,11,1551,18,0,0,1551,0,11,"35-39 "
1488975,11,4109,6,3,3373,736,7,4,"45-49 "
1489002,15,1972,12,0,0,1972,0,15,"40-44 "
1489064,13,18639,33,0,0,18639,0,13,"40-44 "
1489163,12,1044,8,1,1044,0,12,0,"40-44 "
1489255,30,3106,12,0,0,3106,0,30,"35-39 "
1489293,10,1280,18,0,0,1280,0,10,"40-44 "
1489309,4,3705,29,0,3705,0,4,0,"30-34 "
1489378,21,3010,9,1,3010,0,21,0,"30-34 "
1489514,1,199,24,0,199,0,1,0,"60-64 "
1489576,10,640,19,0,245,395,3,7,"25-29 "
1489729,21,3557,10,1,1670,1887,13,8,"25-29 "
1489811,7,1021,14,0,1021,0,7,0,">65 "
1489828,5,290,35,0,290,0,5,0,"35-39 "
1489873,15,2263,39,0,0,2263,0,15,"35-39 "
1490084,4,15143,12,0,0,15143,0,4,"40-44 "
1490176,8,3958,10,4,3958,0,8,0,"25-29 "
1490305,4,114,34,0,114,0,4,0,"25-29 "
1490459,1,396,18,0,0,396,0,1,"30-34 "
1490473,21,1707,22,1,1399,308,16,5,"50-54 "
1490480,17,2058,4,1,1198,860,13,4,"35-39 "
1490565,27,14510,17,1,14510,0,27,0,"40-44 "
1490589,21,10105,5,0,0,10105,0,21,"45-49 "
1490602,1,135,4,0,0,135,0,1,"45-49 "
1490619,9,402,11,0,0,402,0,9,"30-34 "
1490633,64,18104,4,0,17478,626,56,8,"40-44 "
1490640,9,1110,3,1,1110,0,9,0,"30-34 "
1490657,4,354,13,0,354,0,4,0,"60-64 "
1490671,37,3616,3,1,2635,981,28,9,"45-49 "
1490831,5,1194,29,0,1194,0,5,0,"35-39 "
1491036,12,1263,25,1,0,1263,0,12,"35-39 "
1491081,3,2154,13,0,2154,0,3,0,"40-44 "
1491180,3,332,18,0,0,332,0,3,"30-34 "
1491197,1,1690,4,0,0,1690,0,1,"35-39 "
1491210,19,3776,11,0,0,3776,0,19,"35-39 "
1491302,9,1053,39,0,0,1053,0,9,"40-44 "
1491364,14,2780,6,1,2780,0,14,0,"55-59 "
1491609,23,1941,36,0,1941,0,23,0,">65 "
1491746,15,1401,14,0,304,1097,5,10,"50-54 "
1491845,8,330,5,0,261,69,7,1,"30-34 "
1492002,80,8880,5,0,2038,6842,34,46,"35-39 "
1492156,3,1848,38,0,1848,0,3,0,"55-59 "
1492347,41,7342,19,0,5253,2089,23,18,"50-54 "
1492385,22,7113,13,1,7113,0,22,0,"35-39 "
1492491,4,277,32,0,0,277,0,4,"35-39 "
1492552,35,2235,11,1,1653,582,27,8,"40-44 "
1492576,28,4896,10,1,1619,3277,10,18,"45-49 "
1492613,3,146,12,0,0,146,0,3,"30-34 "
1492699,8,928,14,1,928,0,8,0,"40-44 "
1492729,48,15293,18,0,0,15293,0,48,"35-39 "
1492743,11,6323,4,0,0,6323,0,11,"35-39 "
1493009,2,2844,11,0,0,2844,0,2,"30-34 "
1493221,17,1529,39,0,0,1529,0,17,"40-44 "
1493238,52,9781,2,1,918,8863,9,43,"45-49 "
1493276,11,2825,8,0,2825,0,11,0,"55-59 "
1493382,8,3692,17,1,2685,1007,5,3,"45-49 "
1493436,10,1387,16,0,1387,0,10,0,"45-49 "
1493542,6,728,18,3,332,396,4,2,"35-39 "
1493726,21,1585,4,1,277,1308,5,16,"35-39 "
1493832,1,342,37,0,342,0,1,0,"35-39 "
1493870,5,854,13,0,854,0,5,0,"40-44 "
1493962,3,638,30,0,638,0,3,0,"35-39 "
1494068,38,8388,28,0,8388,0,38,0,"30-34 "
1494129,5,361,10,0,361,0,5,0,"30-34 "
1494150,8,233,34,0,233,0,8,0,"25-29 "
1494167,7,552,18,0,0,552,0,7,"40-44 "
1494204,3,136,11,0,0,136,0,3,"30-34 "
1494259,54,24657,15,0,21665,2992,33,21,"40-44 "
1494426,22,6559,32,0,0,6559,0,22,"40-44 "
1494570,14,933,16,1,580,353,9,5,"30-34 "
1494617,4,858,15,0,858,0,4,0,"35-39 "
1494662,18,5983,8,0,2563,3420,3,15,"30-34 "
1495287,8,891,5,0,0,891,0,8,"25-29 "
1495300,1,9,17,0,9,0,1,0,"25-29 "
1495324,51,6918,9,0,457,6461,8,43,"35-39 "
1495522,11,1025,32,0,0,1025,0,11,"35-39 "
1495539,27,7212,14,1,6817,395,26,1,">65 "
1495591,10,1499,3,0,1499,0,10,0,"35-39 "
1495874,9,772,4,2,329,443,2,7,"35-39 "
1495904,15,1111,42,0,1111,0,15,0,"35-39 "
1495997,57,7816,7,1,7816,0,57,0,"30-34 "
1496208,8,3368,26,0,0,3368,0,8,"35-39 "
1496383,16,1168,11,0,922,246,11,5,"35-39 "
1496413,17,4605,26,0,2202,2403,5,12,"30-34 "
1496550,11,1812,12,1,0,1812,0,11,"45-49 "
1496796,32,2562,2,1,1976,586,28,4,"35-39 "
1497038,30,7688,19,0,0,7688,0,30,"55-59 "
1497052,5,298,25,0,0,298,0,5,"40-44 "
1497090,9,11956,4,0,0,11956,0,9,"45-49 "
1497373,58,26359,4,1,16426,9933,41,17,"30-34 "
1497410,29,5945,4,1,5176,769,23,6,"<25 "
1497472,29,6122,4,0,0,6122,0,29,"40-44 "
1497632,25,2622,18,0,0,2622,0,25,"30-34 "
1497830,15,2159,26,1,713,1446,9,6,"30-34 "
1498103,36,4760,17,0,4760,0,36,0,"30-34 "
1498493,11,3471,13,0,3471,0,11,0,"35-39 "
1498639,1,1968,15,0,1968,0,1,0,"30-34 "
1498882,26,2082,3,1,2082,0,26,0,"30-34 "
1498936,32,9109,11,1,4531,4578,17,15,"45-49 "
1499018,10,2122,16,1,1127,995,4,6,"35-39 "
1499292,7,552,17,0,552,0,7,0,"45-49 "
1499414,6,501,12,3,0,501,0,6,"30-34 "
1499834,56,8591,8,1,325,8266,5,51,"40-44 "
1499889,3,463,34,0,463,0,3,0,"40-44 "
1499940,16,1395,4,0,0,1395,0,16,"35-39 "
1499988,4,1736,15,0,1736,0,4,0,"30-34 "
1500059,6,822,32,0,0,822,0,6,"35-39 "
1500110,10,1485,20,1,842,643,6,4,"45-49 "
1500127,1,4788,42,0,4788,0,1,0,"40-44 "
1500301,8,2901,33,0,0,2901,0,8,"40-44 "
1500370,8,1026,38,0,1026,0,8,0,"30-34 "
1500516,20,3418,7,2,1728,1690,12,8,"25-29 "
1500523,53,11595,26,0,0,11595,0,53,"40-44 "
1500745,22,2345,19,1,2025,320,17,5,"25-29 "
1500820,14,1030,11,2,0,1030,0,14,"35-39 "
1501186,44,5215,18,1,1164,4051,2,42,"40-44 "
1501247,2,891,15,0,891,0,2,0,"50-54 "
1501278,19,1665,4,0,0,1665,0,19,"35-39 "
1501377,5,539,34,0,539,0,5,0,"45-49 "
1501506,18,5715,4,1,0,5715,0,18,"40-44 "
1501513,6,3126,6,0,3126,0,6,0,"45-49 "
1501537,1,99,22,0,99,0,1,0,"30-34 "
1501599,2,74,11,0,0,74,0,2,"35-39 "
1501605,16,3102,11,0,0,3102,0,16,"35-39 "
1501667,3,4269,19,0,0,4269,0,3,"30-34 "
1501759,9,551,17,0,551,0,9,0,"45-49 "
1502107,6,5320,11,0,0,5320,0,6,"30-34 "
1502145,2,1710,5,0,0,1710,0,2,"35-39 "
1502312,4,322,27,0,322,0,4,0,"35-39 "
1502541,2,178,40,0,0,178,0,2,"40-44 "
1502756,1,98,6,0,98,0,1,0,"35-39 "
1502770,39,2168,5,1,818,1350,15,24,"40-44 "
1502862,4,316,15,6,127,189,2,2,"35-39 "
1502916,2,125,39,0,0,125,0,2,"35-39 "
1503142,22,2169,33,0,0,2169,0,22,"40-44 "
1503180,10,1300,19,0,0,1300,0,10,"50-54 "
1503234,15,3823,15,1,3823,0,15,0,"40-44 "
1503241,20,3586,23,1,3586,0,20,0,"35-39 "
1503258,15,3253,39,0,2607,646,9,6,">65 "
1503265,38,5685,12,1,0,5685,0,38,"40-44 "
1503357,12,961,18,0,0,961,0,12,"25-29 "
1503647,32,4465,14,1,559,3906,9,23,"30-34 "
1503739,53,9825,19,0,0,9825,0,53,"40-44 "
1503920,3,222,12,0,0,222,0,3,">65 "
1503937,9,1212,8,0,1212,0,9,0,"35-39 "
1504118,17,2674,20,0,2674,0,17,0,"<25 "
1504156,50,8463,6,1,8463,0,50,0,"35-39 "
1504323,29,3898,20,1,3199,699,19,10,"30-34 "
1504477,4,451,13,0,451,0,4,0,"55-59 "
1504484,2,845,37,0,845,0,2,0,"30-34 "
1504491,18,3282,32,0,0,3282,0,18,"45-49 "
1504590,19,3237,4,2,2054,1183,7,12,"40-44 "
1504682,21,10171,32,0,0,10171,0,21,"40-44 "
1504842,8,603,4,0,0,603,0,8,"25-29 "
1505078,8,992,26,0,0,992,0,8,"40-44 "
1505108,3,229,20,0,229,0,3,0,"30-34 "
1505139,20,1899,4,0,0,1899,0,20,"45-49 "
1505221,29,2899,7,0,2899,0,29,0,"30-34 "
1505344,26,3133,25,0,866,2267,11,15,"50-54 "
1505368,39,5486,10,1,3158,2328,24,15,"35-39 "
1505627,16,1120,5,0,0,1120,0,16,"40-44 "
1505801,12,632,26,0,0,632,0,12,"40-44 "
1505955,9,596,2,0,596,0,9,0,"25-29 "
1506112,1,36,7,0,36,0,1,0,"30-34 "
1506143,16,5982,7,2,464,5518,3,13,"55-59 "
1506174,56,14662,2,1,6748,7914,23,33,"35-39 "
1506204,28,6133,5,0,2157,3976,7,21,"45-49 "
1506297,5,6757,2,2,6757,0,5,0,">65 "
1506310,13,3804,4,2,0,3804,0,13,"25-29 "
1506402,12,1811,8,2,1257,554,7,5,"55-59 "
1506501,28,2934,9,1,2934,0,28,0,"60-64 "
1506525,12,2976,10,0,2976,0,12,0,"30-34 "
1506723,18,5745,2,0,5745,0,18,0,"35-39 "
1506945,2,456,5,0,0,456,0,2,"30-34 "
1506983,13,677,18,0,0,677,0,13,"45-49 "
1507041,28,2711,37,0,2711,0,28,0,"35-39 "
1507126,34,3689,4,1,2432,1257,23,11,"35-39 "
1507201,8,1034,25,0,0,1034,0,8,"40-44 "
1507218,7,345,32,0,0,345,0,7,"35-39 "
1507348,8,552,21,2,552,0,8,0,"40-44 "
1507379,14,3602,12,0,0,3602,0,14,"40-44 "
1507409,6,4572,36,0,4572,0,6,0,"35-39 "
1507669,6,1012,21,0,1012,0,6,0,"35-39 "
1507690,3,1959,30,2,1959,0,3,0,"40-44 "
1507836,121,15254,4,0,4557,10697,31,90,"30-34 "
1507867,2,28,12,0,0,28,0,2,"40-44 "
1508017,19,3208,3,2,3208,0,19,0,"35-39 "
1508109,3,315,6,0,315,0,3,0,"30-34 "
1508260,37,4937,9,1,4937,0,37,0,"40-44 "
1508314,17,1640,5,0,741,899,11,6,"25-29 "
1508406,3,555,41,0,555,0,3,0,"45-49 "
1508475,2,150,5,0,0,150,0,2,"50-54 "
1508673,24,2624,17,0,2624,0,24,0,"30-34 "
1508727,22,2780,20,1,1301,1479,13,9,"35-39 "
1508772,6,250,39,0,0,250,0,6,"30-34 "
1509298,5,929,23,0,929,0,5,0,"55-59 "
1509342,18,32706,14,0,32706,0,18,0,"45-49 "
1509359,9,284,10,0,284,0,9,0,"30-34 "
1509366,12,2924,30,0,2924,0,12,0,"25-29 "
1509373,22,3080,2,2,2894,186,21,1,"45-49 "
1509403,22,20266,9,1,20266,0,22,0,"30-34 "
1509472,18,3023,14,0,3023,0,18,0,"30-34 "
1509496,2,5580,35,0,5580,0,2,0,"30-34 "
1509526,24,9571,4,1,8969,602,20,4,"35-39 "
1509533,12,2317,17,0,2317,0,12,0,"50-54 "
1509557,18,1688,33,0,0,1688,0,18,"55-59 "
1509632,17,1710,37,0,1710,0,17,0,"35-39 "
1509823,17,2022,11,1,0,2022,0,17,"35-39 "
1509854,7,988,23,0,988,0,7,0,"35-39 "
1510003,1,944,18,0,0,944,0,1,"40-44 "
1510096,31,11682,4,1,911,10771,11,20,"40-44 "
1510119,39,4696,2,1,1821,2875,19,20,"35-39 "
1510171,47,5225,2,0,3268,1957,25,22,"45-49 "
1510430,45,4034,4,1,1653,2381,19,26,"35-39 "
1510447,54,9350,12,1,5353,3997,23,31,"40-44 "
1510461,10,1099,2,3,1099,0,10,0,"35-39 "
1510522,2,161,21,0,161,0,2,0,"40-44 "
1510539,11,2604,5,0,0,2604,0,11,"50-54 "
1510553,15,2627,12,1,0,2627,0,15,"45-49 "
1510560,14,4107,32,0,0,4107,0,14,"40-44 "
1510638,5,1801,42,0,1801,0,5,0,"60-64 "
1510751,52,19194,3,0,19194,0,52,0,"50-54 "
1510799,6,775,4,0,0,775,0,6,"55-59 "
1510805,12,2181,26,0,0,2181,0,12,"35-39 "
1510829,2,272,34,0,272,0,2,0,"35-39 "
1510836,9,14680,32,0,0,14680,0,9,"30-34 "
1511123,18,4575,22,1,2382,2193,6,12,"35-39 "
1511390,2,321,42,0,321,0,2,0,"35-39 "
1511420,30,3006,5,1,924,2082,8,22,">65 "
1511499,5,2493,26,0,0,2493,0,5,"30-34 "
1511529,5,2824,20,1,1756,1068,1,4,"55-59 "
1512038,4,387,30,0,387,0,4,0,"35-39 "
1512106,13,2505,16,0,2505,0,13,0,">65 "
1512199,13,2622,7,1,2196,426,10,3,"30-34 "
1512243,15,7232,4,0,0,7232,0,15,"35-39 "
1512298,9,937,2,1,262,675,4,5,"35-39 "
1512496,9,1358,9,0,1358,0,9,0,"40-44 "
1512526,7,1146,8,0,1146,0,7,0,"35-39 "
1512663,4,636,24,0,636,0,4,0,"35-39 "
1512694,13,2064,30,0,2064,0,13,0,"45-49 "
1512830,7,1885,36,0,1885,0,7,0,"35-39 "
1512861,18,1712,8,0,1712,0,18,0,"35-39 "
1512915,14,1646,2,1,1646,0,14,0,"30-34 "
1512946,26,9500,14,1,9500,0,26,0,"35-39 "
1512991,54,11967,34,0,11967,0,54,0,"35-39 "
1513141,54,7078,13,0,7078,0,54,0,"40-44 "
1513257,24,12602,22,0,945,11657,1,23,"35-39 "
1513288,11,2716,36,0,2716,0,11,0,"35-39 "
1513301,6,2421,11,0,0,2421,0,6,"40-44 "
1513448,47,5160,13,1,5160,0,47,0,"50-54 "
1513455,5,1149,10,0,1149,0,5,0,"35-39 "
1513738,37,3105,29,0,2000,1105,23,14,"40-44 "
1513981,20,4812,22,1,4812,0,20,0,"40-44 "
1514162,14,2701,2,0,2701,0,14,0,"25-29 "
1514230,16,1595,22,1,1046,549,8,8,"45-49 "
1514360,27,5332,8,1,1622,3710,7,20,"40-44 "
1514377,40,4126,22,0,4126,0,40,0,"35-39 "
1514407,38,18312,30,0,18312,0,38,0,"30-34 "
1514667,11,805,32,0,0,805,0,11,"30-34 "
1514766,46,3314,11,1,2285,1029,24,22,"40-44 "
1514803,6,1130,35,0,1130,0,6,0,"35-39 "
1514841,1,810,41,0,810,0,1,0,"35-39 "
1514858,9,20152,8,1,20152,0,9,0,"35-39 "
1514889,5,641,28,0,641,0,5,0,"55-59 "
1515077,19,2554,39,0,616,1938,4,15,"30-34 "
1515381,2,503,6,0,503,0,2,0,"35-39 "
1515473,4,942,3,0,942,0,4,0,"55-59 "
1515480,5,580,17,0,580,0,5,0,"30-34 "
1515503,8,954,20,0,954,0,8,0,"55-59 "
1515565,25,4331,1,1,786,3545,7,18,"30-34 "
1515626,41,2231,4,1,0,2231,0,41,"45-49 "
1515749,44,6670568,4,1,2629,6667939,30,14,"35-39 "
1515817,17,3153,4,2,0,3153,0,17,"25-29 "
1516067,3,387,31,1,387,0,3,0,"30-34 "
1516142,9,883,21,2,883,0,9,0,"35-39 "
1516203,25,4431,21,0,1598,2833,11,14,"35-39 "
1516333,32,4550,5,1,0,4550,0,32,"35-39 "
1516388,4,771,4,6,606,165,3,1,"35-39 "
1516494,13,1302,16,0,1302,0,13,0,"30-34 "
1516715,11,2531,39,0,0,2531,0,11,"30-34 "
1516777,19,3145,20,1,3145,0,19,0,"40-44 "
1517002,2,78,6,0,78,0,2,0,"30-34 "
1517026,9,2044,9,0,2044,0,9,0,"35-39 "
1517033,53,17989,4,1,0,17989,0,53,"45-49 "
1517071,5,463,39,0,0,463,0,5,"45-49 "
1517194,9,14042,11,3,182,13860,2,7,"35-39 "
1517613,2,257,16,0,257,0,2,0,"40-44 "
1517675,44,5218,4,1,0,5218,0,44,"35-39 "
1517767,6,1113,7,6,1113,0,6,0,"40-44 "
1517828,10,642,31,0,642,0,10,0,"30-34 "
1517989,42,11048,6,0,11048,0,42,0,"40-44 "
1518047,4,475,14,0,475,0,4,0,"40-44 "
1518245,20,2748,39,0,0,2748,0,20,"40-44 "
1518467,25,5420,4,1,2669,2751,7,18,"55-59 "
1518559,8,480,15,0,480,0,8,0,"50-54 "
1518603,15,2213,10,2,2213,0,15,0,"30-34 "
1518634,32,6555,15,0,6555,0,32,0,"35-39 "
1518641,10,1036,7,0,1036,0,10,0,"35-39 "
1518658,9,475,30,0,475,0,9,0,"35-39 "
1518764,2,83,32,0,0,83,0,2,"50-54 "
1518801,5,4613,6,0,4613,0,5,0,"40-44 "
1518832,11,2158,31,0,2158,0,11,0,"35-39 "
1518986,23,12770,2,1,2322,10448,22,1,"30-34 "
1519006,44,4361,4,1,0,4361,0,44,"45-49 "
1519129,21,2123,11,1,776,1347,9,12,"45-49 "
1519174,7,2319,12,0,0,2319,0,7,"45-49 "
1519198,10,1130,39,0,0,1130,0,10,"30-34 "
1519778,11,820,20,0,820,0,11,0,"40-44 "
1519839,3,359,30,0,359,0,3,0,"50-54 "
1520118,20,4203,8,0,4203,0,20,0,"40-44 "
1520149,18,2601,18,0,0,2601,0,18,"30-34 "
1520194,3,1149,3,0,1149,0,3,0,"30-34 "
1520262,29,2509,2,0,184,2325,3,26,"35-39 "
1520552,5,2289,39,0,0,2289,0,5,"40-44 "
1520576,47,13704,6,1,12844,860,39,8,"40-44 "
1520750,11,1187,29,0,1187,0,11,0,"55-59 "
1520958,26,3621,1,1,3621,0,26,0,"35-39 "
1521030,12,3931,33,0,0,3931,0,12,"40-44 "
1521061,31,7023,32,0,0,7023,0,31,"45-49 "
1521153,22,3934,3,0,3934,0,22,0,"40-44 "
1521160,41,8998,3,0,4933,4065,7,34,"35-39 "
1521191,26,38666,6,0,38666,0,26,0,"30-34 "
1521214,3,385,39,0,0,385,0,3,"30-34 "
1521252,15,3336,34,0,3336,0,15,0,"50-54 "
1521269,3,868,37,0,868,0,3,0,"30-34 "
1521566,20,2572,5,1,0,2572,0,20,"25-29 "
1521573,84,63814,9,0,57822,5992,74,10,"35-39 "
1521580,47,16395,7,1,16395,0,47,0,"35-39 "
1521665,37,11233,6,1,3611,7622,26,11,"30-34 "
1521689,10,1201,26,0,0,1201,0,10,"30-34 "
1521894,8,1894,39,0,0,1894,0,8,"45-49 "
1521917,20,1983,21,0,1983,0,20,0,"45-49 "
1522006,26,12131,4,1,2640,9491,16,10,"30-34 "
1522082,36,3852,18,1,2633,1219,24,12,"45-49 "
1522242,16,1216,39,0,0,1216,0,16,"30-34 "
1522396,21,12274,16,1,2419,9855,3,18,"35-39 "
1522433,4,786,12,8,701,85,3,1,"25-29 "
1522495,16,1034,10,0,1034,0,16,0,"40-44 "
1522525,28,5367,4,1,0,5367,0,28,"30-34 "
1522563,1,80,10,0,80,0,1,0,"45-49 "
1522655,15,1865,33,0,0,1865,0,15,"35-39 "
1522723,46,5021,3,0,3363,1658,32,14,"30-34 "
1522761,14,2235,20,0,2235,0,14,0,"35-39 "
1522808,2,115,33,0,0,115,0,2,"55-59 "
1523034,16,1520,2,2,1520,0,16,0,"35-39 "
1523065,1,915,40,0,0,915,0,1,"25-29 "
1523195,59,16775,29,0,16775,0,59,0,"50-54 "
1523386,9,2926,6,0,2926,0,9,0,"40-44 "
1523591,16,2598,4,1,0,2598,0,16,"35-39 "
1523607,4,796,39,0,0,796,0,4,"30-34 "
1523911,6,12728,30,0,12728,0,6,0,"25-29 "
1523928,16,1848,6,1,1231,617,9,7,"35-39 "
1523942,24,2106,11,0,0,2106,0,24,"45-49 "
1523959,7,1951,14,0,1951,0,7,0,"50-54 "
1524062,9,1135,37,0,1135,0,9,0,"30-34 "
1524086,38,7144,22,1,2246,4898,20,18,"40-44 "
1524246,10,1081,22,0,1081,0,10,0,"40-44 "
1524277,29,4837,2,1,4837,0,29,0,"60-64 "
1524291,30,3329,17,0,3329,0,30,0,"30-34 "
1524314,2,158,33,0,0,158,0,2,"45-49 "
1524345,45,4770,6,0,1935,2835,23,22,"45-49 "
1524383,7,14797,23,0,14797,0,7,0,"45-49 "
1524604,6,2398,12,0,0,2398,0,6,"45-49 "
1524673,7,605,8,0,605,0,7,0,"55-59 "
1524888,10,4080,16,2,4080,0,10,0,"35-39 "
1524949,18,3181,18,0,0,3181,0,18,"35-39 "
1524956,1,69,38,0,69,0,1,0,"30-34 "
1524963,38,16475,17,0,630,15845,7,31,"45-49 "
1525007,8,4299,42,0,4299,0,8,0,"35-39 "
1525014,21,3824,6,2,3824,0,21,0,"30-34 "
1525144,22,6449,27,1,6449,0,22,0,"30-34 "
1525274,7,2313,4,4,0,2313,0,7,"60-64 "
1525496,18,1294,42,0,1294,0,18,0,"35-39 "
1525540,7,806,42,0,806,0,7,0,"30-34 "
1525595,10,671,15,1,671,0,10,0,"35-39 "
1525724,4,300,11,0,0,300,0,4,"40-44 "
1525861,11,2494,18,0,0,2494,0,11,"60-64 "
1525885,24,5110,7,1,5110,0,24,0,"40-44 "
1526011,34,2668,16,0,2668,0,34,0,"50-54 "
1526127,1,36,18,0,0,36,0,1,"50-54 "
1526349,3,15398,4,0,0,15398,0,3,"40-44 "
1526356,8,1619,8,0,1619,0,8,0,"50-54 "
1526431,15,929,10,0,929,0,15,0,"35-39 "
1526509,20,3610,6,1,3610,0,20,0,">65 "
1526615,5,2655,20,0,2655,0,5,0,"35-39 "
1526738,20,7495,2,1,7138,357,15,5,"45-49 "
1526752,25,3081,11,1,0,3081,0,25,"40-44 "
1526776,6,4472,39,0,0,4472,0,6,"45-49 "
1526899,11,1719,12,0,0,1719,0,11,"40-44 "
1526943,44,13485,4,0,0,13485,0,44,"40-44 "
1526967,20,1523,3,2,810,713,14,6,"35-39 "
1527179,8,498,27,1,286,212,6,2,"45-49 "
1527346,1,395,11,0,0,395,0,1,"30-34 "
1527490,32,4317,5,0,896,3421,11,21,"35-39 "
1527544,6,448,24,0,448,0,6,0,"35-39 "
1528008,23,2894,18,1,1481,1413,8,15,"40-44 "
1528039,14,5592,32,0,0,5592,0,14,"30-34 "
1528046,18,37383,16,0,37383,0,18,0,"60-64 "
1528053,24,3131,20,0,3131,0,24,0,"35-39 "
1528145,22,2954,4,0,0,2954,0,22,"35-39 "
1528152,33,5367,2,1,4727,640,29,4,"30-34 "
1528176,21,10493,5,0,0,10493,0,21,"35-39 "
1528190,13,1565,14,0,1565,0,13,0,"35-39 "
1528237,15,6012,26,0,0,6012,0,15,"35-39 "
1528244,11,1041,21,2,1041,0,11,0,"30-34 "
1528275,8,641,10,0,641,0,8,0,"40-44 "
1528336,11,9958,14,2,9958,0,11,0,"35-39 "
1528381,15,11353,22,0,11353,0,15,0,"30-34 "
1528466,48,26909,25,0,5353,21556,13,35,"45-49 "
1528541,8,787,11,0,0,787,0,8,"45-49 "
1528688,2,181,15,0,181,0,2,0,"45-49 "
1528749,21,1865,5,1,366,1499,6,15,"40-44 "
1528817,12,3408,25,0,0,3408,0,12,"35-39 "
1528848,14,4334,19,1,3484,850,5,9,"30-34 "
1528879,45,6207,11,1,0,6207,0,45,"40-44 "
1529081,3,115,37,0,115,0,3,0,"60-64 "
1529104,7,509,25,0,0,509,0,7,"40-44 "
1529128,28,11020,9,1,10945,75,27,1,"40-44 "
1529258,89,8518,6,0,7157,1361,71,18,"35-39 "
1529272,83,63150,13,0,47753,15397,77,6,"30-34 "
1529319,28,5023,7,1,5023,0,28,0,"40-44 "
1529432,10,33971,24,0,502,33469,4,6,"30-34 "
1529623,12,1319,18,2,67,1252,2,10,"40-44 "
1529647,17,2369,4,1,0,2369,0,17,"40-44 "
1529739,13,1606,41,0,1606,0,13,0,"35-39 "
1529784,11,1407,6,0,1407,0,11,0,"35-39 "
1529845,10,782,2,0,782,0,10,0,"30-34 "
1529999,43,22551,2,0,22551,0,43,0,"35-39 "
1530117,3,131,6,0,131,0,3,0,"45-49 "
1530162,33,4557,4,1,3038,1519,15,18,"50-54 "
1530292,11,1219,12,0,0,1219,0,11,"35-39 "
1530476,22,3534,5,2,1813,1721,12,10,"45-49 "
1530490,23,3000,3,2,3000,0,23,0,"35-39 "
1530537,1,2691,6,0,2691,0,1,0,"35-39 "
1530704,5,1439,4,0,0,1439,0,5,"40-44 "
1530971,44,8473,4,0,0,8473,0,44,"50-54 "
1530995,28,7523,40,0,0,7523,0,28,"30-34 "
1531008,11,510,32,0,0,510,0,11,"30-34 "
1531022,3,338,8,0,338,0,3,0,"40-44 "
1531084,15,1582,18,0,0,1582,0,15,"25-29 "
1531091,26,3684,18,0,0,3684,0,26,"35-39 "
1531107,16,4075,15,0,4075,0,16,0,"35-39 "
1531183,16,2121,19,1,1308,813,4,12,"<25 "
1531275,5,978,35,0,978,0,5,0,"30-34 "
1531435,8,1455,9,0,1455,0,8,0,"35-39 "
1531466,6,5832,8,0,5832,0,6,0,"50-54 "
1531657,4,891,40,0,0,891,0,4,"45-49 "
1531695,13,577,23,0,577,0,13,0,"<25 "
1531770,35,3551,18,0,0,3551,0,35,"50-54 "
1531817,3,517,13,7,329,188,2,1,"55-59 "
1531909,25,4024,19,0,0,4024,0,25,"40-44 "
1532067,5,322,8,3,174,148,3,2,"50-54 "
1532111,21,2840,12,1,0,2840,0,21,"55-59 "
1532128,23,6577,33,0,0,6577,0,23,"35-39 "
1532272,2,575,9,0,575,0,2,0,"55-59 "
1532289,22,5921,29,0,5921,0,22,0,"50-54 "
1532357,13,3116,33,0,0,3116,0,13,"45-49 "
1532432,6,1966,25,0,0,1966,0,6,"40-44 "
1532470,10,1251,5,1,0,1251,0,10,"30-34 "
1532579,16,4199,3,2,3765,434,13,3,"40-44 "
1532586,17,3144,33,0,0,3144,0,17,"45-49 "
1532616,2,96,20,6,36,60,1,1,"30-34 "
1532623,20,2333,5,0,0,2333,0,20,"30-34 "
1532630,2,198,26,0,0,198,0,2,"30-34 "
1532685,31,6643,18,0,0,6643,0,31,"35-39 "
1532753,21,2581,40,0,0,2581,0,21,"35-39 "
1532784,5,543,4,0,0,543,0,5,"35-39 "
1532821,17,1612,17,0,1612,0,17,0,"50-54 "
1533057,12,700,22,0,700,0,12,0,"35-39 "
1533163,8,706,19,3,0,706,0,8,"35-39 "
1533248,45,5410,14,1,5410,0,45,0,"40-44 "
1533286,44,13744,16,0,7662,6082,24,20,"30-34 "
1533316,1,36,8,0,36,0,1,0,"<25 "
1533446,27,5172,4,0,0,5172,0,27,"35-39 "
1533590,23,3795,40,0,0,3795,0,23,"30-34 "
1533705,186,3309694,5,0,22322,3287372,144,42,"25-29 "
1533736,24,5677,24,1,1512,4165,10,14,"30-34 "
1533743,22,4128,33,0,0,4128,0,22,"45-49 "
1533866,6,983,2,0,983,0,6,0,"25-29 "
1533873,30,5888,2,1,5888,0,30,0,"35-39 "
1533897,8,650,7,0,650,0,8,0,"30-34 "
1533903,10,670,33,0,0,670,0,10,"50-54 "
1533972,17,1088,5,0,785,303,12,5,"45-49 "
1534023,73,5330,2,1,2122,3208,41,32,"35-39 "
1534085,9,3128,21,0,3128,0,9,0,"35-39 "
1534092,50,15963,5,1,12348,3615,35,15,"35-39 "
1534108,8,690,42,0,690,0,8,0,"50-54 "
1534245,12,12716,9,0,12716,0,12,0,"40-44 "
1534320,2,61,11,0,0,61,0,2,"30-34 "
1534375,36,12444,6,1,12444,0,36,0,"30-34 "
1534443,9,2237,32,0,0,2237,0,9,"40-44 "
1534535,58,10953,5,1,3104,7849,33,25,"35-39 "
1534658,1,495,17,0,495,0,1,0,"45-49 "
1534689,22,1487,5,2,0,1487,0,22,"35-39 "
1534733,6,1149,19,0,0,1149,0,6,"50-54 "
1534740,36,3440,6,1,2752,688,20,16,"45-49 "
1534870,5,332,22,0,332,0,5,0,"25-29 "
1535099,35,4417,11,1,514,3903,5,30,"40-44 "
1535143,19,6763,4,0,0,6763,0,19,"45-49 "
1535266,3,548,41,0,548,0,3,0,"30-34 "
1535303,44,4827,9,1,4827,0,44,0,"55-59 "
1535327,3,78,25,0,0,78,0,3,"35-39 "
1535563,5,3152,10,1,3152,0,5,0,"<25 "
1535655,3,637,40,0,0,637,0,3,"40-44 "
1535679,3,916,13,0,916,0,3,0,"35-39 "
1535709,26,5103,9,0,3382,1721,12,14,"55-59 "
1535716,32,16162,6,1,2672,13490,14,18,"45-49 "
1535907,22,6427,25,0,0,6427,0,22,"35-39 "
1535921,18,11577,15,0,11577,0,18,0,"45-49 "
1536140,28,2699,15,1,2699,0,28,0,"30-34 "
1536287,4,475,26,0,0,475,0,4,"35-39 "
1536355,14,1128,24,0,1128,0,14,0,"35-39 "
1536362,6,1139,37,0,1139,0,6,0,"30-34 "
1536416,48,4155,14,0,3205,950,35,13,"40-44 "
1536539,22,4025,11,1,1483,2542,9,13,"30-34 "
1536560,1,207,17,0,207,0,1,0,">65 "
1536683,13,958,21,0,958,0,13,0,"35-39 "
1536690,25,11355,12,1,2811,8544,6,19,"35-39 "
1536935,3,5670,25,0,0,5670,0,3,"45-49 "
1537185,15,3488,18,2,1576,1912,7,8,"50-54 "
1537192,4,495,7,0,495,0,4,0,"40-44 "
1537208,12,1350,8,3,451,899,8,4,"30-34 "
1537321,14,1578,6,2,133,1445,2,12,"30-34 "
1537406,10,1977,37,0,1977,0,10,0,"35-39 "
1537581,38,7925,4,1,1971,5954,5,33,"40-44 "
1537598,26,4816,39,0,0,4816,0,26,"45-49 "
1537727,7,518,14,0,518,0,7,0,"35-39 "
1537741,42,28261,32,0,26545,1716,24,18,"35-39 "
1537772,8,792,29,1,792,0,8,0,"45-49 "
1537802,4,1947,18,0,0,1947,0,4,"35-39 "
1537918,13,2096,7,0,2096,0,13,0,"30-34 "
1537956,6,2384,17,0,2384,0,6,0,"30-34 "
1537970,18,1648,25,0,0,1648,0,18,"35-39 "
1537987,12,1172,9,2,808,364,9,3,"45-49 "
1538021,12,1993,27,0,1993,0,12,0,"40-44 "
1538045,15,4343,33,0,0,4343,0,15,"30-34 "
1538175,10,1561,9,2,503,1058,7,3,"50-54 "
1538205,34,6004,39,0,0,6004,0,34,"35-39 "
1538311,13,31218,4,1,7768,23450,4,9,"40-44 "
1538328,9,3870,33,0,0,3870,0,9,"35-39 "
1538410,10,31141,9,2,31141,0,10,0,"35-39 "
1538649,17,7306,10,0,7306,0,17,0,"40-44 "
1538786,5,283,19,0,0,283,0,5,"40-44 "
1539042,6,929,10,0,929,0,6,0,"40-44 "
1539271,4,193,18,0,0,193,0,4,"40-44 "
1539356,13,1703,27,0,1703,0,13,0,"25-29 "
1539370,5,1438,13,0,1438,0,5,0,"45-49 "
1539431,13,1169,11,2,183,986,4,9,"35-39 "
1539578,30,18908,19,1,0,18908,0,30,"40-44 "
1539608,24,3862,39,0,0,3862,0,24,"40-44 "
1539691,8,2015,38,0,2015,0,8,0,"<25 "
1539738,15,1281,39,0,0,1281,0,15,"30-34 "
1539837,5,768,6,0,768,0,5,0,"35-39 "
1539868,57,8863,33,0,0,8863,0,57,"45-49 "
1539912,13,3787,22,1,2582,1205,7,6,"30-34 "
1539981,11,1599,24,0,1599,0,11,0,"30-34 "
1540017,36,3858,18,0,0,3858,0,36,"30-34 "
1540024,2,155,5,0,0,155,0,2,"35-39 "
1540062,20,3668,11,1,0,3668,0,20,"40-44 "
1540086,13,1834,11,0,0,1834,0,13,"40-44 "
1540178,5,793,3,0,793,0,5,0,"30-34 "
1540246,16,2177,2,0,2177,0,16,0,"25-29 "
1540314,5,1612,11,0,0,1612,0,5,"35-39 "
1540390,27,2085,19,0,589,1496,12,15,"35-39 "
1540451,28,4716,25,0,0,4716,0,28,"35-39 "
1540536,18,2145,18,0,0,2145,0,18,"40-44 "
1540581,3,1316,38,0,1316,0,3,0,"25-29 "
1540697,19,1684,5,0,0,1684,0,19,"35-39 "
1540710,13,1171,19,0,0,1171,0,13,"45-49 "
1540727,4,751,2,0,751,0,4,0,"35-39 "
1540734,21,2867,5,1,651,2216,4,17,"40-44 "
1540802,17,8035,18,0,0,8035,0,17,"30-34 "
1540819,6,407,28,0,407,0,6,0,"35-39 "
1541014,30,7828,23,1,7828,0,30,0,"30-34 "
1541236,44,6553,19,0,0,6553,0,44,"35-39 "
1541298,13,1511,12,0,0,1511,0,13,"40-44 "
1541335,17,2752,2,1,1389,1363,7,10,"35-39 "
1541403,18,10291,14,1,3393,6898,6,12,"40-44 "
1541519,30,22798,13,0,22798,0,30,0,"30-34 "
1541571,36,5130,32,0,0,5130,0,36,"35-39 "
1541632,38,7317,2,1,1528,5789,17,21,"40-44 "
1541656,10,1528,5,1,0,1528,0,10,"30-34 "
1541724,7,2522,5,2,2323,199,5,2,"40-44 "
1541830,10,1132,21,0,1132,0,10,0,"35-39 "
1541861,13,1651,39,0,0,1651,0,13,"30-34 "
1541892,18,3234,14,0,1424,1810,13,5,"40-44 "
1542219,8,1411,18,0,0,1411,0,8,"45-49 "
1542271,41,11477,5,1,0,11477,0,41,"50-54 "
1542295,15,15312,4,0,11686,3626,9,6,"30-34 "
1542363,62,193168,4,1,48117,145051,23,39,"45-49 "
1542370,7,11135,4,1,0,11135,0,7,"35-39 "
1542486,18,1471,40,0,0,1471,0,18,"40-44 "
1542578,12,1112,18,0,0,1112,0,12,"30-34 "
1542592,4,1584,7,0,1584,0,4,0,"50-54 "
1542646,16,2466,26,0,0,2466,0,16,"35-39 "
1542684,4,3109,14,0,3109,0,4,0,"35-39 "
1542813,14,1551,22,0,1551,0,14,0,"35-39 "
1542851,4,944,39,0,0,944,0,4,"30-34 "
1542868,11,1952,5,2,900,1052,8,3,"35-39 "
1542974,9,1248,20,0,1248,0,9,0,"25-29 "
1542998,31,6324,25,0,0,6324,0,31,"30-34 "
1543285,23,48148,6,1,48148,0,23,0,"30-34 "
1543308,42,10086,12,0,2564,7522,20,22,"30-34 "
1543322,18,6691,11,0,0,6691,0,18,"35-39 "
1543346,12,2230,20,0,2230,0,12,0,"35-39 "
1543438,7,617,3,0,617,0,7,0,"30-34 "
1543469,67,15195,11,0,0,15195,0,67,"40-44 "
1543483,56,11220,11,0,0,11220,0,56,"30-34 "
1543551,65,7896,4,0,0,7896,0,65,"35-39 "
1543650,20,2715,18,1,1369,1346,7,13,"35-39 "
1543681,5,2707,32,2,1375,1332,4,1,"30-34 "
1543728,3,188,29,0,188,0,3,0,"40-44 "
1543780,19,1213,3,0,1213,0,19,0,"30-34 "
1543889,55,6625,2,0,6625,0,55,0,"35-39 "
1543919,21,5475,4,0,0,5475,0,21,"40-44 "
1543988,14,12686,18,0,0,12686,0,14,"35-39 "
1543995,2,1417,25,0,0,1417,0,2,"30-34 "
1544015,4,149,41,0,149,0,4,0,"35-39 "
1544060,21,35498,11,1,29307,6191,8,13,"30-34 "
1544206,30,5724,6,0,3730,1994,16,14,"55-59 "
1544268,108,10242,2,0,6404,3838,77,31,"30-34 "
1544473,2,107,30,0,107,0,2,0,"35-39 "
1544541,33,4204,31,0,4204,0,33,0,"25-29 "
1544671,20,2751,26,0,0,2751,0,20,"35-39 "
1544886,40,3817,14,0,3817,0,40,0,"35-39 "
1545005,29,5227,25,0,995,4232,11,18,"35-39 "
1545012,40,2816,6,1,2402,414,33,7,"35-39 "
1545036,6,753,15,0,753,0,6,0,"40-44 "
1545043,4,262,17,0,262,0,4,0,"30-34 "
1545173,34,6265,34,0,6265,0,34,0,"40-44 "
1545180,35,4252,12,1,188,4064,1,34,"30-34 "
1545227,57,6275,17,0,6275,0,57,0,"35-39 "
1545319,43,4985,8,1,4458,527,41,2,"60-64 "
1545425,13,1696,37,0,1696,0,13,0,"50-54 "
1545463,18,1261,4,1,499,762,9,9,"40-44 "
1545494,20,2978,33,0,0,2978,0,20,"35-39 "
1545500,8,578,22,2,578,0,8,0,"35-39 "
1545531,43,8530,4,1,4782,3748,20,23,"35-39 "
1545746,3,2640,22,0,2640,0,3,0,"55-59 "
1545753,75,8366,2,1,6718,1648,58,17,"40-44 "
1545890,13,2518,12,1,0,2518,0,13,"45-49 "
1546057,25,2866,33,0,0,2866,0,25,"40-44 "
1546071,23,2390,15,1,2390,0,23,0,"30-34 "
1546095,69,32502,4,0,0,32502,0,69,"35-39 "
1546125,6,1341,2,2,1341,0,6,0,"30-34 "
1546194,1,90,36,0,90,0,1,0,"50-54 "
1546224,2,1312,35,0,1312,0,2,0,"35-39 "
1546248,2,167,5,0,0,167,0,2,"45-49 "
1546422,2,430,36,0,430,0,2,0,"45-49 "
1546439,34,4811,42,0,4811,0,34,0,"35-39 "
1546460,17,13830,11,1,9964,3866,6,11,"30-34 "
1546477,16,6039,30,0,6039,0,16,0,"55-59 "
1546484,15,4515,6,0,4515,0,15,0,"40-44 "
1546606,64,42912,12,0,32313,10599,30,34,"35-39 "
1546774,17,5670,17,0,5670,0,17,0,"40-44 "
1546798,11,10456,17,2,10108,348,6,5,"35-39 "
1546842,16,1291,10,2,1239,52,15,1,"25-29 "
1546903,3,307,33,0,0,307,0,3,"35-39 "
1546910,12,1643,5,0,0,1643,0,12,"35-39 "
1547016,12,1027,11,2,282,745,5,7,"50-54 "
1547108,15,6794,11,0,0,6794,0,15,"25-29 "
1547337,11,1330,5,0,0,1330,0,11,"35-39 "
1547375,6,2227,17,4,2227,0,6,0,"30-34 "
1547450,36,4098,5,0,3077,1021,28,8,"30-34 "
1547634,10,8242,10,3,8242,0,10,0,"35-39 "
1547641,44,12776,13,0,12776,0,44,0,"45-49 "
1547665,28,19248,16,1,19248,0,28,0,"45-49 "
1547696,39,8351,32,0,0,8351,0,39,"25-29 "
1548020,8,793,33,0,0,793,0,8,"35-39 "
1548044,32,4092,3,1,4092,0,32,0,"45-49 "
1548150,38,6830,12,1,0,6830,0,38,"40-44 "
1548198,38,13306,16,0,13306,0,38,0,"40-44 "
1548211,28,2930,11,0,0,2930,0,28,"30-34 "
1548259,23,1434,9,1,814,620,11,12,"35-39 "
1548358,41,5892,14,1,5892,0,41,0,"35-39 "
1548372,37,5333,8,1,5234,99,36,1,"30-34 "
1548471,13,3617,34,0,3617,0,13,0,"25-29 "
1548518,9,3239,10,0,3239,0,9,0,"40-44 "
1548594,15,1154,39,0,0,1154,0,15,"30-34 "
1548747,13,3652,18,0,0,3652,0,13,"55-59 "
1548945,20,2647,4,0,0,2647,0,20,"45-49 "
1548969,40,10991,5,1,0,10991,0,40,"45-49 "
1548976,7,1288,33,0,0,1288,0,7,"35-39 "
1549119,40,5926,12,0,0,5926,0,40,"35-39 "
1549133,6,1208,8,0,1208,0,6,0,"35-39 "
1549157,2,121,15,0,121,0,2,0,"25-29 "
1549164,26,4776,5,1,0,4776,0,26,"30-34 "
1549188,5,330,40,0,0,330,0,5,"30-34 "
1549409,38,3657,3,1,3025,632,28,10,"35-39 "
1549478,10,5323,9,2,5323,0,10,0,"40-44 "
1549492,3,1371,8,0,1371,0,3,0,"30-34 "
1549515,4,1648,34,0,1648,0,4,0,"50-54 "
1549546,3,287,1,0,287,0,3,0,"40-44 "
1549720,54,8321,3,1,7662,659,46,8,"35-39 "
1549751,27,5298,11,1,3626,1672,16,11,"40-44 "
1549775,22,2620,12,1,1412,1208,13,9,"30-34 "
1549836,13,2126,23,0,2126,0,13,0,"30-34 "
1550061,11,841,22,0,841,0,11,0,"40-44 "
1550122,5,1487,37,0,1487,0,5,0,"25-29 "
1550139,13,2191,25,0,0,2191,0,13,"45-49 "
1550177,6,1961,27,0,1961,0,6,0,"35-39 "
1550320,7,2575,4,3,1043,1532,4,3,"35-39 "
1550368,34,4051,3,1,2043,2008,20,14,"25-29 "
1550436,1,143,7,0,143,0,1,0,"30-34 "
1550498,6,571,21,0,571,0,6,0,"35-39 "
1550511,28,4728,27,0,4728,0,28,0,"40-44 "
1550597,12,4762,15,0,4762,0,12,0,"35-39 "
1550610,3,973,7,0,973,0,3,0,"60-64 "
1550788,6,1922,17,0,1922,0,6,0,"45-49 "
1550863,35,4799,4,1,1298,3501,6,29,"40-44 "
1550900,24,3921,17,1,3921,0,24,0,"35-39 "
1550993,23,4165,40,0,0,4165,0,23,"35-39 "
1551020,12,1311,30,0,1311,0,12,0,">65 "
1551068,8,847,12,0,0,847,0,8,"35-39 "
1551402,85,32122,11,0,19136,12986,40,45,"30-34 "
1551518,9,3532,6,3,3121,411,5,4,"45-49 "
1551525,1,476,7,0,476,0,1,0,"35-39 "
1551648,11,828,5,2,444,384,6,5,"25-29 "
1551709,38,5595,25,0,4965,630,28,10,"30-34 "
1551747,1,49,5,0,0,49,0,1,"55-59 "
1551778,2,1922,1,0,1922,0,2,0,"25-29 "
1551891,8,11121,6,0,11121,0,8,0,"25-29 "
1551945,6,402,2,0,402,0,6,0,"40-44 "
1552003,18,6286,18,1,0,6286,0,18,"30-34 "
1552072,20,2581,4,0,0,2581,0,20,"35-39 "
1552164,8,678,11,1,0,678,0,8,"40-44 "
1552171,90,8818,4,0,0,8818,0,90,"30-34 "
1552331,39,5148,4,1,1630,3518,10,29,"40-44 "
1552348,4,360,3,1,360,0,4,0,"30-34 "
1552355,21,2720,8,1,2013,707,16,5,"30-34 "
1552461,38,13628,15,1,9684,3944,27,11,"35-39 "
1552492,25,5362,40,0,0,5362,0,25,"40-44 "
1552577,2,128,39,0,0,128,0,2,"25-29 "
1552591,7,581,12,0,523,58,6,1,"50-54 "
1552751,3,371,5,0,0,371,0,3,"40-44 "
1552843,1,76,2,0,76,0,1,0,"45-49 "
1552935,4,270,10,0,270,0,4,0,"30-34 "
1553048,41,4565,2,0,4565,0,41,0,"40-44 "
1553109,5,1488,26,0,0,1488,0,5,"40-44 "
1553192,39,5431,10,1,5431,0,39,0,"30-34 "
1553321,47,7696,4,0,217,7479,3,44,"45-49 "
1553352,25,5297,21,0,5297,0,25,0,"50-54 "
1553420,2,6264,17,0,6264,0,2,0,"40-44 "
1553475,6,1315,39,0,0,1315,0,6,"35-39 "
1553512,24,2847,3,1,2847,0,24,0,"40-44 "
1553727,14,1655,2,0,1655,0,14,0,"35-39 "
1553802,14,1233,35,0,492,741,4,10,"40-44 "
1553819,1,799,4,0,0,799,0,1,"35-39 "
1553871,6,855,2,6,855,0,6,0,"35-39 "
1554250,6,1033,13,0,1033,0,6,0,"50-54 "
1554335,23,1950,7,0,1080,870,13,10,"40-44 "
1554373,5,372,17,2,372,0,5,0,"30-34 "
1554649,17,1523,8,2,1523,0,17,0,"45-49 "
1554694,7,4622,29,0,4622,0,7,0,"40-44 "
1554779,30,2070,16,1,2070,0,30,0,"40-44 "
1554830,27,8207,32,0,0,8207,0,27,"35-39 "
1554854,16,4467,8,0,4467,0,16,0,"45-49 "
1554922,22,3987,11,0,0,3987,0,22,"40-44 "
1554946,15,3962,16,1,3962,0,15,0,"40-44 "
1554984,13,1892,8,0,1892,0,13,0,"40-44 "
1555028,29,14759,11,1,0,14759,0,29,"50-54 "
1555042,3,224,9,0,224,0,3,0,"25-29 "
1555066,7,3024,41,0,3024,0,7,0,"45-49 "
1555110,4,205,29,0,205,0,4,0,"30-34 "
1555233,15,3857,32,0,0,3857,0,15,"35-39 "
1555288,11,4291,9,0,4291,0,11,0,"30-34 "
1555295,3,117,32,0,0,117,0,3,"<25 "
1555356,8,1933,8,4,1897,36,7,1,"25-29 "
1555424,9,6083,40,0,0,6083,0,9,"35-39 "
1555479,4,235,6,0,235,0,4,0,"25-29 "
1555523,4,243,20,0,243,0,4,0,">65 "
1555684,3,262,38,0,262,0,3,0,"35-39 "
1555783,21,1541,27,0,1541,0,21,0,"30-34 "
1555844,4,479,10,0,479,0,4,0,"40-44 "
1555851,18,1785,8,1,1785,0,18,0,"40-44 "
1555936,11,1018,18,0,0,1018,0,11,"45-49 "
1556018,50,8951,8,1,6529,2422,43,7,"40-44 "
1556131,2,700,25,0,0,700,0,2,"25-29 "
1556360,39,4022,9,1,4022,0,39,0,"30-34 "
1556445,7,790,18,0,0,790,0,7,"30-34 "
1556582,5,520,13,0,520,0,5,0,"40-44 "
1556629,36,9395,6,1,9395,0,36,0,"25-29 "
1556636,2,324,12,0,0,324,0,2,"35-39 "
1556674,1,376,2,0,376,0,1,0,"30-34 "
1556797,22,3476,13,0,3476,0,22,0,"45-49 "
1556803,12,2071,32,0,0,2071,0,12,"50-54 "
1556872,4,214,5,0,0,214,0,4,"35-39 "
1556896,31,3657,38,0,3657,0,31,0,"45-49 "
1556940,10,893,19,0,0,893,0,10,"30-34 "
1556988,15,1391,7,2,195,1196,1,14,"35-39 "
1557053,34,7187,4,1,1320,5867,10,24,"35-39 "
1557107,97,62184,13,0,54545,7639,66,31,"35-39 "
1557114,9,653,10,1,653,0,9,0,"<25 "
1557169,5,803,5,0,0,803,0,5,"35-39 "
1557176,34,33954,3,1,30856,3098,28,6,"30-34 "
1557206,9,2124,8,1,2124,0,9,0,"30-34 "
1557220,2,67,28,0,67,0,2,0,"50-54 "
1557275,1,36,9,0,36,0,1,0,"30-34 "
1557404,7,1327,38,0,1327,0,7,0,"45-49 "
1557428,15,2341,4,1,0,2341,0,15,"35-39 "
1557435,58,15469,2,0,15469,0,58,0,"40-44 "
1557466,19,2906,34,0,2906,0,19,0,"40-44 "
1557503,85,8436,6,0,6917,1519,66,19,"40-44 "
1557510,49,6155,2,1,3939,2216,37,12,"40-44 "
1557671,9,2483,39,0,0,2483,0,9,"30-34 "
1557824,25,4516,42,0,4516,0,25,0,"40-44 "
1557923,17,2992,19,0,0,2992,0,17,"35-39 "
1558173,8,1332,5,4,0,1332,0,8,"30-34 "
1558241,2,678,7,0,678,0,2,0,"30-34 "
1558302,29,5975,18,1,0,5975,0,29,"40-44 "
1558418,104,12256855,2,0,7040723,5216132,50,54,"35-39 "
1558517,2,417,14,0,417,0,2,0,"25-29 "
1558548,7,673,32,0,0,673,0,7,"30-34 "
1558586,12,3515,17,0,3515,0,12,0,"35-39 "
1558685,50,5315,11,0,0,5315,0,50,"35-39 "
1558739,13,1445,18,0,0,1445,0,13,"60-64 "
1558838,24,5378,39,0,0,5378,0,24,"45-49 "
1559101,34,5210,9,1,5210,0,34,0,"30-34 "
1559323,13,5103,15,0,3395,1708,6,7,"35-39 "
1559415,2,124,18,0,0,124,0,2,"40-44 "
1559491,60,9149,2,1,8940,209,55,5,"<25 "
1559507,1,589,40,0,0,589,0,1,"45-49 "
1559637,7,77495,27,0,77495,0,7,0,"30-34 "
1559750,35,5374,9,1,5374,0,35,0,"45-49 "
1559835,53,4119,13,0,4119,0,53,0,"45-49 "
1559873,3,609,3,0,609,0,3,0,"35-39 "
1559880,47,45187,3,1,25700,19487,40,7,"30-34 "
1559910,26,1638,7,1,1638,0,26,0,"35-39 "
1560015,14,1739,25,0,0,1739,0,14,"40-44 "
1560022,19,2377,38,0,2377,0,19,0,"30-34 "
1560046,3,1391,7,0,1391,0,3,0,"45-49 "
1560084,13,1693,14,0,1693,0,13,0,"45-49 "
1560190,1,711,23,0,711,0,1,0,"35-39 "
1560282,25,2468,4,1,0,2468,0,25,"35-39 "
1560497,2,720,26,0,0,720,0,2,"30-34 "
1560503,21,4028,19,0,0,4028,0,21,"35-39 "
1560671,17,4881,16,1,2110,2771,6,11,"40-44 "
1560800,21,4436,8,1,770,3666,6,15,"30-34 "
1560954,26,2844,8,1,1650,1194,17,9,"35-39 "
1561029,13,1011,33,0,0,1011,0,13,"40-44 "
1561166,5,3846,21,0,3846,0,5,0,"50-54 "
1561197,13,5852,11,2,0,5852,0,13,"30-34 "
1561241,28,5655,4,1,5347,308,23,5,"35-39 "
1561258,20,1970,5,0,0,1970,0,20,"35-39 "
1561265,10,20808,15,0,20808,0,10,0,"55-59 "
1561302,70,6249,3,0,4944,1305,57,13,"25-29 "
1561456,37,4224,18,1,1557,2667,22,15,"35-39 "
1561517,11,777,25,0,0,777,0,11,"30-34 "
1561524,19,3446,6,2,3446,0,19,0,"35-39 "
1561548,17,1962,23,1,382,1580,7,10,"35-39 "
1561586,16,2449,4,2,0,2449,0,16,"25-29 "
1561630,4,437,20,0,437,0,4,0,"30-34 "
1561654,6,899,19,0,0,899,0,6,"40-44 "
1561708,10,2613,4,2,0,2613,0,10,"25-29 "
1561760,14,2698,11,0,0,2698,0,14,"30-34 "
1561784,62,6960,6,1,6960,0,62,0,"30-34 "
1561937,35,5661,3,0,2411,3250,15,20,"40-44 "
1562026,7,616,37,0,616,0,7,0,"25-29 "
1562033,6,1058,21,0,1058,0,6,0,"30-34 "
1562101,32,4495,11,0,0,4495,0,32,"35-39 "
1562118,4,619,41,0,619,0,4,0,"30-34 "
1562125,24,4576,13,1,4576,0,24,0,"40-44 "
1562156,8,748,17,0,748,0,8,0,"60-64 "
1562361,6,391,5,0,0,391,0,6,"30-34 "
1562460,24,2841,32,0,0,2841,0,24,"55-59 "
1562811,10,1565,40,0,0,1565,0,10,"45-49 "
1562859,11,6768,11,0,0,6768,0,11,"35-39 "
1562903,71,9010,2,1,3353,5657,17,54,"30-34 "
1563061,6,1902,21,0,1902,0,6,0,"30-34 "
1563153,30,5752,33,0,1694,4058,18,12,"<25 "
1563252,13,1283,18,1,0,1283,0,13,">65 "
1563283,15,7188,16,0,7188,0,15,0,"25-29 "
1563405,1,36,10,0,36,0,1,0,"35-39 "
1563481,16,2547,27,0,2547,0,16,0,"60-64 "
1563504,18,17095,16,0,17095,0,18,0,"50-54 "
1563627,18,4589,5,0,0,4589,0,18,"35-39 "
1563771,10,1761,38,0,1761,0,10,0,"60-64 "
1563924,5,3133,20,4,3133,0,5,0,"30-34 "
1563962,10,1717,11,0,0,1717,0,10,"45-49 "
1564051,2,292,4,0,0,292,0,2,"60-64 "
1564112,3,195,32,0,0,195,0,3,"40-44 "
1564143,28,3723,28,0,3723,0,28,0,"35-39 "
1564341,15,2080,27,0,2080,0,15,0,"25-29 "
1564372,6,481,8,0,481,0,6,0,"35-39 "
1564389,4,4644,27,0,4644,0,4,0,"30-34 "
1564525,15,6861,22,0,6861,0,15,0,"35-39 "
1564549,15,5385,39,0,0,5385,0,15,"45-49 "
1564754,38,3892,18,0,0,3892,0,38,"25-29 "
1564846,8,582,26,1,457,125,7,1,"35-39 "
1564952,42,6153,11,1,821,5332,9,33,"35-39 "
1565041,1,84,35,0,84,0,1,0,"30-34 "
1565058,25,3825,5,1,373,3452,4,21,"35-39 "
1565140,30,3493,14,1,2489,1004,26,4,"25-29 "
1565157,3,417,42,0,417,0,3,0,"35-39 "
1565195,10,831,14,2,831,0,10,0,">65 "
1565218,23,9443,3,2,5339,4104,16,7,"50-54 "
1565300,99,13060,2,0,9093,3967,60,39,"35-39 "
1565492,8,901,25,0,0,901,0,8,"35-39 "
1565508,6,380,32,0,0,380,0,6,"30-34 "
1565515,7,2523,3,0,2523,0,7,0,"45-49 "
1565539,73,11625,2,1,9728,1897,54,19,"25-29 "
1565850,7,2793,19,0,0,2793,0,7,"40-44 "
1566055,9,457,2,0,457,0,9,0,"30-34 "
1566185,4,256,22,0,256,0,4,0,"25-29 "
1566338,26,4655,33,0,0,4655,0,26,"30-34 "
1566413,1,60,35,0,60,0,1,0,"30-34 "
1566567,8,4003,18,0,0,4003,0,8,"30-34 "
1566765,11,2187,12,0,633,1554,8,3,"45-49 "
1566796,17,2118,10,1,2118,0,17,0,"50-54 "
1566833,19,5576,32,0,0,5576,0,19,"35-39 "
1566895,6,1906,7,0,1906,0,6,0,"35-39 "
1567069,23,2087,11,1,0,2087,0,23,"30-34 "
1567106,7,1465,42,0,1465,0,7,0,"30-34 "
1567113,13,5308,12,2,0,5308,0,13,"40-44 "
1567120,36,6876,5,1,0,6876,0,36,"30-34 "
1567199,15,1487,5,1,0,1487,0,15,"25-29 "
1567243,6,421,18,0,0,421,0,6,"35-39 "
1567397,20,20084,6,1,20084,0,20,0,"40-44 "
1567403,10,1828,17,2,1224,604,8,2,"30-34 "
1567441,21,3851,9,0,3851,0,21,0,"40-44 "
1567595,49,4576,2,1,4576,0,49,0,"40-44 "
1567694,62,6094,21,0,6094,0,62,0,"40-44 "
1567700,21,6325,33,0,0,6325,0,21,"25-29 "
1567724,16,2142,7,2,1183,959,12,4,"35-39 "
1567731,28,2993,6,0,2993,0,28,0,"30-34 "
1567786,17,1501,12,2,372,1129,9,8,"30-34 "
1567960,5,680,4,0,0,680,0,5,"30-34 "
1568141,28,5287,32,0,0,5287,0,28,"35-39 "
1568172,11,1260,30,0,1260,0,11,0,"30-34 "
1568257,18,44418,5,2,0,44418,0,18,"45-49 "
1568363,18,2880,39,0,0,2880,0,18,"30-34 "
1568448,24,4587,15,1,4587,0,24,0,"25-29 "
1568493,12,1058,32,0,0,1058,0,12,"45-49 "
1568516,3,86,2,0,86,0,3,0,"35-39 "
1568592,77,21813,11,0,0,21813,0,77,"45-49 "
1568622,20,5442,23,0,1674,3768,17,3,"45-49 "
1568677,27,3686,23,1,3156,530,20,7,"35-39 "
1568882,49,9063,15,0,2868,6195,27,22,"30-34 "
1568929,13,951,7,2,951,0,13,0,"50-54 "
1568943,1,1062,33,0,0,1062,0,1,">65 "
1569223,11,1072,17,1,573,499,9,2,"45-49 "
1569254,16,4509,18,2,3840,669,7,9,"40-44 "
1569315,27,11878,16,0,11878,0,27,0,"30-34 "
1569452,1,5194,42,0,5194,0,1,0,"35-39 "
1569476,19,4421,5,0,0,4421,0,19,"35-39 "
1569551,11,4647,35,0,4647,0,11,0,"30-34 "
1569902,18,5068,14,0,5068,0,18,0,"55-59 "
1569940,21,2580,32,0,0,2580,0,21,"35-39 "
1570120,46,14267,10,1,3748,10519,15,31,"30-34 "
1570144,14,1969,5,2,966,1003,6,8,"30-34 "
1570182,43,9479,11,0,0,9479,0,43,"40-44 "
1570229,6,930,37,0,930,0,6,0,"30-34 "
1570434,24,4960,11,0,0,4960,0,24,"30-34 "
1570458,13,4267,37,0,4267,0,13,0,"40-44 "
1570526,11,1405,4,0,0,1405,0,11,"50-54 "
1570564,24,5475,17,1,351,5124,1,23,"30-34 "
1570724,15,2518,12,0,0,2518,0,15,"35-39 "
1570885,8,1175,42,0,1175,0,8,0,"45-49 "
1570984,9,1585,32,0,0,1585,0,9,"35-39 "
1571035,20,1244,2,0,1244,0,20,0,"40-44 "
1571059,9,1009,35,0,1009,0,9,0,"30-34 "
1571066,7,807,12,0,0,807,0,7,"45-49 "
1571073,11,2167,23,0,2167,0,11,0,"30-34 "
1571097,9,1109,7,0,1109,0,9,0,"35-39 "
1571134,10,721,4,0,0,721,0,10,"50-54 "
1571264,22,5984,3,1,5984,0,22,0,"45-49 "
1571394,9,518,16,0,518,0,9,0,"40-44 "
1571424,2,50,41,0,50,0,2,0,"30-34 "
1571493,8,2126,3,4,184,1942,2,6,"50-54 "
1571516,9,995,19,0,0,995,0,9,"35-39 "
1571684,8,700,16,0,700,0,8,0,"40-44 "
1571769,38,3952,3,1,2804,1148,16,22,"30-34 "
1571806,8,854,4,3,0,854,0,8,"40-44 "
1571820,6,439,32,0,0,439,0,6,"40-44 "
1571905,16,706,2,1,706,0,16,0,"60-64 "
1572490,13,1516,3,0,1516,0,13,0,"40-44 "
1572827,34,4404,4,1,3089,1315,24,10,"40-44 "
1572971,6,543,25,0,0,543,0,6,"30-34 "
1573183,52,6240,4,1,2308,3932,22,30,"30-34 "
1573206,2,628,17,0,628,0,2,0,"55-59 "
1573336,29,18378,4,1,16782,1596,18,11,"35-39 "
1573350,3,310,12,2,0,310,0,3,"30-34 "
1573725,15,963,34,0,963,0,15,0,"40-44 "
1573749,12,935,4,3,577,358,8,4,"35-39 "
1573794,10,3419,9,0,3419,0,10,0,"60-64 "
1573800,11,4733,29,1,3111,1622,6,5,"30-34 "
1573855,13,1900,32,0,0,1900,0,13,"35-39 "
1573862,5,1553,4,0,0,1553,0,5,"30-34 "
1573879,47,5326,2,1,4573,753,43,4,"55-59 "
1573930,18,1365,16,1,1365,0,18,0,"<25 "
1574005,1,702,14,0,702,0,1,0,"35-39 "
1574043,2,127,4,0,0,127,0,2,"40-44 "
1574135,39,6143,27,0,6143,0,39,0,"45-49 "
1574203,38,9096,2,1,5945,3151,24,14,"50-54 "
1574555,24,8243,41,0,8243,0,24,0,"35-39 "
1574630,33,5852,11,1,716,5136,6,27,"30-34 "
1574661,13,3315,26,1,0,3315,0,13,"40-44 "
1574739,9,1616,6,0,1616,0,9,0,"60-64 "
1574791,27,3343,11,0,991,2352,9,18,"30-34 "
1574821,36,39953,9,1,39953,0,36,0,"30-34 "
1574876,11,661,41,0,661,0,11,0,"50-54 "
1574906,15,1267,18,0,0,1267,0,15,"30-34 "
1574937,19,3218,12,0,0,3218,0,19,"35-39 "
1575026,11,972,25,0,0,972,0,11,"30-34 "
1575057,26,2352,25,0,0,2352,0,26,">65 "
1575071,8,1819,22,0,1819,0,8,0,"45-49 "
1575187,39,8685,8,0,1059,7626,3,36,"30-34 "
1575224,3,831,29,0,831,0,3,0,"40-44 "
1575231,12,3790,40,0,0,3790,0,12,"35-39 "
1575354,13,2237,33,0,0,2237,0,13,"25-29 "
1575378,14,5217,18,0,0,5217,0,14,"35-39 "
1575415,17,2587,6,2,2587,0,17,0,"25-29 "
1575439,3,238,38,0,238,0,3,0,"35-39 "
1575521,2,2556,3,0,2556,0,2,0,"35-39 "
1575668,3,139,25,0,0,139,0,3,"30-34 "
1575699,18,2700,20,0,2700,0,18,0,"35-39 "
1575705,52,6629,4,1,2460,4169,19,33,"50-54 "
1575743,6,3540,8,0,3540,0,6,0,"30-34 "
1575774,27,2548,11,1,0,2548,0,27,"30-34 "
1575798,31,4617,33,0,0,4617,0,31,"35-39 "
1575842,15,2632,19,0,0,2632,0,15,"50-54 "
1575910,1,38,18,0,0,38,0,1,"40-44 "
1575927,61,12736,12,0,4057,8679,29,32,"30-34 "
1575958,14,603,22,0,603,0,14,0,"35-39 "
1575996,38,5184,28,0,5184,0,38,0,"35-39 "
1576030,7,2217,4,2,1528,689,1,6,"30-34 "
1576054,27,10338,7,1,8534,1804,15,12,"50-54 "
1576078,16,1401,18,1,483,918,6,10,"45-49 "
1576092,23,5070,4,1,0,5070,0,23,"30-34 "
1576146,69,20924,2,1,20447,477,66,3,"40-44 "
1576153,21,5788,11,0,0,5788,0,21,"35-39 "
1576276,4,10199,22,0,10199,0,4,0,"35-39 "
1576313,8,1106,38,0,1106,0,8,0,"40-44 "
1576337,5,822,29,1,822,0,5,0,"25-29 "
1576412,1,36,7,0,36,0,1,0,"50-54 "
1576504,2,489,6,0,489,0,2,0,"40-44 "
1576603,2,451,20,1,451,0,2,0,"60-64 "
1576641,19,3919,4,2,507,3412,5,14,"50-54 "
1576825,18,2268,19,0,0,2268,0,18,"25-29 "
1577082,32,5837,11,1,1512,4325,10,22,"45-49 "
1577211,43,8862,31,0,3973,4889,11,32,"25-29 "
1577228,23,7500,10,0,1776,5724,7,16,"35-39 "
1577310,11,1680,19,0,0,1680,0,11,"45-49 "
1577389,9,1776,25,2,0,1776,0,9,"45-49 "
1577396,21,4200,4,0,0,4200,0,21,"40-44 "
1577426,43,4547,14,0,1926,2621,18,25,"40-44 "
1577433,3,420,14,0,420,0,3,0,"30-34 "
1577495,6,735,19,2,81,654,2,4,"45-49 "
1577532,25,7966,20,1,5625,2341,20,5,"35-39 "
1577648,41,3287,20,0,3287,0,41,0,"40-44 "
1577693,5,744,15,0,744,0,5,0,"30-34 "
1577709,2,1782,16,0,1782,0,2,0,"30-34 "
1577808,35,8431,25,0,0,8431,0,35,"45-49 "
1577822,23,2687,26,0,0,2687,0,23,"35-39 "
1577938,9,1433,5,0,0,1433,0,9,"50-54 "
1578065,18,4026,7,0,4026,0,18,0,"35-39 "
1578089,7,1542,14,0,1542,0,7,0,"35-39 "
1578126,56,17506,37,0,17506,0,56,0,"40-44 "
1578195,24,4033,12,1,900,3133,7,17,"25-29 "
1578232,5,910,19,0,0,910,0,5,"35-39 "
1578287,3,1215,16,0,1215,0,3,0,"<25 "
1578478,22,9836,31,0,770,9066,5,17,"60-64 "
1578515,11,2497,16,2,2497,0,11,0,"25-29 "
1578553,1,89,35,0,89,0,1,0,"30-34 "
1578607,25,2175,29,0,2175,0,25,0,"30-34 "
1578614,15,985,12,0,0,985,0,15,"45-49 "
1578669,7,699,18,0,0,699,0,7,"30-34 "
1578676,12,964,15,1,725,239,9,3,"50-54 "
1578720,6,1130,39,0,0,1130,0,6,">65 "
1578812,5,858,38,0,858,0,5,0,"30-34 "
1578898,7,4294,12,0,0,4294,0,7,"35-39 "
1578980,11,6707,21,1,6707,0,11,0,"35-39 "
1579000,3,426,32,0,0,426,0,3,"30-34 "
1579055,17,5423,5,2,5309,114,15,2,"35-39 "
1579178,10,1383,18,2,620,763,7,3,"45-49 "
1579284,3,661,29,0,661,0,3,0,"25-29 "
1579291,68,35868,7,0,32924,2944,66,2,"25-29 "
1579369,19,3534,19,0,0,3534,0,19,"35-39 "
1579406,26,3215,8,1,1589,1626,11,15,"35-39 "
1579451,5,671,16,0,671,0,5,0,"30-34 "
1579468,3,349,18,0,0,349,0,3,"25-29 "
1579475,15,1195,25,1,567,628,9,6,"45-49 "
1579505,6,2186,3,0,2186,0,6,0,"30-34 "
1579703,72,5244,12,0,0,5244,0,72,"40-44 "
1579727,146,83841,4,0,36877,46964,43,103,"35-39 "
1579765,4,458,39,0,0,458,0,4,"35-39 "
1579802,3,90,26,0,0,90,0,3,"30-34 "
1580075,16,1968,17,0,1968,0,16,0,"30-34 "
1580099,15,2542,37,0,2542,0,15,0,"40-44 "
1580402,28,22328,15,0,22328,0,28,0,"40-44 "
1580662,6,2590,8,2,2109,481,4,2,"50-54 "
1580679,10,1136,19,0,691,445,6,4,"30-34 "
1580716,12,1983,5,3,0,1983,0,12,"25-29 "
1580945,3,431,18,0,0,431,0,3,">65 "
1580952,18,5340,20,1,1180,4160,12,6,"50-54 "
1581133,10,1176,11,0,0,1176,0,10,"25-29 "
1581188,65,6837,4,0,0,6837,0,65,"40-44 "
1581218,4,955,2,0,955,0,4,0,"35-39 "
1581409,27,7662,4,1,0,7662,0,27,"25-29 "
1581539,14,3317,13,0,3317,0,14,0,"30-34 "
1581546,4,1823,5,0,0,1823,0,4,"40-44 "
1581638,18,1555,31,0,1555,0,18,0,"45-49 "
1581652,19,4485,25,0,0,4485,0,19,"35-39 "
1581683,7,1680,27,0,1680,0,7,0,"35-39 "
1581713,68,19989,9,0,18122,1867,66,2,"40-44 "
1581805,10,1321,4,0,0,1321,0,10,"35-39 "
1581874,6,1997,25,0,0,1997,0,6,"40-44 "
1581898,25,5473,8,1,4684,789,13,12,"30-34 "
1581959,13,1564,18,0,0,1564,0,13,"45-49 "
1582000,8,424,35,0,424,0,8,0,"30-34 "
1582086,7,931,33,0,0,931,0,7,"35-39 "
1582093,13,1953,9,1,1953,0,13,0,"35-39 "
1582116,16,1082,40,0,0,1082,0,16,"35-39 "
1582239,5,552,1,0,552,0,5,0,"30-34 "
1582277,26,3046,18,1,0,3046,0,26,"35-39 "
1582307,42,4660,18,0,0,4660,0,42,"55-59 "
1582499,18,1631,25,0,0,1631,0,18,"35-39 "
1582529,45,3938,11,0,0,3938,0,45,"40-44 "
1582659,7,1534,16,4,445,1089,6,1,"<25 "
1582697,17,2479,35,0,2479,0,17,0,"45-49 "
1582727,20,37532,33,0,0,37532,0,20,"45-49 "
1582918,4,241,5,0,0,241,0,4,"40-44 "
1582925,18,3201,2,2,3181,20,17,1,">65 "
1583120,27,2101,26,0,0,2101,0,27,"40-44 "
1583137,9,3083,30,0,3083,0,9,0,"50-54 "
1583151,2,135,33,0,0,135,0,2,"45-49 "
1583199,18,3180,2,1,537,2643,5,13,"30-34 "
1583205,26,4249,12,0,0,4249,0,26,"30-34 "
1583427,46,18017,5,1,625,17392,4,42,"40-44 "
1583434,3,878,3,0,878,0,3,0,"40-44 "
1583564,9,943,16,0,943,0,9,0,"35-39 "
1583571,14,4141,42,0,4141,0,14,0,"30-34 "
1583618,44,8063,18,0,0,8063,0,44,"30-34 "
1583670,4,3835,20,3,3835,0,4,0,"50-54 "
1583786,25,2109,18,1,0,2109,0,25,"45-49 "
1583854,22,2083,33,0,0,2083,0,22,"30-34 "
1583908,17,5205,18,0,0,5205,0,17,"40-44 "
1583991,22,2839,22,1,2839,0,22,0,"40-44 "
1584073,17,2075,18,1,0,2075,0,17,"35-39 "
1584141,14,2844,14,0,2844,0,14,0,"30-34 "
1584202,1,161,24,0,161,0,1,0,"30-34 "
1584233,10,1134,2,4,1134,0,10,0,"35-39 "
1584356,12,1693,39,0,0,1693,0,12,"40-44 "
1584387,8,558,3,5,558,0,8,0,"30-34 "
1584394,13,1133,25,0,0,1133,0,13,"35-39 "
1584462,6,3156,12,4,0,3156,0,6,"50-54 "
1584516,10,1792,38,0,1254,538,5,5,"35-39 "
1584639,5,322,35,0,322,0,5,0,"30-34 "
1584677,32,4403,6,1,2775,1628,20,12,"35-39 "
1584691,28,2027,3,1,2027,0,28,0,"30-34 "
1584721,8,861,19,1,0,861,0,8,"35-39 "
1584776,20,5017,18,1,1005,4012,4,16,"30-34 "
1584875,18,1574,32,0,0,1574,0,18,"35-39 "
1585063,8,722,11,4,0,722,0,8,"35-39 "
1585094,13,1037,9,0,1037,0,13,0,"45-49 "
1585131,68,5989,12,0,2779,3210,33,35,"40-44 "
1585162,57,6411,4,1,1046,5365,13,44,"40-44 "
1585261,6,3968,2,6,1006,2962,2,4,">65 "
1585308,6,339,40,0,0,339,0,6,"35-39 "
1585650,18,1652,39,0,0,1652,0,18,"40-44 "
1585667,17,838,23,0,838,0,17,0,"50-54 "
1585797,19,1411,25,0,0,1411,0,19,"30-34 "
1585865,8,1503,24,1,1180,323,5,3,"30-34 "
1585964,29,5271,2,1,4488,783,20,9,"35-39 "
1586046,27,5794,18,0,0,5794,0,27,"35-39 "
1586060,7,1609,33,1,0,1609,0,7,"45-49 "
1586084,57,6607,11,0,0,6607,0,57,"30-34 "
1586183,32,4070,11,0,0,4070,0,32,">65 "
1586282,16,1634,25,1,513,1121,6,10,"35-39 "
1586343,4,139,39,0,0,139,0,4,"35-39 "
1586473,21,2490,5,0,0,2490,0,21,"35-39 "
1586633,28,4232,16,1,4232,0,28,0,"30-34 "
1586640,23,4320,7,1,4320,0,23,0,"50-54 "
1586701,1,3509,14,0,3509,0,1,0,"35-39 "
1586824,9,795,5,1,571,224,7,2,"30-34 "
1586886,21,4914,16,1,4914,0,21,0,"25-29 "
1586961,1,765,25,0,0,765,0,1,"35-39 "
1587005,23,8027,13,0,8027,0,23,0,"30-34 "
1587036,23,4552,18,0,0,4552,0,23,"30-34 "
1587067,54,7803,6,1,5986,1817,35,19,"35-39 "
1587142,5,444,39,0,167,277,2,3,"<25 "
1587159,18,1553,31,0,214,1339,2,16,"35-39 "
1587166,26,3068,37,0,3068,0,26,0,"50-54 "
1587203,26,2123,2,2,2123,0,26,0,"55-59 "
1587234,7,1292,11,0,0,1292,0,7,"30-34 "
1587241,10,1334,2,0,1334,0,10,0,"30-34 "
1587388,21,5256,31,0,5256,0,21,0,"30-34 "
1587401,20,1457,32,0,0,1457,0,20,"30-34 "
1587418,21,1293,25,0,0,1293,0,21,"35-39 "
1587517,3,165,7,0,165,0,3,0,"30-34 "
1587586,2,621,25,0,0,621,0,2,"35-39 "
1587593,35,8709,5,1,8340,369,31,4,"35-39 "
1587647,11,850,12,1,623,227,9,2,"35-39 "
1587654,25,3710,10,1,3710,0,25,0,"35-39 "
1587685,18,2251,9,1,2162,89,16,2,">65 "
1587722,57,6144,2,1,4494,1650,47,10,"50-54 "
1587791,17,977,39,0,0,977,0,17,"35-39 "
1587821,6,643,10,2,643,0,6,0,"35-39 "
1588132,12,1127,9,2,1127,0,12,0,"45-49 "
1588156,6,951,27,1,748,203,3,3,"30-34 "
1588170,2,5628,38,0,5628,0,2,0,"30-34 "
1588231,48,7317,2,1,3355,3962,15,33,"40-44 "
1588255,13,517,24,0,517,0,13,0,"40-44 "
1588491,27,8175,27,0,2841,5334,19,8,"35-39 "
1588514,7,1126,31,0,1126,0,7,0,"35-39 "
1588606,19,1122,24,0,1122,0,19,0,"30-34 "
1588705,6,1212,33,0,0,1212,0,6,"30-34 "
1588712,9,7209,14,0,7209,0,9,0,"40-44 "
1588736,4,589,10,0,589,0,4,0,"35-39 "
1588743,26,7875,3,1,7875,0,26,0,"35-39 "
1588750,81,10048,10,0,4216,5832,35,46,"40-44 "
1588835,68,8242,4,1,1637,6605,23,45,"40-44 "
1588934,30,2219,12,0,0,2219,0,30,"45-49 "
1589221,16,1799,27,0,1799,0,16,0,"35-39 "
1589290,10,12428,18,1,0,12428,0,10,"30-34 "
1589375,14,1113,6,2,1113,0,14,0,"40-44 "
1589443,10,471,5,2,0,471,0,10,"40-44 "
1589474,37,6339,21,1,3292,3047,22,15,"25-29 "
1589481,1,396,6,0,396,0,1,0,"35-39 "
1589641,84,14966,7,0,13716,1250,78,6,"25-29 "
1589665,34,9867,2,0,9867,0,34,0,"45-49 "
1589689,11,14117,33,0,184,13933,4,7,"40-44 "
1589726,7,478,28,0,478,0,7,0,"40-44 "
1589757,5,651,30,0,651,0,5,0,"35-39 "
1589849,7,773,28,0,773,0,7,0,"30-34 "
1589917,15,3399,2,2,3399,0,15,0,"35-39 "
1589924,21,1756,7,0,812,944,7,14,"40-44 "
1589986,15,1655,6,1,1479,176,12,3,"40-44 "
1590074,42,4127,6,1,2914,1213,28,14,"45-49 "
1590104,25,2819,32,0,0,2819,0,25,"40-44 "
1590302,13,1932,18,0,0,1932,0,13,"30-34 "
1590432,6,1753,12,0,0,1753,0,6,"30-34 "
1590777,24,2861,30,0,2861,0,24,0,"40-44 "
1590869,5,785,15,3,785,0,5,0,"45-49 "
1590890,4,2598,33,0,0,2598,0,4,"50-54 "
1590937,32,10857,17,1,10857,0,32,0,"35-39 "
1591026,22,2587,7,1,2587,0,22,0,">65 "
1591286,36,9103,15,0,9103,0,36,0,"35-39 "
1591293,5,409,21,0,409,0,5,0,"50-54 "
1591422,37,21722,7,1,18055,3667,32,5,"40-44 "
1591514,64,22536,29,0,22536,0,64,0,"35-39 "
1591729,21,1611,26,1,0,1611,0,21,"30-34 "
1591842,2,118,42,0,118,0,2,0,"30-34 "
1591965,10,2065,37,0,2065,0,10,0,"30-34 "
1591989,15,1455,14,0,1455,0,15,0,">65 "
1592009,5,354,30,1,230,124,2,3,"55-59 "
1592108,4,2320,8,8,796,1524,1,3,"25-29 "
1592115,5,373,15,0,373,0,5,0,"25-29 "
1592184,8,900,22,2,818,82,6,2,"25-29 "
1592221,34,8589,24,1,8589,0,34,0,"30-34 "
1592238,16,1478,6,2,969,509,10,6,">65 "
1592313,14,1403,23,0,1403,0,14,0,"40-44 "
1592399,5,409,10,0,409,0,5,0,"35-39 "
1592405,55,26249,15,0,11956,14293,28,27,"25-29 "
1592504,6,821,18,0,0,821,0,6,"30-34 "
1592528,12,717,7,3,436,281,5,7,"40-44 "
1592573,12,2069,32,0,0,2069,0,12,"40-44 "
1592597,5,555,18,4,0,555,0,5,"30-34 "
1592658,3,187,21,0,187,0,3,0,"45-49 "
1592665,17,6406,15,0,6406,0,17,0,"40-44 "
1592719,19,5269,41,0,5269,0,19,0,"50-54 "
1592917,34,2805,5,1,2087,718,28,6,"<25 "
1593020,10,2589906,2,4,2589906,0,10,0,"25-29 "
1593099,2,609,28,0,609,0,2,0,"25-29 "
1593181,30,7903,2,1,7903,0,30,0,"50-54 "
1593266,8,968,16,1,948,20,7,1,"55-59 "
1593273,17,9841,18,0,0,9841,0,17,"45-49 "
1593303,7,1093,11,3,386,707,3,4,"35-39 "
1593358,13,1946,18,0,1393,553,5,8,"40-44 "
1593389,3,465,39,0,0,465,0,3,"35-39 "
1593457,20,1915,10,1,1915,0,20,0,"35-39 "
1593525,26,4243,18,0,0,4243,0,26,"40-44 "
1593570,19,14128,11,0,0,14128,0,19,"35-39 "
1593655,20,3626,22,0,3626,0,20,0,">65 "
1593723,4,5760,33,0,0,5760,0,4,"40-44 "
1593754,6,1349,25,0,0,1349,0,6,"30-34 "
1593808,12,1608,9,2,1608,0,12,0,"<25 "
1593815,13,2916,16,0,2916,0,13,0,"35-39 "
1594034,8,860,6,1,287,573,5,3,"30-34 "
1594072,18,2605,35,0,2605,0,18,0,"35-39 "
1594089,22,7285,7,2,5793,1492,14,8,"40-44 "
1594126,25,9497,31,0,9497,0,25,0,"35-39 "
1594133,5,1427,26,0,0,1427,0,5,"35-39 "
1594164,27,2543,22,1,373,2170,3,24,"30-34 "
1594195,9,525,10,0,525,0,9,0,"25-29 "
1594263,13,2763,8,0,2763,0,13,0,"40-44 "
1594324,2,45,30,0,45,0,2,0,"30-34 "
1594447,4,2542,40,0,0,2542,0,4,"40-44 "
1594454,24,9459,3,2,5592,3867,11,13,"40-44 "
1594461,110,43806,4,0,40455,3351,85,25,"30-34 "
1594485,9,1142,10,0,1142,0,9,0,"25-29 "
1594539,6,306,10,0,306,0,6,0,"35-39 "
1594553,43,6686,4,1,5521,1165,29,14,"45-49 "
1594690,14,1760,11,0,0,1760,0,14,"30-34 "
1594751,17,3222,25,0,0,3222,0,17,"60-64 "
1594799,22,5118,22,0,5118,0,22,0,"40-44 "
1594843,4,209,42,0,209,0,4,0,"45-49 "
1594867,1,316,23,0,316,0,1,0,"30-34 "
1595048,20,2618,38,0,2618,0,20,0,"35-39 "
1595079,14,1734,10,2,1193,541,10,4,"40-44 "
1595147,12,1331,40,0,0,1331,0,12,"35-39 "
1595154,8,627,15,2,326,301,5,3,"25-29 "
1595222,30,4013,3,0,946,3067,14,16,"25-29 "
1595246,5,764,19,3,0,764,0,5,"30-34 "
1595260,23,4710,11,0,4344,366,13,10,"30-34 "
1595284,22,4854,19,0,0,4854,0,22,"30-34 "
1595468,149,32109,12,0,5497,26612,56,93,"45-49 "
1595499,27,14007,4,1,0,14007,0,27,"30-34 "
1595529,26,3010,4,1,0,3010,0,26,"50-54 "
1595550,15,1483,33,0,0,1483,0,15,"50-54 "
1595642,8,478,7,0,478,0,8,0,">65 "
1595659,28,11120,22,0,11120,0,28,0,"45-49 "
1595703,9,3248,5,0,2073,1175,7,2,"30-34 "
1595796,55,54390,22,0,47131,7259,35,20,"40-44 "
1595949,31,12479,4,1,0,12479,0,31,"30-34 "
1596144,4,1678,39,0,0,1678,0,4,"35-39 "
1596175,5,641,2,0,641,0,5,0,"35-39 "
1596267,7,1135,19,0,0,1135,0,7,"40-44 "
1596304,12,646,25,0,0,646,0,12,"40-44 "
1596328,3,620,3,0,620,0,3,0,"40-44 "
1596342,14,4852,26,1,4063,789,10,4,"40-44 "
1596359,9,2414,35,0,2414,0,9,0,"25-29 "
1596373,33,5008,5,1,0,5008,0,33,"40-44 "
1596397,19,1363,7,2,1363,0,19,0,"40-44 "
1596496,21,1920,11,1,840,1080,10,11,"25-29 "
1596526,27,4856,13,1,4856,0,27,0,"30-34 "
1596540,29,2181,15,0,1400,781,19,10,"45-49 "
1596601,6,371,39,0,0,371,0,6,"30-34 "
1596632,6,1406,5,5,0,1406,0,6,"35-39 "
1596694,8,1045,18,0,0,1045,0,8,"30-34 "
1596724,7,999,22,0,999,0,7,0,"25-29 "
1596854,22,9628,32,0,964,8664,6,16,"45-49 "
1596878,26,7057,5,1,1193,5864,9,17,"35-39 "
1596915,37,12270,19,1,7564,4706,15,22,"40-44 "
1596984,33,3962,22,1,2958,1004,25,8,"35-39 "
1597011,1,1215,20,0,1215,0,1,0,"35-39 "
1597042,21,5637,25,0,0,5637,0,21,"40-44 "
1597073,11,20227,6,2,20227,0,11,0,"35-39 "
1597127,29,2464,39,0,0,2464,0,29,"30-34 "
1597158,2,454,8,2,399,55,1,1,"45-49 "
1597325,2,482,34,0,482,0,2,0,"35-39 "
1597332,2,1595,35,0,1595,0,2,0,"25-29 "
1597363,3,170,18,0,0,170,0,3,"35-39 "
1597400,2,211,18,0,0,211,0,2,"30-34 "
1597493,2,620,8,0,620,0,2,0,"35-39 "
1597585,30,2946,9,1,608,2338,5,25,"35-39 "
1597592,4,6163,33,0,0,6163,0,4,"30-34 "
1597646,2,319,34,0,319,0,2,0,"40-44 "
1597684,11,1810,22,0,1810,0,11,0,"40-44 "
1597806,9,2926,33,0,0,2926,0,9,"25-29 "
1597813,21,3638,35,0,3638,0,21,0,"45-49 "
1597837,19,1936,32,0,0,1936,0,19,"50-54 "
1597868,20,4350,2,2,620,3730,9,11,"<25 "
1598032,1,1990,36,0,1990,0,1,0,"30-34 "
1598049,20,1613,4,1,0,1613,0,20,"25-29 "
1598070,20,13104,4,1,0,13104,0,20,"30-34 "
1598117,21,1790,26,0,0,1790,0,21,">65 "
1598124,14,2261,18,0,1665,596,7,7,"45-49 "
1598209,11,1852,34,0,1852,0,11,0,"30-34 "
1598247,27,2362,2,1,398,1964,8,19,"35-39 "
1598292,19,12419,19,0,0,12419,0,19,"25-29 "
1598391,7,1131,39,0,0,1131,0,7,"35-39 "
1598407,15,1636,2,2,1636,0,15,0,"30-34 "
1598414,27,4602,7,1,4539,63,25,2,"35-39 "
1598421,59,6470,10,0,3352,3118,28,31,"35-39 "
1598551,8,2618,5,2,502,2116,3,5,"30-34 "
1598643,18,4862,15,0,4862,0,18,0,"40-44 "
1598681,30,3369,14,1,3369,0,30,0,"30-34 "
1598728,16,2673,24,0,2673,0,16,0,"30-34 "
1598810,16,4087,27,0,4087,0,16,0,"45-49 "
1598995,15,1752,5,0,0,1752,0,15,"30-34 "
1599015,47,8353,6,1,7224,1129,45,2,"25-29 "
1599022,7,491,2,0,491,0,7,0,"30-34 "
1599039,5,169,23,0,62,107,3,2,"30-34 "
1599053,17,4296,32,0,0,4296,0,17,"35-39 "
1599145,45,27062,2,1,26367,695,43,2,"45-49 "
1599282,18,8372,3,2,8372,0,18,0,"35-39 "
1599305,32,3164,18,0,0,3164,0,32,"35-39 "
1599312,20,6253,33,0,0,6253,0,20,"30-34 "
1599435,27,5641,12,0,0,5641,0,27,"35-39 "
1599480,4,763,9,1,763,0,4,0,"35-39 "
1599541,17,2376,12,2,0,2376,0,17,"40-44 "
1599602,10,3752,11,0,0,3752,0,10,"45-49 "
1599671,21,877,18,0,0,877,0,21,"35-39 "
1599749,19,2213,8,1,2213,0,19,0,"30-34 "
1599831,33,5165,11,1,1265,3900,2,31,"30-34 "
1599961,14,3463,21,2,3463,0,14,0,"50-54 "
1599978,4,3006,40,0,0,3006,0,4,"30-34 "
1599985,9,31731,36,0,31731,0,9,0,"55-59 "
1600001,7,4917,24,2,288,4629,3,4,"25-29 "
1600032,13,968,11,0,0,968,0,13,"30-34 "
1600223,21,4449,29,1,2537,1912,3,18,"45-49 "
1600230,28,2154,5,1,943,1211,15,13,">65 "
1600261,6,656,3,4,656,0,6,0,"25-29 "
1600285,10,933,39,0,0,933,0,10,"35-39 "
1600315,3,1932,20,5,1932,0,3,0,"35-39 "
1600339,26,3600,12,1,779,2821,7,19,"55-59 "
1600353,16,4821,14,2,4821,0,16,0,"45-49 "
1600469,13,1104,6,0,1104,0,13,0,"40-44 "
1600483,13,1415,32,0,0,1415,0,13,"35-39 "
1600490,11,1453,18,1,452,1001,2,9,"30-34 "
1600506,9,1330,30,0,1330,0,9,0,"55-59 "
1600575,28,3863,18,0,0,3863,0,28,"55-59 "
1600629,10,3415,26,0,0,3415,0,10,"35-39 "
1600636,8,572,5,0,0,572,0,8,"45-49 "
1600643,61,5297,19,0,2410,2887,31,30,"35-39 "
1600810,36,4751,15,1,1304,3447,10,26,"35-39 "
1600834,8,1290,18,0,0,1290,0,8,"35-39 "
1600841,29,13044,6,0,13044,0,29,0,"60-64 "
1600926,30,6898,23,0,3516,3382,13,17,"35-39 "
1600933,17,1445,40,0,0,1445,0,17,"35-39 "
1601190,6,731,36,0,731,0,6,0,"25-29 "
1601206,46,4529,6,1,921,3608,15,31,"45-49 "
1601404,12,1229,17,0,1229,0,12,0,"30-34 "
1601411,66,8403,8,0,6204,2199,41,25,"35-39 "
1601428,6,660,11,0,0,660,0,6,"40-44 "
1601442,5,763,6,7,636,127,3,2,"60-64 "
1601473,68,41785,3,0,41785,0,68,0,"35-39 "
1601480,2,872,2,0,872,0,2,0,"35-39 "
1601725,3,5172,34,0,5172,0,3,0,"60-64 "
1601817,1,119,9,0,119,0,1,0,"25-29 "
1601824,1,99,15,0,99,0,1,0,"25-29 "
1601848,8,679,41,0,679,0,8,0,"<25 "
1601909,6,2161,42,0,2161,0,6,0,"40-44 "
1601923,4,248,12,0,0,248,0,4,"35-39 "
1602197,14,1927,7,2,1927,0,14,0,"25-29 "
1602265,3,12770,11,0,0,12770,0,3,"30-34 "
1602470,12,1887,39,0,0,1887,0,12,"30-34 "
1602562,1,36,7,0,36,0,1,0,"35-39 "
1602708,15,1375,25,0,0,1375,0,15,"40-44 "
1602906,23,4488,33,0,0,4488,0,23,"30-34 "
1602920,6,2361,20,1,2361,0,6,0,"55-59 "
1602982,2,10836,18,10,0,10836,0,2,"25-29 "
1602999,19,2385,18,1,0,2385,0,19,"25-29 "
1603040,13,1209,25,0,0,1209,0,13,"30-34 "
1603071,30,4553,4,0,0,4553,0,30,"40-44 "
1603101,59,10142,2,1,10142,0,59,0,"35-39 "
1603217,2,134,20,0,134,0,2,0,"25-29 "
1603309,21,2736,25,0,0,2736,0,21,"35-39 "
1603385,34,5501,25,0,0,5501,0,34,"45-49 "
1603408,3,167,20,0,167,0,3,0,">65 "
1603453,45,5839,12,1,2997,2842,20,25,"35-39 "
1603699,3,896,15,7,896,0,3,0,"35-39 "
1603705,4,482,28,0,482,0,4,0,"35-39 "
1603750,49,3767,4,0,0,3767,0,49,"30-34 "
1603767,9,2095,12,3,988,1107,7,2,"25-29 "
1603781,64,5156,15,0,3261,1895,41,23,"35-39 "
1603835,4,250,6,0,250,0,4,0,"<25 "
1603897,9,1798,19,0,0,1798,0,9,">65 "
1604047,12,9978,12,2,5238,4740,7,5,"25-29 "
1604054,12,1061,4,0,0,1061,0,12,"25-29 "
1604061,1,9,4,0,0,9,0,1,"25-29 "
1604122,11,1176,21,1,1176,0,11,0,"40-44 "
1604184,54,3585,2,1,1478,2107,26,28,"45-49 "
1604191,9,714,21,0,714,0,9,0,"30-34 "
1604238,29,6033,10,1,4927,1106,21,8,"40-44 "
1604276,21,5136,32,0,0,5136,0,21,"60-64 "
1604283,12,969,20,2,404,565,10,2,"<25 "
1604320,9,1139,24,1,1139,0,9,0,"45-49 "
1604474,9,1465,12,0,0,1465,0,9,"25-29 "
1604535,41,2809,1,1,2809,0,41,0,"25-29 "
1604566,18,5378,4,0,0,5378,0,18,"30-34 "
1604610,17,2394,8,1,2158,236,14,3,"35-39 "
1604672,16,3899,25,1,1514,2385,3,13,"30-34 "
1604740,6,782,30,1,782,0,6,0,"30-34 "
1604757,31,3324,2,1,2228,1096,24,7,"30-34 "
1604788,2,96,15,8,36,60,1,1,"25-29 "
1604825,11,1198,10,3,673,525,5,6,">65 "
1604849,3,262,33,0,0,262,0,3,"30-34 "
1604870,25,6210,19,0,3476,2734,4,21,"35-39 "
1604931,39,4504,19,0,1490,3014,19,20,"30-34 "
1604993,11,712,4,0,0,712,0,11,">65 "
1605150,27,9616,3,1,9616,0,27,0,"25-29 "
1605174,54,7763,4,1,7296,467,51,3,"30-34 "
1605198,16,1005,20,1,573,432,10,6,"40-44 "
1605242,12,2297,4,3,0,2297,0,12,"40-44 "
1605334,10,6095,36,0,6095,0,10,0,"40-44 "
1605402,33,37062,3,1,37062,0,33,0,"40-44 "
1605518,6,259,16,0,259,0,6,0,"45-49 "
1605549,9,948,32,0,0,948,0,9,"45-49 "
1605662,26,5818,12,1,0,5818,0,26,"50-54 "
1605921,82,5100,8,0,4392,708,71,11,"45-49 "
1605945,1,820,11,0,0,820,0,1,"50-54 "
1605969,24,2586,12,0,876,1710,8,16,"40-44 "
1606003,5,578,39,0,0,578,0,5,"30-34 "
1606041,5,1741,21,4,814,927,2,3,"60-64 "
1606065,9,2219,39,0,0,2219,0,9,"35-39 "
1606225,6,513,2,0,513,0,6,0,"30-34 "
1606393,5,16296,32,0,0,16296,0,5,"25-29 "
1606409,30,6336,20,0,6336,0,30,0,"40-44 "
1606515,9,1026,4,0,0,1026,0,9,"45-49 "
1606577,34,2044,10,1,2044,0,34,0,"30-34 "
1606621,27,9994,10,1,5259,4735,18,9,"35-39 "
1606645,20,2081,6,1,2081,0,20,0,"35-39 "
1606669,3,252,8,0,252,0,3,0,"35-39 "
1606751,19,3673,24,0,3673,0,19,0,"35-39 "
1606904,3,268,17,0,268,0,3,0,"35-39 "
1606911,19,1839,12,0,0,1839,0,19,"40-44 "
1606942,23,1976,32,0,0,1976,0,23,"40-44 "
1607000,88,8986,6,0,4250,4736,42,46,"35-39 "
1607093,32,5040,4,1,3238,1802,23,9,"45-49 "
1607109,8,867,29,1,233,634,3,5,"35-39 "
1607192,3,264,4,0,0,264,0,3,"40-44 "
1607222,7,2271,4,0,0,2271,0,7,"30-34 "
1607239,28,6031,4,1,0,6031,0,28,"35-39 "
1607291,29,3159,5,0,0,3159,0,29,"25-29 "
1607536,23,1973,11,1,0,1973,0,23,"25-29 "
1607574,1,580,2,0,580,0,1,0,"55-59 "
1607611,20,2287,18,1,1149,1138,3,17,"35-39 "
1607635,2,214,28,0,214,0,2,0,"25-29 "
1607659,19,1721,28,0,1721,0,19,0,"25-29 "
1607697,8,1639,19,0,0,1639,0,8,"35-39 "
1607710,18,3000,11,0,0,3000,0,18,"40-44 "
1607840,37,5105,4,1,3022,2083,19,18,"55-59 "
1607888,12,1274,8,3,494,780,7,5,"40-44 "
1607895,11,749,14,2,149,600,1,10,"45-49 "
1607932,3,525,31,0,525,0,3,0,"30-34 "
1608168,11,2629,32,0,0,2629,0,11,"30-34 "
1608502,24,3046,19,1,0,3046,0,24,"25-29 "
1608564,63,6570,8,0,1456,5114,14,49,"35-39 "
1608618,14,901,13,1,901,0,14,0,"35-39 "
1608656,19,1625,7,1,1625,0,19,0,"35-39 "
1608687,12,675,23,0,675,0,12,0,"35-39 "
1608694,5,875,40,0,0,875,0,5,"30-34 "
1608878,15,1694,27,0,1694,0,15,0,"30-34 "
1608885,5,4493,38,0,4493,0,5,0,"40-44 "
1608939,80,11062,10,0,9490,1572,72,8,"35-39 "
1608953,28,3783,4,0,0,3783,0,28,"30-34 "
1608984,2,408,19,0,0,408,0,2,"30-34 "
1609042,13,7247,16,0,571,6676,5,8,"40-44 "
1609073,13,3522,4,0,0,3522,0,13,"30-34 "
1609127,4,1875,4,5,0,1875,0,4,"45-49 "
1609134,18,4712,8,0,1016,3696,7,11,"40-44 "
1609233,36,10694,14,1,6852,3842,21,15,"45-49 "
1609448,46,9732,18,0,6783,2949,26,20,"35-39 "
1609660,26,1475,7,1,1475,0,26,0,"35-39 "
1609745,3,1011,38,0,1011,0,3,0,"35-39 "
1609790,7,550,12,0,0,550,0,7,"25-29 "
1609943,15,4038,31,0,4038,0,15,0,"35-39 "
1610031,2,7354,10,0,7354,0,2,0,"30-34 "
1610055,4,390,2,4,282,108,2,2,"25-29 "
1610062,2,2074,35,0,2074,0,2,0,"40-44 "
1610130,5,1620,22,0,1620,0,5,0,"40-44 "
1610161,5,276,32,0,0,276,0,5,"35-39 "
1610192,8,3618,33,0,0,3618,0,8,"40-44 "
1610208,3,4160,6,7,4160,0,3,0,"35-39 "
1610291,10,2234,5,0,214,2020,4,6,"35-39 "
1610321,5,760,28,0,760,0,5,0,"30-34 "
1610376,7,478,33,0,0,478,0,7,"30-34 "
1610406,1,82,18,0,0,82,0,1,"30-34 "
1610413,16,1410,40,0,0,1410,0,16,"40-44 "
1610703,19,2634,14,0,2634,0,19,0,"30-34 "
1610758,16,1491,15,2,448,1043,2,14,"40-44 "
1610925,4,445,32,0,0,445,0,4,"30-34 "
1610932,19,4171,2,1,4171,0,19,0,"30-34 "
1611052,36,5731,7,0,5731,0,36,0,"50-54 "
1611199,4,227,42,0,227,0,4,0,"30-34 "
1611243,2,1458,4,0,0,1458,0,2,"45-49 "
1611250,23,6711,3,1,6024,687,18,5,"35-39 "
1611304,18,4008,11,0,0,4008,0,18,"35-39 "
1611335,1,1552,9,0,1552,0,1,0,"35-39 "
1611366,22,3245,19,1,0,3245,0,22,"40-44 "
1611397,11,2535,17,1,2535,0,11,0,"35-39 "
1611533,8,762,15,0,762,0,8,0,"35-39 "
1611571,12,1828,11,0,0,1828,0,12,"60-64 "
1611601,41,4842,11,0,3903,939,28,13,"35-39 "
1611632,24,1519,22,0,1519,0,24,0,"35-39 "
1611717,6,1223,24,0,1223,0,6,0,"30-34 "
1611724,8,2360,4,4,0,2360,0,8,"40-44 "
1611755,7,2765,32,0,0,2765,0,7,"30-34 "
1611809,8,1272,27,0,1272,0,8,0,"30-34 "
1611953,1,49,36,0,49,0,1,0,"25-29 "
1611984,17,974,3,0,974,0,17,0,"50-54 "
1611991,13,1544,32,0,0,1544,0,13,"40-44 "
1612004,21,3688,8,1,3688,0,21,0,"50-54 "
1612011,38,6330,25,0,0,6330,0,38,"30-34 "
1612028,8,3632,35,0,3632,0,8,0,"40-44 "
1612172,16,2879,19,0,0,2879,0,16,"45-49 "
1612356,33,9380,6,1,9380,0,33,0,"35-39 "
1612400,3,427,11,0,0,427,0,3,"50-54 "
1612417,22,4026,19,0,0,4026,0,22,"25-29 "
1612431,5,272,34,0,272,0,5,0,"40-44 "
1612462,16,2938,12,1,1920,1018,14,2,">65 "
1612530,27,3430,18,0,0,3430,0,27,"50-54 "
1612578,1,399,30,0,399,0,1,0,"50-54 "
1612592,3,838,6,0,838,0,3,0,"30-34 "
1612660,5,1896,30,0,1896,0,5,0,"45-49 "
1612721,90,9908,4,0,0,9908,0,90,"40-44 "
1612844,26,3393,36,0,3393,0,26,0,"30-34 "
1612882,17,3414,25,0,0,3414,0,17,"40-44 "
1612899,18,9510,5,2,960,8550,3,15,"30-34 "
1612912,30,7844,4,1,0,7844,0,30,"30-34 "
1612981,35,8805,6,0,1571,7234,9,26,"30-34 "
1613032,20,2074,8,1,1873,201,16,4,"40-44 "
1613070,19,2952,18,0,0,2952,0,19,"35-39 "
1613124,10,690,31,0,690,0,10,0,"<25 "
1613209,6,570,6,0,570,0,6,0,"30-34 "
1613575,19,11513,35,0,11513,0,19,0,"30-34 "
1613582,15,1778,18,0,0,1778,0,15,"40-44 "
1613674,12,3018,21,0,3018,0,12,0,"30-34 "
1613858,18,13775,33,0,0,13775,0,18,"35-39 "
1613926,3,353,3,9,353,0,3,0,"30-34 "
1613933,25,6563,12,1,2689,3874,5,20,"40-44 "
1614060,22,3548,19,0,0,3548,0,22,"<25 "
1614176,13,13582,18,0,0,13582,0,13,"35-39 "
1614183,1,62,1,0,62,0,1,0,"30-34 "
1614305,5,804,29,0,804,0,5,0,"30-34 "
1614336,7,3042,22,0,3042,0,7,0,"30-34 "
1614350,10,2272,21,0,2272,0,10,0,"45-49 "
1614374,39,3123,6,0,3123,0,39,0,"<25 "
1614473,2,533,6,0,533,0,2,0,"25-29 "
1614619,1,119,17,0,119,0,1,0,"30-34 "
1614725,31,7596,25,0,0,7596,0,31,"35-39 "
1614770,17,4006,18,1,3691,315,16,1,"35-39 "
1614848,10,1603,32,0,0,1603,0,10,"35-39 "
1614855,10,1467,18,0,0,1467,0,10,"30-34 "
1614893,6,9557,28,0,9557,0,6,0,"30-34 "
1614916,20,14201,20,0,14201,0,20,0,"40-44 "
1615029,7,790,11,0,0,790,0,7,"35-39 "
1615043,31,12307,2,1,4036,8271,16,15,"40-44 "
1615159,19,8065,28,1,8065,0,19,0,"50-54 "
1615197,3,229,41,0,229,0,3,0,"30-34 "
1615241,2,104,10,0,104,0,2,0,"30-34 "
1615289,33,3814,16,1,1438,2376,16,17,"40-44 "
1615319,6,319,28,0,319,0,6,0,"40-44 "
1615326,7,5116,8,0,5116,0,7,0,"30-34 "
1615357,4,182,39,0,0,182,0,4,"25-29 "
1615449,6,831,27,0,831,0,6,0,"35-39 "
1615500,2,581,18,0,0,581,0,2,"35-39 "
1615593,21,2520,11,0,0,2520,0,21,"40-44 "
1615654,7,413,29,0,413,0,7,0,"30-34 "
1615661,65,10131,4,1,6975,3156,41,24,"40-44 "
1615678,4,279,40,0,0,279,0,4,"25-29 "
1615821,3,729,25,0,0,729,0,3,"45-49 "
1615838,20,5456,18,0,1359,4097,8,12,"25-29 "
1615845,7,1646,30,0,1646,0,7,0,"40-44 "
1615876,13,5104,25,0,0,5104,0,13,"45-49 "
1615883,16,1414,23,0,1414,0,16,0,"30-34 "
1615913,9,1938,3,3,1938,0,9,0,"50-54 "
1616125,58,10642,6,0,7965,2677,43,15,"30-34 "
1616200,2,437,19,0,0,437,0,2,"50-54 "
1616279,28,5757,11,1,0,5757,0,28,"40-44 "
1616316,19,2655,4,0,0,2655,0,19,"40-44 "
1616446,5,1115,7,7,1115,0,5,0,">65 "
1616460,43,8511,30,0,8511,0,43,0,"35-39 "
1616538,73,6703,5,0,4653,2050,55,18,"40-44 "
1616620,4,742,31,0,742,0,4,0,"40-44 "
1616644,5,465,38,0,465,0,5,0,"40-44 "
1616682,16,3650,4,2,0,3650,0,16,">65 "
1616774,13,4188,10,1,4188,0,13,0,"40-44 "
1616828,42,11453,35,0,11453,0,42,0,"30-34 "
1616965,34,3047,4,1,1167,1880,8,26,"40-44 "
1616989,13,1620,11,0,0,1620,0,13,"25-29 "
1617009,16,1717,10,0,652,1065,4,12,"40-44 "
1617016,8,1184,19,0,0,1184,0,8,"30-34 "
1617030,9,681,18,0,0,681,0,9,"40-44 "
1617122,20,4761,22,1,1631,3130,8,12,"35-39 "
1617153,12,624,2,3,486,138,10,2,">65 "
1617245,36,3576,16,0,2388,1188,26,10,"35-39 "
1617269,31,6721,32,0,0,6721,0,31,"50-54 "
1617306,12,1459,14,0,1459,0,12,0,"35-39 "
1617368,6,1402,21,2,992,410,3,3,"35-39 "
1617467,69,15442,17,0,15442,0,69,0,"35-39 "
1617481,17,4533,18,0,0,4533,0,17,"35-39 "
1617603,11,1163,18,0,0,1163,0,11,"30-34 "
1617634,6,598,2,0,598,0,6,0,"25-29 "
1617771,19,5270,18,0,0,5270,0,19,"45-49 "
1617849,19,1861,18,1,755,1106,7,12,"35-39 "
1617856,3,353,18,0,0,353,0,3,"30-34 "
1617887,14,1207,22,1,1207,0,14,0,"45-49 "
1617894,7,541,19,3,208,333,3,4,"30-34 "
1617962,9,3817,7,3,3817,0,9,0,"50-54 "
1617986,12,3893,42,0,3893,0,12,0,"30-34 "
1618044,2,3044,18,0,0,3044,0,2,"35-39 "
1618051,10,1603,3,1,1603,0,10,0,"50-54 "
1618082,17,1028,26,1,743,285,14,3,"40-44 "
1618198,1,66,21,0,66,0,1,0,"55-59 "
1618266,10,785,7,0,785,0,10,0,"35-39 "
1618327,17,7361,18,0,0,7361,0,17,"45-49 "
1618419,15,4601,23,1,3284,1317,6,9,"45-49 "
1618433,43,5787,3,1,3497,2290,30,13,"30-34 "
1618525,6,5043,36,1,5043,0,6,0,"55-59 "
1618549,13,3991,20,0,3991,0,13,0,"45-49 "
1618556,43,20573,3,1,20573,0,43,0,"25-29 "
1618624,5,254,3,0,57,197,1,4,"40-44 "
1618631,16,839,3,1,557,282,12,4,"30-34 "
1618679,1,199,37,0,199,0,1,0,"50-54 "
1618716,16,1224,8,0,1224,0,16,0,"35-39 "
1618723,12,2495,11,2,0,2495,0,12,"30-34 "
1618761,6,384,32,0,0,384,0,6,"30-34 "
1618822,9,2670,16,0,2670,0,9,0,"40-44 "
1618853,20,1332,38,0,1332,0,20,0,"40-44 "
1618907,22,13019,2,2,12533,486,15,7,"50-54 "
1618938,33,2631,4,1,0,2631,0,33,"40-44 "
1619140,15,2255,11,1,0,2255,0,15,"40-44 "
1619157,21,6082,12,1,3527,2555,5,16,"<25 "
1619201,19,2124,5,1,1202,922,6,13,"30-34 "
1619287,2,55,21,0,55,0,2,0,"30-34 "
1619348,7,8752,2,0,7869,883,5,2,"35-39 "
1619454,4,3266,14,0,3266,0,4,0,"40-44 "
1619485,6,1582,35,0,1582,0,6,0,"40-44 "
1619515,50,5349,25,0,0,5349,0,50,"45-49 "
1619522,1,179,30,0,179,0,1,0,"40-44 "
1619577,11,1941,40,0,0,1941,0,11,"30-34 "
1619584,16,2395,8,2,1539,856,12,4,"45-49 "
1619669,13,1286,9,0,1286,0,13,0,"35-39 "
1619744,24,2212,3,1,411,1801,5,19,"45-49 "
1619843,9,971,30,0,971,0,9,0,"30-34 "
1619850,45,4745,20,0,4745,0,45,0,"30-34 "
1619904,6,4180,14,0,4180,0,6,0,"45-49 "
1619942,18,6628,11,0,0,6628,0,18,"35-39 "
1619966,6,1389,2,0,1389,0,6,0,"30-34 "
1619997,22,2172,19,0,0,2172,0,22,"35-39 "
1620009,90,16816,11,0,0,16816,0,90,"35-39 "
1620023,48,9967,11,1,4498,5469,24,24,"35-39 "
1620030,4,2727,19,0,0,2727,0,4,"25-29 "
1620207,32,6629,18,0,514,6115,6,26,"25-29 "
1620221,9,4089,33,1,0,4089,0,9,"25-29 "
1620238,44,7932,5,1,256,7676,3,41,"40-44 "
1620252,19,16767,14,0,16767,0,19,0,"30-34 "
1620313,4,625,31,1,625,0,4,0,"30-34 "
1620320,25,2410,10,1,1640,770,15,10,"45-49 "
1620344,16,3202,3,0,3202,0,16,0,"30-34 "
1620368,27,3522,33,0,0,3522,0,27,"40-44 "
1620382,9,774,21,0,774,0,9,0,"25-29 "
1620443,27,23139,8,0,20800,2339,5,22,"30-34 "
1620474,8,612,19,2,0,612,0,8,"35-39 "
1620634,9,4344,27,0,4344,0,9,0,"35-39 "
1620757,11,2016,20,0,2016,0,11,0,"35-39 "
1620764,29,1841,4,1,991,850,16,13,"40-44 "
1620849,11,1372,16,0,1372,0,11,0,"30-34 "
1620870,5,2341,38,0,2341,0,5,0,"35-39 "
1620894,39,3969,3,1,3230,739,31,8,"30-34 "
1620900,1,34416,22,0,34416,0,1,0,"40-44 "
1620979,14,2467,17,1,2467,0,14,0,"30-34 "
1621051,7,693,5,0,0,693,0,7,"40-44 "
1621068,10,2525,5,0,1000,1525,4,6,"45-49 "
1621082,1,399,2,0,399,0,1,0,"<25 "
1621143,19,26865,23,0,26865,0,19,0,"30-34 "
1621150,9,825,25,0,0,825,0,9,">65 "
1621174,2,879,14,0,879,0,2,0,"30-34 "
1621228,19,4451,22,1,3980,471,14,5,">65 "
1621242,7,514,33,0,0,514,0,7,"60-64 "
1621280,3,781,16,0,781,0,3,0,"45-49 "
1621372,20,5528,10,1,5528,0,20,0,"35-39 "
1621389,50,4709,9,1,3302,1407,28,22,"<25 "
1621419,1,60,35,0,60,0,1,0,"30-34 "
1621501,25,1517,4,1,0,1517,0,25,"55-59 "
1621518,8,901,17,3,317,584,2,6,"25-29 "
1621549,10,1392,18,0,0,1392,0,10,"30-34 "
1621624,54,10980,8,0,10980,0,54,0,"40-44 "
1621631,23,3304,18,1,1262,2042,14,9,"35-39 "
1621686,6,717,10,0,717,0,6,0,"40-44 "
1621747,2,16075,35,0,16075,0,2,0,"25-29 "
1621778,42,5344,41,0,5344,0,42,0,"25-29 "
1621815,7,1176,40,0,0,1176,0,7,"35-39 "
1621945,16,1955,5,0,1422,533,13,3,"30-34 "
1621969,13,1054,26,0,0,1054,0,13,"35-39 "
1621983,7,883,25,0,0,883,0,7,"35-39 "
1622065,21,2697,33,0,1538,1159,14,7,"40-44 "
1622089,9,1863,15,0,1863,0,9,0,"25-29 "
1622225,7,1354,34,0,1354,0,7,0,"30-34 "
1622300,10,495,25,0,0,495,0,10,"30-34 "
1622348,29,1862,19,0,0,1862,0,29,"35-39 "
1622355,10,8892,13,0,8892,0,10,0,"30-34 "
1622362,62,19856,13,0,18806,1050,52,10,"<25 "
1622515,20,2240,25,0,0,2240,0,20,"35-39 "
1622584,7,1052,33,0,0,1052,0,7,"45-49 "
1622591,14,4486,9,0,4486,0,14,0,"30-34 "
1622652,12,2065,32,0,0,2065,0,12,"35-39 "
1622676,19,2625,2,1,392,2233,5,14,"45-49 "
1622713,18,2135,23,1,665,1470,7,11,"35-39 "
1622720,11,1971,11,0,0,1971,0,11,"35-39 "
1622737,15,2937,27,0,2937,0,15,0,"30-34 "
1622744,24,5371,39,0,0,5371,0,24,"30-34 "
1622805,11,886,26,1,322,564,4,7,"25-29 "
1622850,6,3689,7,0,3689,0,6,0,"35-39 "
1622898,14,729,32,0,0,729,0,14,"40-44 "
1622997,33,5154,4,1,0,5154,0,33,"35-39 "
1623031,14,1968,19,1,1199,769,9,5,"40-44 "
1623116,12,2256,8,3,2077,179,11,1,"55-59 "
1623123,26,7838,16,0,7838,0,26,0,"45-49 "
1623130,8,1268,23,1,1268,0,8,0,"30-34 "
1623154,20,3174,3,2,2964,210,17,3,"35-39 "
1623161,4,1212,16,0,1212,0,4,0,"55-59 "
1623277,100,10994,5,0,0,10994,0,100,"35-39 "
1623314,29,2454,12,1,973,1481,12,17,"45-49 "
1623369,11,667,22,0,667,0,11,0,"30-34 "
1623376,8,1080,3,3,1080,0,8,0,"35-39 "
1623390,21,24852,9,0,6166,18686,11,10,"50-54 "
1623406,18,1680,16,0,1680,0,18,0,"50-54 "
1623413,20,1788,25,0,0,1788,0,20,"30-34 "
1623451,9,1619,29,0,1619,0,9,0,"25-29 "
1623499,49,9860,11,0,0,9860,0,49,"25-29 "
1623505,8,2400,16,0,2400,0,8,0,"40-44 "
1623741,6,460,4,0,0,460,0,6,"30-34 "
1623796,5,1163,35,1,1163,0,5,0,"25-29 "
1623840,30,3315,40,0,0,3315,0,30,"35-39 "
1623871,19,5027,2,0,5027,0,19,0,"30-34 "
1623987,6,3499,22,0,3499,0,6,0,"30-34 "
1623994,13,2034,39,0,1316,718,10,3,">65 "
1624045,7,2112,11,0,0,2112,0,7,"35-39 "
1624168,12,3003,30,0,3003,0,12,0,"40-44 "
1624175,30,14275,13,0,6016,8259,22,8,"30-34 "
1624304,66,7000,7,1,5336,1664,42,24,"35-39 "
1624359,31,4618,5,1,1146,3472,19,12,"35-39 "
1624410,25,5399,14,1,5399,0,25,0,"35-39 "
1624434,21,9356,20,1,9356,0,21,0,"35-39 "
1624519,18,2450,27,0,2450,0,18,0,"30-34 "
1624533,5,367,14,0,367,0,5,0,"30-34 "
1624618,11,1867,13,0,1867,0,11,0,"35-39 "
1624625,4,1119,27,0,1119,0,4,0,"45-49 "
1624656,19,2258,18,0,0,2258,0,19,"45-49 "
1624687,19,6500,37,0,6500,0,19,0,"30-34 "
1624786,39,6348,11,0,0,6348,0,39,"40-44 "
1624809,15,1409,16,0,1409,0,15,0,"35-39 "
1624823,30,12321,17,0,8999,3322,9,21,"35-39 "
1624830,4,594,3,0,594,0,4,0,"35-39 "
1624847,11,1295,27,1,1295,0,11,0,"45-49 "
1624922,40,12017,2,1,5198,6819,17,23,"25-29 "
1624946,6,521,22,0,521,0,6,0,"40-44 "
1624991,3,511,32,0,0,511,0,3,"30-34 "
1625073,12,1116,32,0,0,1116,0,12,"35-39 "
1625240,20,5761,32,0,0,5761,0,20,"30-34 "
1625271,17,25415,18,0,13736,11679,14,3,"25-29 "
1625295,4,1406,12,0,0,1406,0,4,"30-34 "
1625301,8,880,39,0,0,880,0,8,"<25 "
1625370,18,1667,18,0,0,1667,0,18,"30-34 "
1625387,14,1671,25,0,0,1671,0,14,"35-39 "
1625394,13,2304,12,0,0,2304,0,13,"25-29 "
1625530,2,251,18,0,0,251,0,2,"35-39 "
1625608,10,1358,22,0,1358,0,10,0,"30-34 "
1625660,43,3113,6,0,3113,0,43,0,"40-44 "
1625745,10,1524,8,0,1524,0,10,0,"35-39 "
1625837,14,2207,4,0,0,2207,0,14,"40-44 "
1625882,41,5542,11,1,1712,3830,3,38,"40-44 "
1625905,4,5955,38,0,565,5390,3,1,"35-39 "
1626117,11,2353,3,1,317,2036,4,7,"30-34 "
1626162,17,2596,25,0,0,2596,0,17,"30-34 "
1626254,10,5840,20,0,5840,0,10,0,"30-34 "
1626292,25,6089,19,0,0,6089,0,25,"40-44 "
1626360,32,2656,18,0,2071,585,27,5,"35-39 "
1626384,25,2574,8,1,2574,0,25,0,"30-34 "
1626438,8,1133,12,2,401,732,2,6,"30-34 "
1626490,8,2720,28,0,2720,0,8,0,"25-29 "
1626605,17,1833,37,0,1833,0,17,0,"55-59 "
1626667,14,5654,20,0,5654,0,14,0,"50-54 "
1626681,28,4183,11,0,0,4183,0,28,"40-44 "
1626698,5,1992,2,0,1992,0,5,0,"40-44 "
1626728,14,2243,34,0,2243,0,14,0,"25-29 "
1626766,1,618,31,0,618,0,1,0,"30-34 "
1626797,47,12259,5,1,6713,5546,24,23,"40-44 "
1626841,4,375,7,0,375,0,4,0,"45-49 "
1626964,22,2778,4,1,558,2220,1,21,"30-34 "
1626995,2,567,33,0,0,567,0,2,"35-39 "
1627015,4,373,37,0,373,0,4,0,"40-44 "
1627022,7,2976,19,0,0,2976,0,7,"35-39 "
1627152,57,12902,2,0,8740,4162,32,25,"25-29 "
1627176,9,4309,41,0,4309,0,9,0,"30-34 "
1627183,3,5450,25,0,0,5450,0,3,"30-34 "
1627213,17,1119,15,1,1119,0,17,0,"40-44 "
1627329,19,2836,3,0,1105,1731,10,9,"50-54 "
1627350,13,2046,10,2,2046,0,13,0,"35-39 "
1627367,39,5567,24,0,5567,0,39,0,"40-44 "
1627466,32,2931,15,1,423,2508,7,25,"30-34 "
1627510,6,779,10,2,779,0,6,0,"30-34 "
1627534,11,2060,25,0,0,2060,0,11,"35-39 "
1627558,34,5979,35,0,5979,0,34,0,"30-34 "
1627572,9,1305,21,1,1305,0,9,0,"30-34 "
1627596,10,1695,8,3,550,1145,3,7,"50-54 "
1627763,4,316,32,0,0,316,0,4,"35-39 "
1627794,16,1926,7,2,1476,450,9,7,"30-34 "
1627824,17,4118,4,1,0,4118,0,17,"45-49 "
1627947,16,5178,11,2,4001,1177,4,12,"40-44 "
1627985,49,10715,6,1,2908,7807,15,34,"30-34 "
1628012,20,3106,21,0,3106,0,20,0,"35-39 "
1628043,9,660,35,0,660,0,9,0,"25-29 "
1628111,9,1239,15,2,968,271,4,5,"40-44 "
1628203,7,6627,33,0,0,6627,0,7,"35-39 "
1628234,18,2424,5,0,0,2424,0,18,"25-29 "
1628395,12,671,25,0,0,671,0,12,"35-39 "
1628548,24,3994,7,1,3994,0,24,0,"45-49 "
1628586,17,6499,17,1,5189,1310,15,2,"40-44 "
1628609,37,16542,17,1,9866,6676,7,30,"35-39 "
1628746,11,907,7,1,436,471,7,4,"35-39 "
1628791,9,1304,27,0,1304,0,9,0,"35-39 "
1628876,20,5822,4,2,2523,3299,6,14,"35-39 "
1629002,22,3731,25,0,0,3731,0,22,"35-39 "
1629033,5,838,34,0,838,0,5,0,"30-34 "
1629095,10,874,26,0,0,874,0,10,"35-39 "
1629149,40,3312,3,1,3312,0,40,0,"45-49 "
1629194,15,1222,5,2,686,536,7,8,"40-44 "
1629217,10,859,4,3,0,859,0,10,"35-39 "
1629248,11,9827,18,2,8713,1114,9,2,"40-44 "
1629316,92,20618,2,0,5878,14740,21,71,"<25 "
1629415,7,6503,19,0,0,6503,0,7,"35-39 "
1629538,25,10162,6,1,5385,4777,17,8,"30-34 "
1629576,10,3212,39,0,0,3212,0,10,"35-39 "
1629606,86,29793,9,0,27881,1912,74,12,"25-29 "
1629637,3,191,42,0,191,0,3,0,"25-29 "
1629644,3,438,3,0,438,0,3,0,"25-29 "
1629774,17,2772,6,0,2772,0,17,0,"40-44 "
1629866,10,2066,12,0,0,2066,0,10,"60-64 "
1629927,7,1084,17,0,1084,0,7,0,"35-39 "
1629972,12,1122,35,0,1122,0,12,0,"25-29 "
1630008,4,478,31,0,478,0,4,0,"35-39 "
1630015,47,14876,33,0,0,14876,0,47,"35-39 "
1630091,6,2533,5,0,0,2533,0,6,"35-39 "
1630176,4,1385,37,0,1385,0,4,0,"30-34 "
1630244,8,14324,32,0,0,14324,0,8,"35-39 "
1630268,35,7785,5,1,0,7785,0,35,"35-39 "
1630381,3,340,14,0,340,0,3,0,"30-34 "
1630404,5,592,34,1,592,0,5,0,"30-34 "
1630435,2,204,10,0,204,0,2,0,"30-34 "
1630503,3,232,24,0,232,0,3,0,"35-39 "
1630572,8,1165,36,0,1165,0,8,0,"25-29 "
1630589,39,8584,28,0,2355,6229,15,24,"30-34 "
1630619,8,727,17,2,362,365,4,4,"55-59 "
1630633,10,2192,15,0,2192,0,10,0,"45-49 "
1630640,13,11219,28,1,11219,0,13,0,"35-39 "
1630664,3,83,24,0,83,0,3,0,"25-29 "
1630732,31,3561,33,0,0,3561,0,31,"45-49 "
1630817,10,3281,4,0,0,3281,0,10,"35-39 "
1630855,10,1985,2,0,1985,0,10,0,"35-39 "
1630862,10,19031,20,0,19031,0,10,0,"45-49 "
1630886,7,857,21,0,857,0,7,0,"40-44 "
1630909,15,4381,21,0,4381,0,15,0,"35-39 "
1630954,17,1016,7,2,1016,0,17,0,"35-39 "
1631036,34,12193,3,1,12193,0,34,0,"35-39 "
1631111,13,1504,7,2,1087,417,9,4,"35-39 "
1631128,9,1620,25,0,0,1620,0,9,"25-29 "
1631166,13,2161,9,0,2161,0,13,0,"30-34 "
1631388,14,1257,14,1,406,851,4,10,"40-44 "
1631524,23,4478,6,0,4478,0,23,0,"30-34 "
1631531,11,2165,22,0,2165,0,11,0,"35-39 "
1631562,1,828,28,0,828,0,1,0,"45-49 "
1631678,1,36,18,0,0,36,0,1,"35-39 "
1631739,21,3995,12,0,0,3995,0,21,"35-39 "
1631883,6,578,36,0,578,0,6,0,"25-29 "
1631920,19,6805,32,0,0,6805,0,19,"55-59 "
1631968,6,1617,25,0,0,1617,0,6,"45-49 "
1632019,3,551,8,0,551,0,3,0,"55-59 "
1632033,5,387,11,0,0,387,0,5,"25-29 "
1632194,1,129,11,0,0,129,0,1,"40-44 "
1632224,23,4725,14,1,4725,0,23,0,"35-39 "
1632231,6,3411,15,0,3411,0,6,0,"35-39 "
1632286,56,9982,8,1,6613,3369,37,19,"35-39 "
1632460,45,4545,7,1,210,4335,6,39,"45-49 "
1632477,7,2694,17,0,2694,0,7,0,"25-29 "
1632507,15,2193,5,2,0,2193,0,15,"35-39 "
1632606,24,1830,6,1,1685,145,22,2,"25-29 "
1632699,84,25174,2,0,21419,3755,41,43,"40-44 "
1632743,10,447,21,0,447,0,10,0,"30-34 "
1632774,30,4742,8,1,4742,0,30,0,"50-54 "
1632811,49,4479,8,1,4479,0,49,0,"30-34 "
1632903,25,12724,5,1,0,12724,0,25,"30-34 "
1632927,24,2529,33,0,0,2529,0,24,"35-39 "
1632934,1,49,5,0,0,49,0,1,"40-44 "
1632958,12,1200,12,0,0,1200,0,12,"35-39 "
1632972,5,932,33,0,0,932,0,5,"35-39 "
1633009,9,9576,6,2,9576,0,9,0,"45-49 "
1633016,1,195,28,0,195,0,1,0,"30-34 "
1633139,3,213,41,0,213,0,3,0,"30-34 "
1633207,15,1675,39,0,0,1675,0,15,"45-49 "
1633245,4,549,35,0,549,0,4,0,"25-29 "
1633313,1,86,35,0,86,0,1,0,"35-39 "
1633320,34,4903,24,0,4903,0,34,0,"40-44 "
1633344,6,1278,20,0,1278,0,6,0,"30-34 "
1633351,21,3244,8,0,3244,0,21,0,"30-34 "
1633405,74,14748,7,0,5558,9190,20,54,"45-49 "
1633467,4,314,25,0,0,314,0,4,"30-34 "
1633634,3,236,7,0,236,0,3,0,"30-34 "
1633641,65,14170,4,1,10606,3564,64,1,"40-44 "
1633788,22,1905,14,0,19,1886,1,21,"35-39 "
1633801,39,5281,8,1,2777,2504,19,20,"40-44 "
1633832,15,4174,40,0,0,4174,0,15,"35-39 "
1633917,12,2615,25,1,1411,1204,6,6,"40-44 "
1634006,25,3435,18,0,0,3435,0,25,"45-49 "
1634044,26,9939,3,0,384,9555,3,23,"50-54 "
1634082,81,10574,5,0,645,9929,4,77,"30-34 "
1634129,12,1633,2,0,1633,0,12,0,"35-39 "
1634228,22,2155,7,1,2155,0,22,0,"35-39 "
1634372,4,311,25,0,0,311,0,4,"45-49 "
1634389,9,878,26,0,0,878,0,9,"25-29 "
1634464,9,520,16,0,520,0,9,0,"35-39 "
1634501,22,4407,12,1,3144,1263,9,13,"25-29 "
1634518,76,7746,4,1,4830,2916,39,37,"30-34 "
1634570,33,4508,15,0,4508,0,33,0,"35-39 "
1634723,17,14090,33,0,1471,12619,4,13,"<25 "
1634730,8,1115,4,2,0,1115,0,8,"30-34 "
1634808,77,8743,2,1,6521,2222,65,12,"35-39 "
1634877,11,1121,39,0,0,1121,0,11,"35-39 "
1635010,10,763,2,4,678,85,9,1,"40-44 "
1635041,9,5094,5,0,0,5094,0,9,"35-39 "
1635119,7,2132,5,5,347,1785,2,5,"45-49 "
1635126,41,4079,2,1,4079,0,41,0,"40-44 "
1635157,9,14431,28,0,14431,0,9,0,"40-44 "
1635171,32,1631,11,1,241,1390,6,26,"35-39 "
1635195,4,1441,19,0,0,1441,0,4,"45-49 "
1635225,44,6191,4,1,2033,4158,11,33,"45-49 "
1635232,9,3561,40,0,0,3561,0,9,"40-44 "
1635263,18,6010,16,0,6010,0,18,0,"35-39 "
1635270,11,1115,21,0,1115,0,11,0,"35-39 "
1635287,20,1501,11,2,867,634,12,8,"30-34 "
1635317,21,2483,7,1,2483,0,21,0,"35-39 "
1635386,19,4109,15,1,4109,0,19,0,"35-39 "
1635454,2,96,18,8,60,36,1,1,"25-29 "
1635478,14,1996,19,0,0,1996,0,14,"40-44 "
1635485,12,1810,19,0,0,1810,0,12,"30-34 "
1635508,2,1508,16,0,1508,0,2,0,"50-54 "
1635515,23,2163,32,0,0,2163,0,23,"30-34 "
1635560,12,1569,9,0,1569,0,12,0,"35-39 "
1635614,31,4819,11,1,826,3993,12,19,"45-49 "
1635720,12,1283,19,0,0,1283,0,12,"35-39 "
1635768,42,3026,4,1,1128,1898,19,23,"55-59 "
1635799,11,1597,6,0,1597,0,11,0,"40-44 "
1635935,6,4368,18,0,0,4368,0,6,"25-29 "
1635966,72,11454,11,0,0,11454,0,72,"50-54 "
1636062,8,1381,19,0,0,1381,0,8,"40-44 "
1636154,11,4190,39,0,0,4190,0,11,"30-34 "
1636192,81,13231,4,0,9647,3584,45,36,"40-44 "
1636208,16,3665,16,2,3665,0,16,0,"35-39 "
1636246,25,3440,10,1,1313,2127,13,12,"30-34 "
1636253,10,1154,23,0,1154,0,10,0,"35-39 "
1636345,17,4386,16,1,4386,0,17,0,"30-34 "
1636413,25,1806,25,0,0,1806,0,25,"30-34 "
1636482,25,3403,32,0,0,3403,0,25,"30-34 "
1636550,1,3999,40,0,0,3999,0,1,"30-34 "
1636635,20,10635,23,1,10635,0,20,0,"40-44 "
1636659,1,10044,22,0,10044,0,1,0,"35-39 "
1636710,2,752,23,0,752,0,2,0,"45-49 "
1636734,14,1992,12,0,0,1992,0,14,"35-39 "
1636741,2,1431,21,0,1431,0,2,0,"35-39 "
1636765,26,2962,12,1,996,1966,10,16,"40-44 "
1636789,7,1628,27,0,1628,0,7,0,"55-59 "
1636796,5,529,15,0,529,0,5,0,"30-34 "
1636819,13,2113,32,0,0,2113,0,13,"30-34 "
1636840,34,3639,18,1,0,3639,0,34,"30-34 "
1636918,8,973,12,0,0,973,0,8,"25-29 "
1636956,51,6316,11,0,0,6316,0,51,"30-34 "
1637038,4,270,38,0,270,0,4,0,"30-34 "
1637045,11,2270,25,0,0,2270,0,11,"30-34 "
1637076,29,3736,4,1,0,3736,0,29,"35-39 "
1637083,36,2860,19,1,267,2593,2,34,"35-39 "
1637243,11,1168,6,0,1168,0,11,0,"40-44 "
1637274,35,3826,25,0,527,3299,8,27,"30-34 "
1637328,27,21980,37,0,21980,0,27,0,"35-39 "
1637335,23,2850,30,1,2402,448,18,5,"35-39 "
1637397,37,10134,9,0,10134,0,37,0,"40-44 "
1637434,4,8224,4,1,4135,4089,2,2,"45-49 "
1637489,13,762,22,1,762,0,13,0,"45-49 "
1637526,28,7538,12,1,0,7538,0,28,"35-39 "
1637649,29,3193,11,1,3032,161,26,3,"45-49 "
1637663,20,2224,11,0,0,2224,0,20,"35-39 "
1637687,11,8702,11,0,0,8702,0,11,"35-39 "
1637694,8,6604,35,0,2292,4312,3,5,"45-49 "
1637878,19,2116,5,2,1087,1029,9,10,"50-54 "
1637977,24,2058,14,1,1511,547,19,5,"35-39 "
1638080,99,11803,3,0,6706,5097,61,38,"40-44 "
1638097,47,6863,12,1,4513,2350,31,16,"40-44 "
1638141,35,5852,10,1,4922,930,27,8,"45-49 "
1638158,12,1693,11,0,0,1693,0,12,"25-29 "
1638226,19,3294,31,0,1199,2095,4,15,"35-39 "
1638301,19,2013,33,0,0,2013,0,19,"30-34 "
1638349,20,3298,3,2,3298,0,20,0,"35-39 "
1638356,1,10044,14,0,10044,0,1,0,"30-34 "
1638363,48,23473,14,0,20644,2829,26,22,"30-34 "
1638455,16,13543,19,0,0,13543,0,16,"40-44 "
1638479,5,356,37,0,356,0,5,0,"30-34 "
1638615,36,4601,7,1,2685,1916,13,23,"35-39 "
1638653,18,2704,20,1,2704,0,18,0,"35-39 "
1638745,22,7823,32,0,0,7823,0,22,"30-34 "
1638905,3,147,19,0,0,147,0,3,"35-39 "
1638929,102,24751,5,0,0,24751,0,102,"40-44 "
1638950,16,1786,6,1,587,1199,6,10,"35-39 "
1639049,19,5172,12,0,2889,2283,10,9,"45-49 "
1639117,45,6822,3,1,4274,2548,23,22,"45-49 "
1639162,3,206,4,0,0,206,0,3,"30-34 "
1639261,6,2632,16,0,2632,0,6,0,"25-29 "
1639322,44,6999,5,0,0,6999,0,44,"40-44 "
1639377,9,1550,9,0,1550,0,9,0,"50-54 "
1639469,2,218,15,0,218,0,2,0,"35-39 "
1639544,4,390,2,0,390,0,4,0,"<25 "
1639582,15,13639,39,0,0,13639,0,15,"60-64 "
1639599,12,1827,10,2,923,904,7,5,"<25 "
1639612,8,2482,14,0,2482,0,8,0,"35-39 "
1639629,13,8843,18,0,0,8843,0,13,"25-29 "
1639735,7,768,32,1,116,652,1,6,"35-39 "
1639773,10,1365,17,2,765,600,7,3,">65 "
1639780,26,6972,35,0,6972,0,26,0,"25-29 "
1639940,9,376,19,0,0,376,0,9,"35-39 "
1640038,9,845,37,0,845,0,9,0,"35-39 "
1640052,14,1675,18,0,579,1096,4,10,"40-44 "
1640137,5,3010,27,0,3010,0,5,0,">65 "
1640175,7,1228,12,0,0,1228,0,7,"35-39 "
1640304,1,17,21,0,17,0,1,0,"60-64 "
1640380,15,2022,3,1,2022,0,15,0,"30-34 "
1640496,20,1641,10,2,1323,318,14,6,">65 "
1640526,29,3267,7,1,2044,1223,13,16,"30-34 "
1640557,2,314,32,0,0,314,0,2,"30-34 "
1640656,12,658,28,0,658,0,12,0,"35-39 "
1640663,69,22966,10,0,2553,20413,10,59,"40-44 "
1640717,17,3135,3,1,3135,0,17,0,"30-34 "
1640809,20,2174,11,0,0,2174,0,20,"35-39 "
1640816,38,2465,19,1,0,2465,0,38,"30-34 "
1640878,24,5989,15,1,2682,3307,10,14,"40-44 "
1640892,17,1973,11,2,921,1052,6,11,"50-54 "
1640908,19,3827,12,1,1841,1986,4,15,"25-29 "
1640922,3,289,21,0,289,0,3,0,"35-39 "
1640953,11,885,13,0,885,0,11,0,"35-39 "
1640960,19,2687,6,2,1926,761,13,6,"30-34 "
1641028,52,8694,5,1,0,8694,0,52,"35-39 "
1641097,7,288,29,0,288,0,7,0,"40-44 "
1641158,11,1217,26,0,0,1217,0,11,"35-39 "
1641172,65,14632,10,0,1468,13164,2,63,"30-34 "
1641189,8,2003,25,0,0,2003,0,8,"30-34 "
1641202,29,8215,5,1,216,7999,2,27,"35-39 "
1641240,8,716,25,0,0,716,0,8,"30-34 "
1641424,15,19937,3,2,3168,16769,2,13,"<25 "
1641479,4,1882,10,0,1882,0,4,0,"30-34 "
1641530,7,774,13,0,774,0,7,0,"30-34 "
1641653,44,6779,30,0,610,6169,5,39,"35-39 "
1641738,22,1947,19,0,0,1947,0,22,"35-39 "
1641769,4,1450,19,6,611,839,3,1,"40-44 "
1641912,13,519,9,2,422,97,11,2,"25-29 "
1641974,25,5762,37,0,5762,0,25,0,"25-29 "
1642025,11,2107,5,0,0,2107,0,11,">65 "
1642049,2,470,5,0,0,470,0,2,"30-34 "
1642056,29,9446,5,1,0,9446,0,29,"55-59 "
1642100,14,5443,25,1,0,5443,0,14,"30-34 "
1642155,3,209,26,0,0,209,0,3,"35-39 "
1642209,14,1327,11,1,350,977,8,6,"35-39 "
1642254,5,27539,21,4,25043,2496,4,1,"60-64 "
1642339,8,2853,8,0,2853,0,8,0,"30-34 "
1642391,19,7035,7,1,5633,1402,4,15,"40-44 "
1642407,1,4536,25,0,0,4536,0,1,"40-44 "
1642452,4,250,26,0,0,250,0,4,">65 "
1642544,5,484,3,0,484,0,5,0,"30-34 "
1642599,17,21062,25,0,17164,3898,4,13,"30-34 "
1642629,25,1969,32,0,251,1718,3,22,"50-54 "
1642674,21,2567,19,1,2007,560,17,4,"25-29 "
1642698,29,3774,19,1,1304,2470,10,19,">65 "
1642704,6,876,7,4,707,169,5,1,"60-64 "
1642711,48,4060,5,1,2343,1717,38,10,"35-39 "
1642773,2,284,26,0,0,284,0,2,"35-39 "
1642780,11,3000,11,0,0,3000,0,11,"35-39 "
1642803,5,541,19,0,0,541,0,5,"35-39 "
1642810,27,9182,9,0,9182,0,27,0,"40-44 "
1642827,30,2698,23,1,1053,1645,19,11,"40-44 "
1642841,7,3950,32,1,0,3950,0,7,"25-29 "
1642858,1,60,32,0,0,60,0,1,"30-34 "
1642889,3,366,14,0,366,0,3,0,">65 "
1642902,16,4960,15,0,4960,0,16,0,"<25 "
1642971,10,1416,12,0,0,1416,0,10,"<25 "
1643046,77,21615,2,1,17925,3690,59,18,"35-39 "
1643053,20,2192,18,1,940,1252,10,10,"35-39 "
1643107,3,1076,21,0,1076,0,3,0,"25-29 "
1643121,5,703,9,5,307,396,4,1,"<25 "
1643220,16,4025,15,1,4025,0,16,0,"30-34 "
1643237,5,550,42,0,550,0,5,0,"40-44 "
1643282,13,1528,14,0,1528,0,13,0,"25-29 "
1643343,16,2612,25,0,0,2612,0,16,"50-54 "
1643381,8,2126,24,0,2126,0,8,0,"35-39 "
1643411,5,8276,33,0,0,8276,0,5,"30-34 "
1643466,2,113,24,0,113,0,2,0,"55-59 "
1643473,16,1826,18,1,0,1826,0,16,"30-34 "
1643534,19,9629,40,0,0,9629,0,19,"30-34 "
1643558,13,5962,29,0,5962,0,13,0,"35-39 "
1643695,43,9107,4,1,2571,6536,7,36,"40-44 "
1643732,1,60,35,0,60,0,1,0,"25-29 "
1643749,24,4740,2,1,4740,0,24,0,"<25 "
1643794,20,19493,34,0,19493,0,20,0,"35-39 "
1643824,12,2531,8,3,1230,1301,7,5,"35-39 "
1643947,24,4421,19,1,0,4421,0,24,"30-34 "
1643954,25,1614,32,0,0,1614,0,25,"25-29 "
1643978,22,2075,4,2,770,1305,8,14,"30-34 "
1644081,22,6010,12,1,1487,4523,10,12,"45-49 "
1644104,4,425,18,0,0,425,0,4,"30-34 "
1644111,26,6120,18,0,482,5638,7,19,"30-34 "
1644135,5,316,14,0,316,0,5,0,"60-64 "
1644197,2,92,40,0,0,92,0,2,"35-39 "
1644227,55,15246,2,1,5458,9788,25,30,"<25 "
1644258,14,4964,7,0,4964,0,14,0,"30-34 "
1644326,5,7839,36,0,7839,0,5,0,"<25 "
1644333,25,9026,3,1,1290,7736,10,15,"<25 "
1644340,4,180,19,0,0,180,0,4,"30-34 "
1644371,9,1440,13,0,1440,0,9,0,"30-34 "
1644432,14,1019,2,1,1019,0,14,0,"40-44 "
1644593,2,270,41,0,270,0,2,0,"40-44 "
1644616,6,1526,33,0,0,1526,0,6,"60-64 "
1644685,24,2723,5,1,0,2723,0,24,"35-39 "
1644715,12,5871,5,0,0,5871,0,12,"50-54 "
1644739,42,4092,40,0,0,4092,0,42,"40-44 "
1644753,10,8364,15,1,8364,0,10,0,"50-54 "
1644869,6,1712,5,0,0,1712,0,6,"40-44 "
1644883,21,17260,5,0,0,17260,0,21,"40-44 "
1644913,15,3031,12,0,0,3031,0,15,"40-44 "
1645088,22,6500,31,0,617,5883,6,16,"40-44 "
1645149,3,185,19,0,0,185,0,3,"35-39 "
1645163,13,1956,30,0,1956,0,13,0,"55-59 "
1645170,35,3974,17,0,3974,0,35,0,"30-34 "
1645194,74,187770,3,0,187582,188,70,4,"30-34 "
1645200,21,2365,12,0,2066,299,20,1,"30-34 "
1645231,5,1147,3,0,1147,0,5,0,"35-39 "
1645262,57,17166,14,0,12579,4587,32,25,"45-49 "
1645323,30,2298,33,0,0,2298,0,30,"35-39 "
1645446,11,1836,9,2,1836,0,11,0,"30-34 "
1645552,1,129,36,0,129,0,1,0,">65 "
1645675,24,2349,8,1,2173,176,22,2,"45-49 "
1645712,2,138,32,0,0,138,0,2,"30-34 "
1645774,20,2633,33,0,0,2633,0,20,"25-29 "
1645781,6,1020,10,0,1020,0,6,0,"35-39 "
1645835,27,2675,11,1,640,2035,5,22,"30-34 "
1645866,4,1776,28,0,1776,0,4,0,"25-29 "
1645873,3,430,29,2,430,0,3,0,"35-39 "
1646108,3,858,21,0,858,0,3,0,"25-29 "
1646283,17,6677,31,0,6677,0,17,0,"35-39 "
1646313,6,1451,5,6,1415,36,5,1,"35-39 "
1646351,5,409,36,0,409,0,5,0,"35-39 "
1646368,20,1377,10,0,1377,0,20,0,"<25 "
1646375,10,1911,2,1,727,1184,3,7,"30-34 "
1646528,7,2735,35,0,2735,0,7,0,"25-29 "
1646535,12,1440,2,2,1440,0,12,0,"30-34 "
1646573,28,1611,8,1,1611,0,28,0,"50-54 "
1646603,9,802,42,0,802,0,9,0,"35-39 "
1646825,14,2090,25,0,0,2090,0,14,"30-34 "
1646948,3,1759,33,2,0,1759,0,3,"45-49 "
1646979,39,4801,4,0,0,4801,0,39,"40-44 "
1647037,2,212,32,0,0,212,0,2,"35-39 "
1647303,17,2869,21,1,1410,1459,8,9,"<25 "
1647310,5,8262,20,2,3666,4596,2,3,"25-29 "
1647358,3,1189,37,0,1189,0,3,0,"45-49 "
1647365,2,335,19,0,0,335,0,2,"30-34 "
1647396,16,6938,5,0,0,6938,0,16,"25-29 "
1647457,236,54377,2,0,51379,2998,207,29,"25-29 "
1647594,80,5777,2,0,1449,4328,23,57,"35-39 "
1647709,2,668,40,0,0,668,0,2,"25-29 "
1647716,17,1393,39,0,0,1393,0,17,"40-44 "
1647822,17,1634,31,0,1634,0,17,0,"<25 "
1647846,10,932,18,0,493,439,7,3,"35-39 "
1647860,32,3080,11,1,1396,1684,19,13,"25-29 "
1647907,8,966,2,1,425,541,3,5,"30-34 "
1647983,17,1665,5,2,1138,527,10,7,"30-34 "
1648065,15,11646,31,0,11646,0,15,0,"25-29 "
1648102,13,1227,4,1,675,552,5,8,"35-39 "
1648140,4,1042,17,2,828,214,1,3,"30-34 "
1648157,2,1017,25,0,0,1017,0,2,"35-39 "
1648171,3,216,6,0,216,0,3,0,"50-54 "
1648201,2,723,19,0,0,723,0,2,"35-39 "
1648324,19,18854,7,2,18854,0,19,0,"40-44 "
1648416,11,2036,32,0,0,2036,0,11,"35-39 "
1648515,2,2630,28,0,2630,0,2,0,"25-29 "
1648652,19,8182,25,0,0,8182,0,19,"30-34 "
1648744,22,5458,9,1,4958,500,19,3,"30-34 "
1648843,3,599,11,0,0,599,0,3,"30-34 "
1648850,23,6382,22,0,6382,0,23,0,"35-39 "
1648898,1,944,6,0,944,0,1,0,"40-44 "
1649079,17,2366,11,1,1823,543,11,6,"30-34 "
1649093,21,4746,10,1,4444,302,17,4,"40-44 "
1649215,19,1800,2,2,1429,371,15,4,"<25 "
1649239,23,1659,10,1,1659,0,23,0,"45-49 "
1649277,36,4379,8,1,2798,1581,15,21,"40-44 "
1649338,1,1392,12,0,0,1392,0,1,"30-34 "
1649369,10,665,8,0,665,0,10,0,"35-39 "
1649475,12,1582,25,0,0,1582,0,12,"35-39 "
1649512,7,500,13,0,500,0,7,0,"<25 "
1649574,26,4252,39,0,3634,618,19,7,"45-49 "
1649666,26,3953,6,1,3953,0,26,0,"35-39 "
1649673,22,3381,12,0,3296,85,19,3,"35-39 "
1649727,161,38002,2,0,29749,8253,104,57,"55-59 "
1649734,7,2071,37,1,2071,0,7,0,"<25 "
1649949,10,2190,37,0,2190,0,10,0,"30-34 "
1650013,19,1102,14,0,1102,0,19,0,"<25 "
1650020,5,449,2,0,449,0,5,0,"<25 "
1650037,23,10295,5,2,8761,1534,17,6,"25-29 "
1650044,25,1506,10,1,1506,0,25,0,"50-54 "
1650068,17,3000,19,0,0,3000,0,17,"35-39 "
1650075,6,559,30,0,559,0,6,0,"30-34 "
1650082,33,2537,3,1,1046,1491,9,24,"35-39 "
1650105,6,2250,19,0,0,2250,0,6,"30-34 "
1650235,17,1396,15,0,1396,0,17,0,"40-44 "
1650273,47,6523,10,1,3586,2937,18,29,"35-39 "
1650372,10,1520,16,1,1520,0,10,0,"25-29 "
1650402,6,912,18,0,0,912,0,6,"40-44 "
1650464,38,4843,4,1,1442,3401,8,30,"30-34 "
1650471,25,5344,33,0,0,5344,0,25,"35-39 "
1650501,24,2474,2,1,2474,0,24,0,"45-49 "
1650525,27,3157,7,1,3157,0,27,0,"50-54 "
1650594,7,850,14,2,625,225,2,5,"30-34 "
1650624,20,3284,13,1,3284,0,20,0,"45-49 "
1650709,11,3639,22,0,3639,0,11,0,"60-64 "
1650747,5,646,24,0,646,0,5,0,"30-34 "
1650792,14,2944,32,0,0,2944,0,14,"40-44 "
1650853,17,1997,18,0,0,1997,0,17,"40-44 "
1650860,31,3267,4,1,0,3267,0,31,"35-39 "
1650891,10,11138,3,2,11138,0,10,0,"<25 "
1650914,48,16986,5,1,4125,12861,3,45,"35-39 "
1651188,12,1984,6,0,1984,0,12,0,"50-54 "
1651195,20,959,21,0,959,0,20,0,"30-34 "
1651201,4,321,14,0,321,0,4,0,"40-44 "
1651232,15,2017,9,1,1656,361,11,4,"30-34 "
1651294,22,18159,8,2,18159,0,22,0,"30-34 "
1651300,35,15739,17,1,15739,0,35,0,"<25 "
1651331,26,5637,28,0,5637,0,26,0,"50-54 "
1651348,7,503,8,0,503,0,7,0,"40-44 "
1651423,1,396,21,0,396,0,1,0,"35-39 "
1651492,7,499,25,0,0,499,0,7,"25-29 "
1651546,3,865,6,0,865,0,3,0,"35-39 "
1651584,17,3425,25,0,0,3425,0,17,"35-39 "
1651591,38,9291,10,1,7415,1876,29,9,"50-54 "
1651706,12,1528,19,0,0,1528,0,12,"40-44 "
1651720,21,3703,4,0,0,3703,0,21,">65 "
1651744,8,2111,9,0,2111,0,8,0,"35-39 "
1651812,12,2977,18,1,1293,1684,4,8,"30-34 "
1651874,18,3246,7,2,3246,0,18,0,"30-34 "
1651898,8,2095,4,3,0,2095,0,8,"30-34 "
1651942,3,6251,15,0,6251,0,3,0,"35-39 "
1652109,9,1195,16,1,1195,0,9,0,"45-49 "
1652123,62,7961,13,0,7961,0,62,0,"35-39 "
1652147,8,548,11,0,0,548,0,8,"35-39 "
1652260,20,1305,10,1,1305,0,20,0,"40-44 "
1652284,28,3125,11,1,1374,1751,6,22,"40-44 "
1652406,4,287,18,3,101,186,2,2,"45-49 "
1652420,14,5327,18,2,737,4590,5,9,"25-29 "
1652444,3,126,21,0,126,0,3,0,"<25 "
1652451,17,1205,2,2,401,804,4,13,"25-29 "
1652468,5,481,2,0,481,0,5,0,"30-34 "
1652536,19,2463,18,1,885,1578,6,13,"30-34 "
1652581,6,250,27,1,250,0,6,0,"30-34 "
1652642,5,3477,17,4,3477,0,5,0,"30-34 "
1652710,29,2103,2,0,2103,0,29,0,"40-44 "
1652796,21,3390,23,1,3390,0,21,0,"35-39 "
1652819,35,2712,18,1,2359,353,32,3,"30-34 "
1652826,1,99,12,0,0,99,0,1,"30-34 "
1652970,18,2929,16,1,2929,0,18,0,"35-39 "
1653045,18,2362,8,2,1001,1361,9,9,"60-64 "
1653212,21,4340,20,1,4340,0,21,0,"30-34 "
1653328,7,5164,34,0,5164,0,7,0,"35-39 "
1653366,3,103,31,0,103,0,3,0,"30-34 "
1653427,20,2771,11,0,0,2771,0,20,"35-39 "
1653946,50,8976,4,1,3863,5113,22,28,"40-44 "
1653953,15,1344,23,1,1344,0,15,0,"35-39 "
1654011,3,442,21,0,442,0,3,0,"25-29 "
1654066,14,14445,13,1,14445,0,14,0,"35-39 "
1654097,9,2123,5,0,0,2123,0,9,"40-44 "
1654103,4,685,11,2,0,685,0,4,"25-29 "
1654172,33,3021,16,0,340,2681,4,29,"40-44 "
1654189,26,2182,19,1,1247,935,21,5,"30-34 "
1654202,53,19012,8,0,19012,0,53,0,"25-29 "
1654264,18,2843,19,0,0,2843,0,18,"30-34 "
1654400,13,709,2,2,250,459,6,7,"50-54 "
1654424,44,10790,32,0,0,10790,0,44,"30-34 "
1654479,23,5496,2,1,5496,0,23,0,"35-39 "
1654509,42,5446,12,1,3896,1550,29,13,"30-34 "
1654585,16,6615,12,1,309,6306,2,14,"35-39 "
1654738,9,888,11,2,0,888,0,9,"60-64 "
1654745,22,3140,2,0,1634,1506,11,11,"40-44 "
1654905,2,116,15,0,116,0,2,0,"<25 "
1654929,6,1055,4,0,0,1055,0,6,"35-39 "
1654943,43,19765,25,0,0,19765,0,43,"45-49 "
1654950,4,614,18,1,89,525,1,3,"35-39 "
1654974,26,4502,4,1,0,4502,0,26,"45-49 "
1655056,5,1418,28,0,1418,0,5,0,"25-29 "
1655117,10,3460,24,0,3460,0,10,0,"35-39 "
1655162,18,3582,8,2,1494,2088,2,16,"55-59 "
1655209,5,616,18,0,0,616,0,5,"35-39 "
1655216,11,2302,13,0,2302,0,11,0,"35-39 "
1655261,38,4678,14,1,2450,2228,19,19,"45-49 "
1655407,14,2256,10,2,1699,557,7,7,"35-39 "
1655490,1,60,33,0,0,60,0,1,"40-44 "
1655575,31,13949,3,0,13949,0,31,0,"40-44 "
1655612,3,1534,17,0,1534,0,3,0,"30-34 "
1655650,9,5338,14,0,5338,0,9,0,"35-39 "
1655667,36,7775,2,1,236,7539,1,35,"45-49 "
1655728,34,10247,11,1,0,10247,0,34,"40-44 "
1655766,8,1603,12,0,0,1603,0,8,"30-34 "
1655995,18,1031,6,1,1031,0,18,0,"40-44 "
1656022,51,4121,2,1,3832,289,48,3,"40-44 "
1656077,1,552,22,0,552,0,1,0,"30-34 "
1656114,27,3936,10,1,2384,1552,21,6,"35-39 "
1656145,23,2481,20,0,2481,0,23,0,"30-34 "
1656176,5,2946,2,6,2640,306,1,4,"25-29 "
1656237,6,845,10,0,845,0,6,0,"<25 "
1656343,1,166,4,0,0,166,0,1,"30-34 "
1656381,2,355,21,0,355,0,2,0,"<25 "
1656435,23,18146,42,0,18146,0,23,0,"45-49 "
1656442,14,1417,11,0,0,1417,0,14,"45-49 "
1656510,17,838,19,0,0,838,0,17,"35-39 "
1656527,3,436,6,0,436,0,3,0,"60-64 "
1656558,8,2479,12,0,0,2479,0,8,"45-49 "
1656664,28,2527,2,1,1055,1472,21,7,"45-49 "
1656855,2,250,35,0,250,0,2,0,"50-54 "
1656879,2,484,26,0,0,484,0,2,"30-34 "
1656893,9,600,42,0,600,0,9,0,">65 "
1656916,4,393,42,0,393,0,4,0,"35-39 "
1656978,16,2042,12,0,0,2042,0,16,"50-54 "
1656985,3,566,35,0,566,0,3,0,"35-39 "
1657081,7,636,39,0,0,636,0,7,"25-29 "
1657098,31,2363,25,1,997,1366,12,19,"30-34 "
1657166,20,3311,8,0,3311,0,20,0,"40-44 "
1657197,3,276,14,6,190,86,2,1,"40-44 "
1657272,59,9624,18,0,0,9624,0,59,"30-34 "
1657340,6,3919,5,0,0,3919,0,6,"25-29 "
1657401,18,1208,4,0,0,1208,0,18,"60-64 "
1657487,14,9186,5,0,0,9186,0,14,"40-44 "
1657579,29,2736,4,1,1801,935,18,11,">65 "
1657654,2,539,38,0,539,0,2,0,"45-49 "
1657814,26,2665,6,1,2665,0,26,0,"25-29 "
1657852,1,106,40,0,0,106,0,1,"45-49 "
1657876,2,6599,9,0,6599,0,2,0,"25-29 "
1657951,86,7553,4,0,3782,3771,42,44,"40-44 "
1657982,205,9963,3,0,5749,4214,121,84,"35-39 "
1658019,10,32518,38,0,32518,0,10,0,"40-44 "
1658033,21,2724,33,0,0,2724,0,21,"35-39 "
1658064,32,7912,13,1,7912,0,32,0,"30-34 "
1658095,9,1936,38,0,1936,0,9,0,"25-29 "
1658118,10,2413,26,0,0,2413,0,10,"30-34 "
1658125,7,509,38,0,509,0,7,0,"35-39 "
1658224,31,2810,3,1,2810,0,31,0,"40-44 "
1658255,14,3106,6,0,3106,0,14,0,"35-39 "
1658262,20,2621,12,1,0,2621,0,20,"35-39 "
1658286,5,3364,8,2,3364,0,5,0,"30-34 "
1658323,10,2798,16,2,2798,0,10,0,"35-39 "
1658330,22,7932,18,0,0,7932,0,22,"35-39 "
1658378,2,98,8,0,98,0,2,0,"30-34 "
1658385,13,4558,41,0,4558,0,13,0,"35-39 "
1658460,42,11386,16,0,458,10928,3,39,"30-34 "
1658545,15,4319,19,0,0,4319,0,15,"40-44 "
1658613,9,3695,39,0,0,3695,0,9,"35-39 "
1658644,19,2125,41,0,2125,0,19,0,"30-34 "
1658682,44,7078,19,0,4078,3000,25,19,"45-49 "
1658705,8,797,4,4,60,737,1,7,"55-59 "
1658743,13,4560,31,0,4560,0,13,0,"<25 "
1658774,12,2650,14,0,2650,0,12,0,"35-39 "
1658781,41,3764,4,1,784,2980,17,24,"30-34 "
1658811,28,3411,4,0,0,3411,0,28,"35-39 "
1658842,5,755,23,0,755,0,5,0,"30-34 "
1658897,29,4595,4,0,0,4595,0,29,"40-44 "
1658934,3,703,19,0,0,703,0,3,"35-39 "
1659047,13,1530,7,0,1530,0,13,0,"30-34 "
1659054,25,3266,32,0,1971,1295,12,13,"30-34 "
1659146,8,4255,31,0,4255,0,8,0,"35-39 "
1659252,33,15466,5,1,9170,6296,13,20,"40-44 "
1659269,42,4161,5,1,1003,3158,6,36,"35-39 "
1659337,19,5146,14,1,5146,0,19,0,"25-29 "
1659399,10,7450,19,1,0,7450,0,10,"40-44 "
1659405,2,96,15,10,96,0,2,0,"<25 "
1659474,5,983,22,0,983,0,5,0,"35-39 "
1659559,23,5380,32,0,0,5380,0,23,"35-39 "
1659726,82,13919,2,0,11819,2100,72,10,"25-29 "
1659740,40,2699,10,1,1515,1184,25,15,"60-64 "
1659757,3,224,5,0,0,224,0,3,"30-34 "
1659764,4,566,19,0,0,566,0,4,"30-34 "
1659863,1,248,30,0,248,0,1,0,"25-29 "
1659870,8,32191,15,2,32170,21,7,1,"35-39 "
1659900,42,16234,4,1,0,16234,0,42,"25-29 "
1659924,14,1399,25,0,0,1399,0,14,"55-59 "
1659948,4,438,10,0,438,0,4,0,"45-49 "
1660029,20,2428,16,0,2428,0,20,0,"25-29 "
1660036,10,1561,32,0,0,1561,0,10,"30-34 "
1660043,16,1451,14,2,1451,0,16,0,"40-44 "
1660081,37,6520,15,0,6520,0,37,0,"25-29 "
1660142,15,1663,24,0,1663,0,15,0,"25-29 "
1660203,28,2174,21,0,2174,0,28,0,"35-39 "
1660210,13,3442,21,0,3442,0,13,0,"30-34 "
1660272,17,1904,14,0,1904,0,17,0,"40-44 "
1660289,14,17929,26,0,0,17929,0,14,"35-39 "
1660319,10,4574,4,0,0,4574,0,10,"40-44 "
1660326,4,285,35,0,285,0,4,0,"25-29 "
1660371,9,696,14,1,696,0,9,0,"<25 "
1660401,10,579,29,0,579,0,10,0,"40-44 "
1660418,17,3305,10,2,3305,0,17,0,"45-49 "
1660463,4,1371,19,0,0,1371,0,4,">65 "
1660500,22,1203,2,0,389,814,9,13,"35-39 "
1660517,10,364,32,0,0,364,0,10,"30-34 "
1660548,9,2490,16,2,2490,0,9,0,"40-44 "
1660562,167,32187,4,0,20872,11315,87,80,"40-44 "
1660593,17,2826,5,1,715,2111,5,12,"40-44 "
1660654,7,6415,2,2,6415,0,7,0,"35-39 "
1660678,17,2368,2,2,1194,1174,10,7,"40-44 "
1660739,7,899,16,0,899,0,7,0,"40-44 "
1660746,12,781,19,0,0,781,0,12,"35-39 "
1660852,1,36,15,0,36,0,1,0,"30-34 "
1660869,21,6061,10,1,5272,789,13,8,"30-34 "
1660920,3,836,15,8,836,0,3,0,"<25 "
1660937,14,2979,41,0,2979,0,14,0,"25-29 "
1660944,5,438,4,0,0,438,0,5,"<25 "
1660982,9,1134,4,4,900,234,7,2,"25-29 "
1661040,37,5372,21,1,5372,0,37,0,"35-39 "
1661118,38,3900,24,0,1981,1919,12,26,"45-49 "
1661224,2,450,31,0,450,0,2,0,"<25 "
1661248,14,1347,18,0,0,1347,0,14,"50-54 "
1661316,11,3030,21,0,3030,0,11,0,"30-34 "
1661347,15,1914,5,1,0,1914,0,15,"30-34 "
1661354,5,864,26,0,0,864,0,5,"35-39 "
1661422,3,21595,42,0,21595,0,3,0,"25-29 "
1661446,2,223,17,0,223,0,2,0,"45-49 "
1661453,2,4726,28,0,4726,0,2,0,"35-39 "
1661545,21,11700,27,1,1571,10129,9,12,"35-39 "
1661569,9,712,10,0,712,0,9,0,"35-39 "
1661583,19,909,8,1,909,0,19,0,"45-49 "
1661606,9,568,4,0,0,568,0,9,"25-29 "
1661620,4,579,13,0,579,0,4,0,"25-29 "
1661644,62,16615,2,0,16615,0,62,0,"25-29 "
1661699,8,725,13,0,725,0,8,0,"45-49 "
1661729,19,16736,8,2,16736,0,19,0,"30-34 "
1661736,14,843,3,0,843,0,14,0,"25-29 "
1661743,2,119,39,0,0,119,0,2,"30-34 "
1661774,9,2963,37,0,2963,0,9,0,"35-39 "
1661781,18,6544,21,0,6544,0,18,0,"50-54 "
1661798,8,2808,2,0,2808,0,8,0,"40-44 "
1661859,27,1928,8,1,1928,0,27,0,"30-34 "
1661958,3,140,18,0,0,140,0,3,"30-34 "
1661996,8,1275,3,0,1275,0,8,0,"<25 "
1662122,30,8358,7,1,6573,1785,20,10,"35-39 "
1662313,1,43,16,0,43,0,1,0,"<25 "
1662337,47,36838,14,1,18795,18043,40,7,"35-39 "
1662344,3,2052,4,0,0,2052,0,3,"25-29 "
1662375,1,3008,21,0,3008,0,1,0,"35-39 "
1662399,12,6608,13,0,6608,0,12,0,"30-34 "
1662443,15,4119,31,0,4119,0,15,0,"35-39 "
1662498,17,1279,19,1,0,1279,0,17,"25-29 "
1662504,18,1799,30,0,1799,0,18,0,"35-39 "
1662511,4,339,4,0,0,339,0,4,"35-39 "
1662542,30,20099,11,1,9788,10311,25,5,"30-34 "
1662665,2,2376,8,0,2376,0,2,0,"25-29 "
1662757,15,1534,25,0,0,1534,0,15,"40-44 "
1662764,14,1413,25,1,245,1168,4,10,"<25 "
1662771,5,3042,33,2,1674,1368,4,1,"25-29 "
1662825,5,382,32,0,0,382,0,5,"25-29 "
1662863,7,737,18,3,280,457,4,3,"60-64 "
1662870,37,5272,5,1,4946,326,28,9,"30-34 "
1663044,7,883,2,0,883,0,7,0,"40-44 "
1663068,33,4132,11,1,0,4132,0,33,"30-34 "
1663204,73,13131,5,0,0,13131,0,73,"25-29 "
1663266,14,1681,3,2,910,771,6,8,"<25 "
1663358,3,700,28,0,700,0,3,0,"35-39 "
1663419,6,2056,40,0,0,2056,0,6,"35-39 "
1663549,17,4506,31,0,4506,0,17,0,"40-44 "
1663648,20,2141,3,1,1572,569,14,6,"40-44 "
1663655,54,7601,18,0,4888,2713,37,17,">65 "
1663730,13,1584,9,0,1584,0,13,0,"35-39 "
1663815,9,1462,3,0,1462,0,9,0,"55-59 "
1663839,11,2949,17,1,2949,0,11,0,"40-44 "
1663853,28,7179,7,1,7179,0,28,0,"40-44 "
1663907,10,6541,6,0,6541,0,10,0,"25-29 "
1664010,2,204,25,0,0,204,0,2,"35-39 "
1664058,3,247,42,0,247,0,3,0,"40-44 "
1664140,22,1197,4,2,849,348,15,7,"30-34 "
1664218,25,2167,22,1,277,1890,6,19,"35-39 "
1664287,52,7980,15,0,7980,0,52,0,"35-39 "
1664317,5,695,4,0,0,695,0,5,"30-34 "
1664379,17,2343,16,2,2343,0,17,0,"35-39 "
1664560,2,96,21,6,36,60,1,1,"35-39 "
1664638,6,3188,40,0,0,3188,0,6,"25-29 "
1664935,3,1197,18,0,0,1197,0,3,"30-34 "
1664997,15,8417,9,2,8417,0,15,0,"30-34 "
1665000,14,1240,33,0,0,1240,0,14,"35-39 "
1665031,21,4606,16,0,4606,0,21,0,"50-54 "
1665239,2,193,2,0,193,0,2,0,"35-39 "
1665307,53,5420,12,0,2095,3325,17,36,"40-44 "
1665314,4,1071,36,0,1071,0,4,0,"35-39 "
1665352,11,5213,4,1,0,5213,0,11,"30-34 "
1665369,2,932,36,0,932,0,2,0,"55-59 "
1665383,2,257,27,0,257,0,2,0,"35-39 "
1665420,14,8527,11,1,1535,6992,11,3,"40-44 "
1665475,12,4923,14,0,4923,0,12,0,"45-49 "
1665499,5,3617,31,0,3617,0,5,0,"30-34 "
1665543,25,4571,3,2,4571,0,25,0,"30-34 "
1665550,72,7832,3,0,1510,6322,17,55,"35-39 "
1665598,11,1329,3,0,1329,0,11,0,"30-34 "
1665611,2,2022,29,0,2022,0,2,0,"30-34 "
1665628,2,704,32,0,0,704,0,2,"35-39 "
1665697,10,1092,24,1,1092,0,10,0,"30-34 "
1665710,10,441,4,0,0,441,0,10,"50-54 "
1665727,3,642,37,0,642,0,3,0,">65 "
1665840,4,858,22,2,798,60,3,1,"45-49 "
1665918,5,561,4,0,0,561,0,5,">65 "
1665970,3,311,40,0,0,311,0,3,"35-39 "
1666007,21,1720,28,0,777,943,11,10,"30-34 "
1666052,70,6459,4,1,5746,713,59,11,"35-39 "
1666199,5,728,19,0,0,728,0,5,"40-44 "
1666403,8,1828,11,0,0,1828,0,8,"35-39 "
1666410,23,4022,2,2,781,3241,6,17,"60-64 "
1666441,34,3296,4,1,2141,1155,22,12,"35-39 "
1666465,3,1651,40,0,0,1651,0,3,"35-39 "
1666588,11,1529,11,0,0,1529,0,11,"<25 "
1666595,3,510,17,2,510,0,3,0,"30-34 "
1666656,11,847,3,3,847,0,11,0,"60-64 "
1666687,3,435,3,0,435,0,3,0,"25-29 "
1666724,12,1531,33,0,0,1531,0,12,"30-34 "
1666793,19,2914,32,0,263,2651,3,16,"55-59 "
1666816,7,1266,16,0,749,517,2,5,"25-29 "
1666830,28,3711,9,1,757,2954,6,22,"25-29 "
1666847,12,1249,37,0,511,738,2,10,"30-34 "
1666878,3,456,2,0,456,0,3,0,"30-34 "
1666908,49,36426,5,0,31857,4569,15,34,"25-29 "
1667066,3,1360,18,0,0,1360,0,3,"40-44 "
1667103,11,1551,5,3,834,717,8,3,"30-34 "
1667332,17,3236,16,0,3236,0,17,0,"35-39 "
1667417,9,497,2,3,497,0,9,0,"35-39 "
1667462,9,6873,13,0,6873,0,9,0,"35-39 "
1667479,12,2773,19,2,2694,79,11,1,"45-49 "
1667547,20,1744,12,1,518,1226,5,15,"30-34 "
1667677,12,1459,7,2,1459,0,12,0,"30-34 "
1667684,10,13375,12,1,0,13375,0,10,"<25 "
1667790,2,96,18,8,0,96,0,2,"55-59 "
1667837,17,1711,19,0,773,938,14,3,"35-39 "
1667844,26,2728,23,1,2728,0,26,0,"30-34 "
1667943,4,636,31,0,576,60,3,1,"45-49 "
1667998,3,90,10,0,90,0,3,0,"45-49 "
1668056,2,336,33,2,276,60,1,1,"30-34 "
1668117,4,1673,21,0,1673,0,4,0,"40-44 "
1668209,32,8485,16,0,8485,0,32,0,"35-39 "
1668223,9,425,18,2,0,425,0,9,"25-29 "
1668278,11,1169,3,3,527,642,4,7,"45-49 "
1668452,6,505,4,0,0,505,0,6,"35-39 "
1668490,16,2998,14,0,2998,0,16,0,"40-44 "
1668711,1,36,31,0,36,0,1,0,"45-49 "
1668797,16,1210,36,0,110,1100,2,14,"45-49 "
1668803,19,1609,3,1,1609,0,19,0,"40-44 "
1668810,11,3445,18,2,1959,1486,9,2,"30-34 "
1668827,20,13209,14,1,13209,0,20,0,"30-34 "
1668841,32,3766,2,1,3766,0,32,0,"35-39 "
1668940,14,1325,5,2,0,1325,0,14,"35-39 "
1668964,8,3985,6,0,3985,0,8,0,"25-29 "
1669008,6,2272,15,0,2272,0,6,0,"30-34 "
1669060,3,181,29,0,181,0,3,0,"50-54 "
1669091,2,367,33,0,0,367,0,2,"40-44 "
1669121,18,9353,4,0,0,9353,0,18,"30-34 "
1669138,6,501,34,0,501,0,6,0,"30-34 "
1669244,32,4126,5,0,0,4126,0,32,"30-34 "
1669282,22,2417,7,1,2417,0,22,0,"45-49 "
1669312,4,1930,10,0,1930,0,4,0,"30-34 "
1669336,17,6908,18,1,0,6908,0,17,"30-34 "
1669381,4,91,11,0,0,91,0,4,"55-59 "
1669428,9,1706,24,0,1706,0,9,0,"40-44 "
1669480,21,4106,4,2,2976,1130,12,9,"40-44 "
1669497,5,4340,19,0,0,4340,0,5,"35-39 "
1669503,4,1099,28,0,1099,0,4,0,"50-54 "
1669572,16,2035,4,1,973,1062,6,10,"30-34 "
1669589,55,10574,14,1,8513,2061,39,16,"25-29 "
1669695,17,5645,20,1,5645,0,17,0,"30-34 "
1669879,26,3316,4,1,2054,1262,7,19,"50-54 "
1669893,37,2787,3,1,2225,562,27,10,"35-39 "
1669923,25,3563,6,0,3563,0,25,0,"30-34 "
1669930,8,721,3,2,260,461,3,5,"40-44 "
1669978,21,3128,25,0,0,3128,0,21,"35-39 "
1669985,16,2848,16,2,2848,0,16,0,"30-34 "
1669992,29,10224,2,1,1417,8807,5,24,"<25 "
1670066,3,1580,5,4,785,795,1,2,"50-54 "
1670097,17,2824,23,1,1203,1621,3,14,"30-34 "
1670127,31,1778,7,1,528,1250,13,18,"35-39 "
1670233,9,2608,6,0,2608,0,9,0,"45-49 "
1670257,2,1747,40,0,0,1747,0,2,"35-39 "
1670424,24,5799,7,1,5799,0,24,0,"45-49 "
1670486,5,2793,5,0,0,2793,0,5,"40-44 "
1670547,6,833,20,0,833,0,6,0,"30-34 "
1670578,10,588,5,3,0,588,0,10,"45-49 "
1670653,21,5285,18,1,0,5285,0,21,"30-34 "
1670684,17,2079,33,0,0,2079,0,17,"40-44 "
1670899,32,2733,6,1,1801,932,22,10,"45-49 "
1670967,4,352,41,0,352,0,4,0,"60-64 "
1670981,25,4082,4,2,3104,978,14,11,"40-44 "
1671063,29,3284,3,1,2423,861,19,10,"25-29 "
1671087,24,6887,33,0,0,6887,0,24,"30-34 "
1671094,29,12185,7,0,12185,0,29,0,"25-29 "
1671186,34,3126,22,1,1784,1342,21,13,"40-44 "
1671247,3,560,26,0,0,560,0,3,"35-39 "
1671261,8,3893,14,0,3893,0,8,0,"30-34 "
1671285,7,1298,27,1,1298,0,7,0,"30-34 "
1671315,2,311,29,0,311,0,2,0,"40-44 "
1671391,15,7717,8,0,7717,0,15,0,"50-54 "
1671421,17,1613,39,0,0,1613,0,17,"45-49 "
1671438,9,3322,38,0,3322,0,9,0,"30-34 "
1671452,4,3194,16,0,3194,0,4,0,"35-39 "
1671513,3,3007,30,0,3007,0,3,0,"35-39 "
1671544,42,7659,26,0,0,7659,0,42,"30-34 "
1671636,19,2938,31,1,2938,0,19,0,">65 "
1671650,41,7760,3,1,7760,0,41,0,"30-34 "
1671728,1,78,25,0,0,78,0,1,"<25 "
1671735,54,10776,4,1,0,10776,0,54,"50-54 "
1671810,7,1440,5,0,0,1440,0,7,"35-39 "
1671896,20,1605,42,0,1605,0,20,0,"30-34 "
1672015,6,334,36,0,334,0,6,0,"30-34 "
1672060,1,324,26,0,0,324,0,1,"30-34 "
1672077,16,3379,20,0,3379,0,16,0,"<25 "
1672190,4,991,40,0,0,991,0,4,"35-39 "
1672220,7,363,3,5,265,98,5,2,"35-39 "
1672275,6,296,21,0,296,0,6,0,"45-49 "
1672282,5,1612,29,0,1612,0,5,0,"30-34 "
1672435,35,17147,4,1,1398,15749,13,22,"25-29 "
1672466,16,1728,12,0,0,1728,0,16,"40-44 "
1672473,5,2496,2,0,2496,0,5,0,"45-49 "
1672558,1,400,11,0,0,400,0,1,"45-49 "
1672596,35,9607,11,1,0,9607,0,35,"35-39 "
1672756,1,369,9,0,369,0,1,0,"45-49 "
1672855,13,5142,14,2,5142,0,13,0,"45-49 "
1672916,20,1213,32,0,0,1213,0,20,"45-49 "
1672954,4,716,11,0,0,716,0,4,"35-39 "
1672978,23,11996,14,1,11996,0,23,0,"35-39 "
1673098,28,2671,19,1,1757,914,16,12,"30-34 "
1673142,15,1675,18,0,0,1675,0,15,"35-39 "
1673203,9,1013,23,0,382,631,3,6,"25-29 "
1673227,4,274,14,0,274,0,4,0,"25-29 "
1673401,1,53,38,0,53,0,1,0,"25-29 "
1673470,1,378,21,0,378,0,1,0,"35-39 "
1673524,9,689,43,0,689,0,9,0,"50-54 "
1673593,18,5068,19,1,4114,954,11,7,"30-34 "
1673654,2,87,23,0,87,0,2,0,"30-34 "
1673678,36,10854,14,1,8745,2109,23,13,"40-44 "
1673739,39,5918,3,1,398,5520,5,34,"30-34 "
1673814,15,3480,13,1,3480,0,15,0,"25-29 "
1673852,34,3112,8,1,1234,1878,18,16,"30-34 "
1673999,2,377,26,0,0,377,0,2,"30-34 "
1674002,16,1985,23,0,870,1115,7,9,"35-39 "
1674101,12,920,11,3,733,187,9,3,"25-29 "
1674200,1,69,28,0,69,0,1,0,"55-59 "
1674316,1,6224,25,0,0,6224,0,1,"40-44 "
1674347,8,1398,17,0,1398,0,8,0,"40-44 "
1674385,16,3171,9,1,926,2245,5,11,"35-39 "
1674392,5,590,22,1,590,0,5,0,">65 "
1674408,38,3426,39,0,0,3426,0,38,"30-34 "
1674446,3,782,3,0,782,0,3,0,"25-29 "
1674453,3,331,2,0,331,0,3,0,"30-34 "
1674514,18,12325,18,0,0,12325,0,18,"35-39 "
1674675,24,3080,4,2,2201,879,16,8,"40-44 "
1674767,6,428,35,1,60,368,1,5,"55-59 "
1674828,5,242,6,0,242,0,5,0,"35-39 "
1674880,14,1588,12,2,775,813,8,6,">65 "
1674910,3,7591,7,8,7591,0,3,0,"45-49 "
1674965,10,5724,10,1,5724,0,10,0,"45-49 "
1674989,40,4499,4,1,3326,1173,37,3,"30-34 "
1674996,2,38,15,0,38,0,2,0,"35-39 "
1675054,7,656,27,0,656,0,7,0,"25-29 "
1675184,27,4165,6,1,1889,2276,12,15,"25-29 "
1675214,2,860,32,0,0,860,0,2,"30-34 "
1675276,6,201,16,4,201,0,6,0,"50-54 "
1675306,12,637,4,1,332,305,6,6,"35-39 "
1675313,7,2325,36,0,2325,0,7,0,"40-44 "
1675412,1,944,17,0,944,0,1,0,"55-59 "
1675429,12,1496,6,1,1496,0,12,0,">65 "
1675498,8,790,3,3,695,95,7,1,"35-39 "
1675528,13,3241,16,2,2264,977,8,5,"40-44 "
1675580,21,2710,2,2,627,2083,3,18,"50-54 "
1675603,14,1972,25,1,299,1673,1,13,"25-29 "
1675696,2,124,33,0,0,124,0,2,"25-29 "
1675702,3,148,33,0,0,148,0,3,"30-34 "
1675832,8,1041,30,0,1041,0,8,0,"30-34 "
1675962,32,4950,13,0,4950,0,32,0,"35-39 "
1675986,35,3167,3,1,2827,340,29,6,"30-34 "
1676044,71,11247,4,0,0,11247,0,71,"35-39 "
1676051,17,1054,8,1,714,340,13,4,"25-29 "
1676075,8,393,30,0,393,0,8,0,">65 "
1676112,2,706,19,0,0,706,0,2,"30-34 "
1676136,4,354,32,0,0,354,0,4,"30-34 "
1676143,10,1441,24,0,1441,0,10,0,"30-34 "
1676297,9,1692,12,0,0,1692,0,9,"30-34 "
1676358,36,4430,4,1,0,4430,0,36,"55-59 "
1676389,7,992,4,0,0,992,0,7,"35-39 "
1676525,7,543,5,4,396,147,5,2,"30-34 "
1676556,6,1833,5,6,0,1833,0,6,"40-44 "
1676648,10,3360,25,0,0,3360,0,10,"45-49 "
1676655,6,949,19,0,0,949,0,6,"35-39 "
1676730,2,96,21,6,36,60,1,1,"30-34 "
1676778,8,859,19,3,450,409,4,4,"30-34 "
1676921,11,1143,4,1,0,1143,0,11,"55-59 "
1676938,11,463,11,1,249,214,9,2,"<25 "
1676945,67,3939,4,1,2159,1780,33,34,"35-39 "
1677034,2,1316,6,0,1316,0,2,0,"40-44 "
1677058,10,5319,11,0,0,5319,0,10,"45-49 "
1677096,6,802,31,0,802,0,6,0,"35-39 "
1677102,1,812,42,0,812,0,1,0,"45-49 "
1677201,24,3189,3,2,2813,376,19,5,"50-54 "
1677249,33,4312,12,1,2613,1699,19,14,"25-29 "
1677317,17,1444,11,1,1152,292,11,6,"45-49 "
1677379,1,125,38,0,125,0,1,0,"25-29 "
1677386,5,2169,13,3,2169,0,5,0,"30-34 "
1677607,1,29,7,0,29,0,1,0,"50-54 "
1677676,31,13154,14,1,11665,1489,21,10,"45-49 "
1677683,33,3288,35,0,60,3228,1,32,"30-34 "
1677874,4,818,36,0,818,0,4,0,"30-34 "
1677935,8,1439,5,4,0,1439,0,8,"30-34 "
1677980,24,25731,4,1,0,25731,0,24,"25-29 "
1678017,46,7554,12,1,3361,4193,23,23,"25-29 "
1678062,54,6346,14,0,6346,0,54,0,">65 "
1678086,21,4638,18,0,0,4638,0,21,"40-44 "
1678130,14,989,42,0,989,0,14,0,"35-39 "
1678147,14,2389,10,2,2126,263,11,3,"30-34 "
1678161,5,2635,9,0,2635,0,5,0,"50-54 "
1678277,23,4814,4,1,3906,908,12,11,"40-44 "
1678284,49,7193,15,1,7193,0,49,0,"35-39 "
1678291,11,1526,29,0,1526,0,11,0,"35-39 "
1678444,7,884,33,0,0,884,0,7,"35-39 "
1678550,54,8076,5,1,6303,1773,29,25,"25-29 "
1678581,29,1631,4,1,0,1631,0,29,"35-39 "
1678697,14,1188,5,2,0,1188,0,14,"30-34 "
1679106,1,60,33,0,0,60,0,1,"30-34 "
1679168,8,415,8,2,415,0,8,0,"45-49 "
1679182,2,124,38,0,124,0,2,0,"45-49 "
1679205,1,162,14,0,162,0,1,0,"35-39 "
1679281,9,1793,6,3,1793,0,9,0,"40-44 "
1679335,11,3716,30,0,3716,0,11,0,"25-29 "
1679342,10,763,16,2,763,0,10,0,"30-34 "
1679403,16,2047,3,0,2047,0,16,0,"35-39 "
1679489,16,2425,10,1,2425,0,16,0,"25-29 "
1679601,2,157,32,0,0,157,0,2,"30-34 "
1679656,3,442,15,0,442,0,3,0,"60-64 "
1679700,21,3918,13,1,3918,0,21,0,"25-29 "
1679854,10,1138,5,0,0,1138,0,10,"30-34 "
1679915,1,60,32,0,0,60,0,1,"50-54 "
1680119,7,6404,9,0,6404,0,7,0,"40-44 "
1680195,9,1059,35,0,1059,0,9,0,"40-44 "
1680232,49,12631,4,1,0,12631,0,49,"40-44 "
1680263,10,4408,19,0,0,4408,0,10,"25-29 "
1680294,9,5144,33,0,0,5144,0,9,"40-44 "
1680317,17,1216,17,0,783,433,7,10,"25-29 "
1680324,11,3485,5,2,2989,496,8,3,"35-39 "
1680355,5,553,25,0,0,553,0,5,"40-44 "
1680362,41,14579,2,1,9308,5271,28,13,"<25 "
1680478,33,4084,25,0,0,4084,0,33,"30-34 "
1680539,52,6925,14,0,6046,879,45,7,"25-29 "
1680652,2,160,41,0,160,0,2,0,"25-29 "
1680683,41,4346,3,1,4285,61,38,3,"50-54 "
1680713,1,138,21,0,138,0,1,0,"35-39 "
1680720,11,1989,22,1,728,1261,6,5,"55-59 "
1680737,56,6552,16,0,2126,4426,23,33,"35-39 "
1680744,11,3541,16,0,3541,0,11,0,"30-34 "
1680768,17,2942,11,1,1066,1876,7,10,"25-29 "
1680782,12,934,32,0,0,934,0,12,"35-39 "
1680843,11,2016,11,2,0,2016,0,11,"35-39 "
1680898,16,2053,15,2,1253,800,9,7,"40-44 "
1680928,12,2430,18,0,2020,410,10,2,"35-39 "
1680935,21,3608,2,2,3211,397,17,4,"40-44 "
1680966,3,723,12,0,0,723,0,3,"25-29 "
1681086,7,944,34,0,944,0,7,0,"25-29 "
1681123,27,13470,18,1,794,12676,10,17,"30-34 "
1681215,5,11528,22,0,11528,0,5,0,"30-34 "
1681222,3,237,13,0,237,0,3,0,"50-54 "
1681352,20,2673,37,0,2673,0,20,0,"35-39 "
1681376,13,2205,21,1,2205,0,13,0,"30-34 "
1681413,12,554,8,2,57,497,2,10,"25-29 "
1681512,7,502,12,3,0,502,0,7,"35-39 "
1681536,2,1779,38,0,1779,0,2,0,"25-29 "
1681550,33,5429,16,1,2005,3424,12,21,"40-44 "
1681574,28,7932,11,1,4505,3427,20,8,"45-49 "
1681628,10,601,19,2,451,150,7,3,"45-49 "
1681680,14,1175,20,0,1175,0,14,0,"30-34 "
1681734,8,4829,27,0,4829,0,8,0,"40-44 "
1681796,10,1796,11,0,0,1796,0,10,"30-34 "
1681826,21,1883,4,2,425,1458,6,15,"<25 "
1681918,6,497,19,0,0,497,0,6,"<25 "
1681970,2,243,15,0,243,0,2,0,"30-34 "
1682007,4,294,13,5,55,239,1,3,">65 "
1682083,3,4226,42,0,4226,0,3,0,"50-54 "
1682090,16,5011,8,1,3454,1557,7,9,"45-49 "
1682113,4,617,11,0,0,617,0,4,"35-39 "
1682151,12,450,14,0,450,0,12,0,">65 "
1682199,5,481,20,0,481,0,5,0,"35-39 "
1682205,4,791,19,0,0,791,0,4,"40-44 "
1682281,11,15781,40,0,0,15781,0,11,"35-39 "
1682366,27,2228,22,0,2228,0,27,0,"35-39 "
1682403,14,1065,31,0,1065,0,14,0,"35-39 "
1682434,2,2220,29,0,2220,0,2,0,"35-39 "
1682519,4,187,4,0,0,187,0,4,"35-39 "
1682588,5,286,10,4,286,0,5,0,"35-39 "
1682618,8,618,8,0,618,0,8,0,"35-39 "
1682656,17,1999,5,2,60,1939,1,16,"40-44 "
1682724,6,5396,39,0,0,5396,0,6,"35-39 "
1682762,12,1370,5,2,0,1370,0,12,"45-49 "
1682908,13,1241,15,1,1241,0,13,0,"50-54 "
1682915,10,1976,12,2,1817,159,6,4,"30-34 "
1682939,6,1191,18,1,0,1191,0,6,"45-49 "
1682953,24,2460,32,0,0,2460,0,24,"40-44 "
1683011,11,1589,40,0,970,619,6,5,"50-54 "
1683059,25,4162,2,2,318,3844,5,20,"30-34 "
1683080,62,5906,4,1,2087,3819,26,36,"35-39 "
1683189,1,7551,18,0,0,7551,0,1,"35-39 "
1683196,6,485,12,0,0,485,0,6,"35-39 "
1683233,1,3132,12,0,0,3132,0,1,"30-34 "
1683288,1,4700,16,0,4700,0,1,0,">65 "
1683295,1,60,32,0,0,60,0,1,"45-49 "
1683301,9,4600,19,0,0,4600,0,9,"30-34 "
1683363,21,9189,19,0,8219,970,13,8,"25-29 "
1683370,3,635,7,0,635,0,3,0,"45-49 "
1683592,16,8133,6,1,7341,792,6,10,"40-44 "
1683608,10,3258,20,0,3258,0,10,0,"55-59 "
1683653,25,3474,12,1,2045,1429,14,11,"35-39 "
1683691,10,1463,12,0,0,1463,0,10,"30-34 "
1683714,14,2998,5,2,36,2962,1,13,"45-49 "
1683769,5,185,12,0,0,185,0,5,"45-49 "
1683844,12,873,5,1,0,873,0,12,"25-29 "
1683851,12,1723,31,0,526,1197,7,5,"45-49 "
1683912,15,3765,30,0,3765,0,15,0,"45-49 "
1683950,8,703,25,0,0,703,0,8,"25-29 "
1683998,16,1918,25,1,397,1521,6,10,"40-44 "
1684001,3,434,41,0,434,0,3,0,"30-34 "
1684032,46,6075,33,0,2310,3765,9,37,"40-44 "
1684049,5,9913,18,0,0,9913,0,5,"25-29 "
1684100,5,489,17,4,489,0,5,0,"25-29 "
1684124,1,2288,23,0,2288,0,1,0,"45-49 "
1684179,8,1028,4,0,0,1028,0,8,"45-49 "
1684223,15,1249,22,0,1249,0,15,0,"35-39 "
1684254,5,1053,6,0,1053,0,5,0,"45-49 "
1684261,46,9170,10,1,8147,1023,33,13,"40-44 "
1684308,3,182,21,0,182,0,3,0,"<25 "
1684339,28,3268,4,1,1216,2052,7,21,"30-34 "
1684414,10,817,32,0,0,817,0,10,"40-44 "
1684421,11,482,4,1,9,473,1,10,">65 "
1684469,5,1272,19,1,0,1272,0,5,"25-29 "
1684476,4,639,3,0,639,0,4,0,"30-34 "
1684506,16,2902,15,0,2902,0,16,0,"30-34 "
1684681,20,5283,11,1,0,5283,0,20,"35-39 "
1684728,38,4823,22,0,4823,0,38,0,"25-29 "
1684759,13,1967,11,0,0,1967,0,13,"40-44 "
1684803,26,8307,25,0,0,8307,0,26,"25-29 "
1684810,27,11697,17,0,11697,0,27,0,"45-49 "
1684896,15,4039,16,0,4039,0,15,0,"45-49 "
1684957,1,419,4,0,0,419,0,1,"40-44 "
1684971,7,993,34,1,284,709,4,3,">65 "
1684988,14,2660,39,0,0,2660,0,14,"35-39 "
1685022,21,2220,18,1,281,1939,5,16,"50-54 "
1685039,13,13557,5,3,10185,3372,8,5,"30-34 "
1685053,1,60,35,0,60,0,1,0,"<25 "
1685060,12,2079,18,2,1958,121,10,2,"30-34 "
1685084,8,1729,3,4,1729,0,8,0,"40-44 "
1685145,2,241,28,0,241,0,2,0,"50-54 "
1685305,19,1888,38,0,1888,0,19,0,"40-44 "
1685497,43,5221,18,0,0,5221,0,43,"35-39 "
1685541,3,139,23,0,139,0,3,0,"30-34 "
1685565,32,1930,9,1,1490,440,21,11,"30-34 "
1685701,18,2057,6,0,2057,0,18,0,"40-44 "
1685824,4,357,4,0,0,357,0,4,"45-49 "
1685862,16,9202,10,1,9202,0,16,0,"40-44 "
1685886,41,16625,3,1,15763,862,27,14,"35-39 "
1685923,5,362,10,0,221,141,3,2,"35-39 "
1685985,18,4495,16,1,4495,0,18,0,"50-54 "
1686166,30,18369,19,0,0,18369,0,30,"50-54 "
1686180,12,1313,4,0,0,1313,0,12,"35-39 "
1686197,7,16048,14,0,16048,0,7,0,"40-44 "
1686210,11,362,40,0,0,362,0,11,"35-39 "
1686302,12,3463,2,0,3463,0,12,0,"40-44 "
1686326,43,20234,8,0,17745,2489,15,28,"50-54 "
1686388,34,3909,8,1,1831,2078,17,17,"25-29 "
1686401,1,10044,22,0,10044,0,1,0,"25-29 "
1686531,12,1324,41,0,1324,0,12,0,"25-29 "
1686685,24,5560,13,1,5560,0,24,0,"30-34 "
1686722,18,9663,13,0,9663,0,18,0,"40-44 "
1686821,3,200,14,0,200,0,3,0,"25-29 "
1687026,7,395,12,3,238,157,4,3,"30-34 "
1687088,21,2810,3,2,1076,1734,8,13,"50-54 "
1687156,16,1284,29,0,1284,0,16,0,"40-44 "
1687187,21,2272,3,2,2272,0,21,0,"45-49 "
1687224,30,2277,9,1,1882,395,22,8,"50-54 "
1687231,19,2706,20,0,2706,0,19,0,"30-34 "
1687279,6,2453,11,0,0,2453,0,6,"35-39 "
1687293,15,1259,17,1,978,281,13,2,"35-39 "
1687477,15,760,32,0,0,760,0,15,"35-39 "
1687484,5,321,30,0,321,0,5,0,"35-39 "
1687651,14,3749,17,0,3749,0,14,0,"35-39 "
1687705,27,18252,3,1,13601,4651,10,17,"35-39 "
1687804,3,4248,2,0,4248,0,3,0,"50-54 "
1687941,7,1003,14,0,1003,0,7,0,"30-34 "
1688030,14,1213,5,2,300,913,6,8,"40-44 "
1688047,13,1227,19,1,0,1227,0,13,"35-39 "
1688092,5,1277,22,4,1277,0,5,0,"40-44 "
1688108,15,1701,35,0,1701,0,15,0,"40-44 "
1688115,19,2235,40,0,0,2235,0,19,"30-34 "
1688122,15,1507,33,0,0,1507,0,15,"30-34 "
1688207,7,1117,5,0,0,1117,0,7,"<25 "
1688252,32,4533,11,1,0,4533,0,32,"30-34 "
1688313,28,2911,18,0,0,2911,0,28,"30-34 "
1688368,9,1723,18,0,0,1723,0,9,"25-29 "
1688375,11,967,39,0,0,967,0,11,"25-29 "
1688436,25,3520,11,0,0,3520,0,25,"35-39 "
1688450,26,9161,4,1,943,8218,9,17,"30-34 "
1688467,10,2873,4,2,0,2873,0,10,"50-54 "
1688498,24,8163,39,0,0,8163,0,24,"30-34 "
1688528,3,98,32,0,0,98,0,3,"35-39 "
1688535,21,2005,18,0,0,2005,0,21,"30-34 "
1688559,16,11766,16,0,11766,0,16,0,"30-34 "
1688665,11,3418,16,0,3418,0,11,0,"25-29 "
1688689,32,6767,20,1,2650,4117,10,22,"30-34 "
1688696,5,1819,21,0,1819,0,5,0,"30-34 "
1688962,13,1037,5,0,0,1037,0,13,"25-29 "
1688979,2,18,30,0,18,0,2,0,"25-29 "
1689037,9,966,37,0,966,0,9,0,"25-29 "
1689068,2,329,19,0,0,329,0,2,"30-34 "
1689358,19,1844,29,0,1844,0,19,0,"50-54 "
1689662,11,2883,21,0,550,2333,1,10,"30-34 "
1689693,7,1724,12,1,1304,420,5,2,"35-39 "
1689785,18,2126,24,1,2126,0,18,0,"30-34 "
1689945,49,7230,2,1,5553,1677,30,19,"30-34 "
1689952,51,8345,11,0,0,8345,0,51,"30-34 "
1689983,64,6995,17,0,6995,0,64,0,"25-29 "
1690002,20,7768,39,0,0,7768,0,20,"40-44 "
1690040,32,4317,11,1,0,4317,0,32,"30-34 "
1690064,23,1982,12,0,1016,966,10,13,"30-34 "
1690200,9,8365,25,0,0,8365,0,9,"30-34 "
1690286,2,336,14,4,336,0,2,0,"25-29 "
1690538,12,9986,9,2,9986,0,12,0,"30-34 "
1690545,15,3304,22,1,3304,0,15,0,"25-29 "
1690606,5,299,37,0,299,0,5,0,"35-39 "
1690644,7,1178,12,0,0,1178,0,7,"30-34 "
1690651,13,2222,39,0,0,2222,0,13,"35-39 "
1690736,2,552,22,0,552,0,2,0,"30-34 "
1690743,7,676,14,0,676,0,7,0,"35-39 "
1690859,20,6200,6,1,4770,1430,12,8,"45-49 "
1690972,8,566,18,0,0,566,0,8,"30-34 "
1690989,12,1862,12,2,1434,428,7,5,"35-39 "
1691061,14,2423,39,0,0,2423,0,14,"30-34 "
1691108,23,1868,11,0,0,1868,0,23,"35-39 "
1691122,13,1010,14,1,1010,0,13,0,"35-39 "
1691184,9,819,15,0,45,774,1,8,"35-39 "
1691221,33,6805,4,1,3603,3202,13,20,"30-34 "
1691238,25,5846,3,0,2166,3680,16,9,"35-39 "
1691245,2,604,6,0,604,0,2,0,"40-44 "
1691283,20,2744,4,0,0,2744,0,20,"35-39 "
1691337,24,3101,12,1,0,3101,0,24,"30-34 "
1691375,19,5759,11,0,0,5759,0,19,"30-34 "
1691467,8,2656,18,1,0,2656,0,8,"40-44 "
1691511,31,5278,10,0,5278,0,31,0,"25-29 "
1691559,58,27926,3,1,1869,26057,15,43,"<25 "
1691573,1,180,32,0,0,180,0,1,"25-29 "
1691580,3,1754,42,0,1754,0,3,0,"30-34 "
1691634,7,1096,39,0,0,1096,0,7,"30-34 "
1691672,30,5629,5,1,923,4706,4,26,"30-34 "
1691740,39,5827,5,0,4014,1813,22,17,"25-29 "
1691801,9,1936,18,0,0,1936,0,9,"50-54 "
1691849,3,1926,32,0,0,1926,0,3,"25-29 "
1691856,34,4886,8,1,4413,473,27,7,"35-39 "
1691863,2,87,22,0,87,0,2,0,"25-29 "
1691887,61,13583,5,1,0,13583,0,61,"40-44 "
1691900,70,17084,4,0,11327,5757,40,30,"30-34 "
1691917,9,2818,14,2,2818,0,9,0,"30-34 "
1691924,8,2548,10,3,2548,0,8,0,">65 "
1691948,6,294,20,0,294,0,6,0,"<25 "
1691955,4,3742,39,0,0,3742,0,4,"55-59 "
1691993,28,3304,9,1,2436,868,21,7,"30-34 "
1692051,3,245,18,0,0,245,0,3,"35-39 "
1692075,28,5187,11,1,2313,2874,14,14,"30-34 "
1692136,11,1665,14,1,1665,0,11,0,"35-39 "
1692167,38,6342,26,0,3931,2411,15,23,"30-34 "
1692235,10,2402,21,0,2402,0,10,0,"30-34 "
1692242,9,2526,12,0,0,2526,0,9,"30-34 "
1692280,2,371,9,0,371,0,2,0,"55-59 "
1692334,15,3775,39,0,0,3775,0,15,"30-34 "
1692358,8,423,31,1,139,284,3,5,"35-39 "
1692396,9,1054,14,1,449,605,5,4,"40-44 "
1692440,4,168,40,0,0,168,0,4,"30-34 "
1692488,33,3871,11,1,1910,1961,11,22,"35-39 "
1692549,7,2369,11,0,0,2369,0,7,"30-34 "
1692563,9,3203,32,0,0,3203,0,9,"35-39 "
1692594,5,1156,25,0,0,1156,0,5,"30-34 "
1692754,5,2214,4,0,0,2214,0,5,"45-49 "
1692839,21,4768,5,1,3687,1081,13,8,"35-39 "
1692846,31,16649,14,0,16447,202,29,2,"35-39 "
1692853,9,962,24,0,962,0,9,0,"35-39 "
1692860,1,10044,22,0,10044,0,1,0,"35-39 "
1692877,4,610,12,0,0,610,0,4,"30-34 "
1692891,10,13798,12,0,0,13798,0,10,"30-34 "
1692921,25,7354,11,1,0,7354,0,25,"30-34 "
1692938,4,3667,2,0,3667,0,4,0,"40-44 "
1692983,10,788,7,0,788,0,10,0,"35-39 "
1692990,8,848,41,0,848,0,8,0,"25-29 "
1693041,18,9518,7,1,9518,0,18,0,"35-39 "
1693058,11,2829,4,0,0,2829,0,11,"35-39 "
1693065,6,502,28,0,502,0,6,0,"35-39 "
1693089,51,13836,3,0,11278,2558,30,21,"35-39 "
1693126,24,2764,15,1,2764,0,24,0,"40-44 "
1693249,13,5142,12,0,0,5142,0,13,"30-34 "
1693287,19,2592,2,2,2592,0,19,0,"60-64 "
1693362,4,663,2,0,663,0,4,0,"30-34 "
1693393,10,2683,11,0,0,2683,0,10,"35-39 "
1693409,24,3391,19,0,3158,233,19,5,"55-59 "
1693478,30,29248,9,1,27808,1440,28,2,"25-29 "
1693492,5,417,39,0,0,417,0,5,"30-34 "
1693706,14,1297,33,0,0,1297,0,14,"30-34 "
1693720,8,355,18,2,255,100,5,3,">65 "
1693775,13,1284,30,0,1284,0,13,0,"35-39 "
1693782,22,4091,34,0,4091,0,22,0,"35-39 "
1693812,5,342,21,0,342,0,5,0,"35-39 "
1693836,37,5703,36,0,5703,0,37,0,"35-39 "
1693928,19,1128,11,2,491,637,9,10,"40-44 "
1693935,3,676,6,2,531,145,2,1,"60-64 "
1693942,31,3953,5,1,1079,2874,12,19,"30-34 "
1693959,20,4245,2,1,471,3774,6,14,"25-29 "
1694024,14,2093,35,0,2093,0,14,0,"30-34 "
1694239,63,15658,5,1,14312,1346,56,7,">65 "
1694246,8,1013,29,0,1013,0,8,0,"30-34 "
1694253,1,1080,35,0,1080,0,1,0,"40-44 "
1694284,3,473,15,0,473,0,3,0,"30-34 "
1694352,9,1177,33,0,0,1177,0,9,"30-34 "
1694376,7,915,38,0,915,0,7,0,"35-39 "
1694444,23,2426,7,0,2426,0,23,0,">65 "
1694529,4,11214,19,0,0,11214,0,4,"25-29 "
1694550,12,2608,5,0,0,2608,0,12,"30-34 "
1694581,22,1164,28,1,377,787,4,18,"25-29 "
1694611,29,5226,2,1,5226,0,29,0,"<25 "
1694741,5,15903,30,0,15903,0,5,0,"50-54 "
1694772,7,292,10,3,292,0,7,0,"<25 "
1694949,37,4816,12,0,0,4816,0,37,"35-39 "
1694963,26,3332,19,1,0,3332,0,26,"<25 "
1694970,4,290,19,2,0,290,0,4,"35-39 "
1694994,19,4325,5,0,0,4325,0,19,"40-44 "
1695007,16,2002,19,0,512,1490,5,11,"25-29 "
1695014,13,3687,23,0,3687,0,13,0,"30-34 "
1695137,17,14004,24,0,14004,0,17,0,"50-54 "
1695205,9,736,12,1,287,449,3,6,"50-54 "
1695267,3,701,2,0,701,0,3,0,"40-44 "
1695274,2,149,33,0,0,149,0,2,"25-29 "
1695328,47,5599,7,1,5599,0,47,0,"40-44 "
1695335,7,679,25,1,402,277,4,3,"30-34 "
1695366,13,2557,39,0,0,2557,0,13,"35-39 "
1695410,25,3134,11,0,0,3134,0,25,"40-44 "
1695557,11,1185,32,0,0,1185,0,11,"30-34 "
1695595,9,1187,13,0,1187,0,9,0,"45-49 "
1695649,7,429,4,0,0,429,0,7,"40-44 "
1695656,7,987,40,0,0,987,0,7,"<25 "
1695823,17,1793,18,0,0,1793,0,17,"40-44 "
1695847,5,737,39,0,0,737,0,5,"25-29 "
1695878,3,426,32,0,0,426,0,3,"40-44 "
1695953,6,2326,7,2,2326,0,6,0,"30-34 "
1695960,43,2646,17,0,2646,0,43,0,"30-34 "
1696059,11,1943,18,0,0,1943,0,11,"40-44 "
1696066,16,3926,8,2,3926,0,16,0,"35-39 "
1696103,5,1084,22,0,1084,0,5,0,"35-39 "
1696165,16,2368,2,1,2368,0,16,0,"45-49 "
1696189,8,3928,19,2,629,3299,5,3,"25-29 "
1696240,86,35617,4,0,26398,9219,54,32,"25-29 "
1696394,8,32034,21,0,32034,0,8,0,"35-39 "
1696448,8,2052,18,0,0,2052,0,8,"35-39 "
1696486,21,1518,19,1,418,1100,3,18,"50-54 "
1696509,10,13688,22,0,13688,0,10,0,"30-34 "
1696523,1,990,8,0,990,0,1,0,"35-39 "
1696561,4,258,27,0,258,0,4,0,"35-39 "
1696592,28,7491,4,1,2416,5075,8,20,"30-34 "
1696820,9,1022,11,2,0,1022,0,9,"30-34 "
1696875,18,2801,26,0,0,2801,0,18,"40-44 "
1697001,40,6299,18,1,4435,1864,32,8,"30-34 "
1697063,7,505,19,0,0,505,0,7,"30-34 "
1697070,22,2618,7,1,2046,572,17,5,"40-44 "
1697148,1,493,38,0,493,0,1,0,"35-39 "
1697179,31,3673,5,0,0,3673,0,31,"35-39 "
1697193,18,3132,26,0,0,3132,0,18,"30-34 "
1697216,6,1032,25,0,0,1032,0,6,"35-39 "
1697261,10,1772,15,0,1772,0,10,0,"30-34 "
1697414,132,11717,5,0,4570,7147,42,90,"40-44 "
1697476,42,6602,6,1,6602,0,42,0,"40-44 "
1697698,80,73804,4,0,13630,60174,29,51,"40-44 "
1697780,2,127,11,0,0,127,0,2,"40-44 "
1697926,55,7090,3,1,3186,3904,18,37,"55-59 "
1698046,17,2991,28,0,2991,0,17,0,"30-34 "
1698077,2,394,22,0,394,0,2,0,"25-29 "
1698121,34,9787,25,0,0,9787,0,34,"35-39 "
1698206,35,4417,28,0,2662,1755,12,23,"35-39 "
1698237,2,229,12,0,0,229,0,2,"30-34 "
1698268,25,4015,16,0,1899,2116,14,11,"35-39 "
1698350,6,9791,42,0,9791,0,6,0,"25-29 "
1698435,1,337,26,0,0,337,0,1,"30-34 "
1698442,4,836,31,0,836,0,4,0,"40-44 "
1698466,21,2057,9,1,2057,0,21,0,"40-44 "
1698503,7,509,5,0,0,509,0,7,"45-49 "
1698527,21,7743,14,1,5403,2340,16,5,"30-34 "
1698657,23,4863,28,1,281,4582,2,21,"40-44 "
1698664,9,29176,15,1,29176,0,9,0,"50-54 "
1698787,11,6482,16,0,6482,0,11,0,"60-64 "
1698909,7,612,34,0,612,0,7,0,"35-39 "
1698916,28,3149,28,0,1135,2014,5,23,"25-29 "
1698961,10,1306,19,0,0,1306,0,10,">65 "
1698992,11,1347,25,1,244,1103,2,9,"<25 "
1699043,9,1906,16,3,1906,0,9,0,"30-34 "
1699128,4,324,27,3,324,0,4,0,"40-44 "
1699166,30,2457,13,1,2457,0,30,0,"25-29 "
1699364,7,14418,19,0,0,14418,0,7,"40-44 "
1699456,8,805,28,1,805,0,8,0,"55-59 "
1699470,5,514,18,1,44,470,1,4,"35-39 "
1699647,12,4464,21,0,4464,0,12,0,"30-34 "
1699715,6,635,40,0,0,635,0,6,"45-49 "
1699791,1,351,15,0,351,0,1,0,"35-39 "
1699876,9,2125,11,0,0,2125,0,9,"35-39 "
1699982,7,1111,25,0,0,1111,0,7,"35-39 "
1700107,10,1811,11,3,0,1811,0,10,"40-44 "
1700138,12,1564,11,0,0,1564,0,12,"35-39 "
1700152,3,459,32,0,0,459,0,3,"45-49 "
1700169,20,909,5,2,0,909,0,20,"<25 "
1700176,24,3877,7,1,3539,338,16,8,"45-49 "
1700282,16,16784,2,2,16784,0,16,0,"50-54 "
1700336,2,1012,18,0,0,1012,0,2,"35-39 "
1700343,7,1743,20,3,1743,0,7,0,"35-39 "
1700411,22,2070,18,1,1007,1063,11,11,"40-44 "
1700527,2,222,14,0,222,0,2,0,"25-29 "
1700664,33,4132,39,0,0,4132,0,33,"40-44 "
1700688,2,98,34,0,98,0,2,0,"<25 "
1700695,2,164,35,0,164,0,2,0,">65 "
1700701,11,1598,14,0,1598,0,11,0,"40-44 "
1700718,23,3202,38,0,3202,0,23,0,"55-59 "
1700787,8,4141,26,0,0,4141,0,8,"35-39 "
1700923,5,430,11,0,0,430,0,5,"45-49 "
1700947,3,3411,4,4,1062,2349,1,2,"35-39 "
1700992,14,1775,12,1,0,1775,0,14,"40-44 "
1701005,4,287,38,0,287,0,4,0,"40-44 "
1701043,14,1751,18,0,0,1751,0,14,"45-49 "
1701104,7,3932,22,2,3932,0,7,0,"25-29 "
1701135,24,2685,42,0,2685,0,24,0,"45-49 "
1701173,34,4245,5,1,2858,1387,19,15,"40-44 "
1701180,6,997,5,3,207,790,3,3,">65 "
1701197,2,4911,31,0,4911,0,2,0,"25-29 "
1701227,42,7715,7,0,7715,0,42,0,"30-34 "
1701258,7,7731,16,0,7731,0,7,0,"30-34 "
1701265,13,4099,9,0,4099,0,13,0,"60-64 "
1701296,20,2355,11,0,0,2355,0,20,"35-39 "
1701326,22,5121,7,1,5121,0,22,0,"25-29 "
1701364,18,12739,2,1,581,12158,5,13,"30-34 "
1701463,15,2465,10,1,2465,0,15,0,"40-44 "
1701517,25,2727,8,1,2727,0,25,0,"35-39 "
1701548,2,408,17,0,408,0,2,0,"40-44 "
1701586,80,19491,18,0,8016,11475,44,36,"30-34 "
1701616,53,10381,2,1,2299,8082,17,36,"35-39 "
1701739,14,2377,19,0,0,2377,0,14,"35-39 "
1701760,17,8396,18,0,0,8396,0,17,"30-34 "
1701913,89,12469,25,0,4232,8237,26,63,"40-44 "
1701920,3,815,35,0,815,0,3,0,"50-54 "
1702071,31,12156,16,0,12156,0,31,0,"40-44 "
1702088,17,1030,11,0,0,1030,0,17,"30-34 "
1702125,4,247,19,5,0,247,0,4,"30-34 "
1702217,13,1313,7,0,1313,0,13,0,"50-54 "
1702224,17,1889,26,0,0,1889,0,17,"25-29 "
1702262,9,672,37,0,147,525,3,6,"35-39 "
1702293,11,1145,10,1,923,222,9,2,"<25 "
1702361,6,578,8,0,578,0,6,0,"45-49 "
1702392,19,1885,36,0,1885,0,19,0,"30-34 "
1702422,7,722,32,0,0,722,0,7,"45-49 "
1702453,2,96,2,16,96,0,2,0,"50-54 "
1702583,8,3236,5,3,2201,1035,5,3,"60-64 "
1702620,19,1472,3,2,1472,0,19,0,"35-39 "
1702651,10,5050,8,0,5050,0,10,0,"45-49 "
1702699,20,44090,19,0,0,44090,0,20,"<25 "
1702804,23,525547,4,2,610,524937,11,12,"35-39 "
1702873,2,791,6,4,791,0,2,0,"30-34 "
1702996,37,13875,15,0,7616,6259,11,26,">65 "
1703030,32,3561,8,0,2873,688,28,4,"25-29 "
1703092,40,7831,4,0,0,7831,0,40,"25-29 "
1703108,12,1333,18,0,0,1333,0,12,"40-44 "
1703214,29,3423,11,1,899,2524,15,14,"35-39 "
1703320,4,1680,30,0,1680,0,4,0,"35-39 "
1703337,33,5697,4,1,0,5697,0,33,"30-34 "
1703443,2,1988,21,0,1988,0,2,0,"45-49 "
1703580,6,713,18,0,0,713,0,6,"30-34 "
1703641,16,6583,27,1,6583,0,16,0,"35-39 "
1703696,20,2212,5,2,0,2212,0,20,"40-44 "
1703801,38,4271,4,1,546,3725,7,31,"35-39 "
1703825,9,1793,20,0,1793,0,9,0,"35-39 "
1703856,7,1038,39,0,0,1038,0,7,"25-29 "
1703955,21,2364,40,0,0,2364,0,21,"40-44 "
1703962,34,2046,7,1,628,1418,13,21,"60-64 "
1703979,14,1569,4,0,543,1026,5,9,"50-54 "
1704068,38,4369,5,1,320,4049,4,34,"35-39 "
1704075,11,1851,5,1,1040,811,7,4,"30-34 "
1704129,10,740,26,2,456,284,7,3,"25-29 "
1704136,6,608,25,0,0,608,0,6,"30-34 "
1704174,10,816,32,0,0,816,0,10,"35-39 "
1704204,14,1264,26,1,1029,235,12,2,"40-44 "
1704235,21,2821,5,0,0,2821,0,21,"45-49 "
1704259,33,5029,17,1,2130,2899,15,18,"45-49 "
1704341,11,1267,5,0,0,1267,0,11,"55-59 "
1704389,19,12441,6,0,12441,0,19,0,"35-39 "
1704419,13,3783,3,1,3783,0,13,0,"40-44 "
1704426,1,68,12,0,0,68,0,1,"60-64 "
1704525,40,3347,8,1,1455,1892,19,21,"30-34 "
1704549,12,1300,15,0,1300,0,12,0,"40-44 "
1704556,18,9372,4,2,0,9372,0,18,"50-54 "
1704648,2,86,26,0,0,86,0,2,"25-29 "
1704693,17,3173,10,2,688,2485,9,8,"45-49 "
1704723,36,11576,2,1,11155,421,35,1,"30-34 "
1704853,1,41,27,0,41,0,1,0,"60-64 "
1704891,4,207,39,0,0,207,0,4,"35-39 "
1704907,5,533,24,0,533,0,5,0,"45-49 "
1704952,37,2191,11,1,2076,115,35,2,"<25 "
1704983,39,5908,4,1,4036,1872,23,16,"35-39 "
1705188,6,576,12,0,0,576,0,6,"40-44 "
1705195,9,847,18,0,0,847,0,9,"25-29 "
1705287,23,7989,14,0,7989,0,23,0,"50-54 "
1705317,14,1321,29,0,925,396,6,8,"35-39 "
1705348,40,6809,2,1,6809,0,40,0,"40-44 "
1705393,21,2614,28,1,1216,1398,8,13,"25-29 "
1705522,4,3353,15,0,3353,0,4,0,"30-34 "
1705539,5,628,18,0,0,628,0,5,"<25 "
1705621,37,4992,40,0,0,4992,0,37,"30-34 "
1705713,18,1147,18,0,0,1147,0,18,"30-34 "
1705720,25,9578,29,0,9578,0,25,0,"25-29 "
1705836,4,493,39,0,0,493,0,4,"35-39 "
1705898,10,1445,2,4,1339,106,9,1,">65 "
1705935,15,1506,7,2,309,1197,1,14,"40-44 "
1705973,5,270,13,0,270,0,5,0,"35-39 "
1706062,18,6271,4,0,0,6271,0,18,"25-29 "
1706260,1,1904,11,0,0,1904,0,1,"35-39 "
1706345,13,2451,13,0,2451,0,13,0,"40-44 "
1706406,16,1804,25,0,452,1352,8,8,"30-34 "
1706529,3,597,16,0,597,0,3,0,"25-29 "
1706536,55,8653,4,1,0,8653,0,55,"35-39 "
1706635,2,1764,27,0,1764,0,2,0,"25-29 "
1706642,4,2926,27,0,2926,0,4,0,"30-34 "
1706857,4,3146,12,0,0,3146,0,4,"30-34 "
1706901,8,1317,21,0,1317,0,8,0,"45-49 "
1706994,1,425,26,0,0,425,0,1,"30-34 "
1707014,76,14533,7,0,12187,2346,50,26,"30-34 "
1707045,8,1401,21,0,1401,0,8,0,"30-34 "
1707090,76,61564,2,1,16202,45362,58,18,"<25 "
1707106,14,4854,12,0,3761,1093,5,9,"45-49 "
1707243,40,3544,2,0,3544,0,40,0,"30-34 "
1707281,13,2397,11,2,0,2397,0,13,"35-39 "
1707298,11,1119,16,0,1119,0,11,0,"35-39 "
1707304,18,1958,18,1,609,1349,6,12,"40-44 "
1707328,5,1469,4,0,0,1469,0,5,"30-34 "
1707366,8,2713,7,0,2713,0,8,0,"30-34 "
1707465,1,580,7,0,580,0,1,0,"30-34 "
1707663,22,2862,3,1,2862,0,22,0,"30-34 "
1707724,16,3475,22,0,3475,0,16,0,"40-44 "
1707762,44,8689,22,0,8689,0,44,0,"40-44 "
1707823,13,2466,5,1,0,2466,0,13,"35-39 "
1707847,54,5570,6,1,3864,1706,37,17,"55-59 "
1707885,2,323,24,0,323,0,2,0,">65 "
1708219,14,1399,14,0,1399,0,14,0,"30-34 "
1708295,21,1349,4,0,0,1349,0,21,"45-49 "
1708325,43,6731,2,1,6731,0,43,0,"35-39 "
1708431,35,18620,2,1,14001,4619,19,16,"30-34 "
1708561,7,436,7,3,255,181,4,3,">65 "
1708615,24,2238,4,1,1310,928,13,11,"30-34 "
1708660,10,2505,6,0,2505,0,10,0,"30-34 "
1708783,1,539,23,0,539,0,1,0,"35-39 "
1708790,8,638,25,0,0,638,0,8,"30-34 "
1708820,23,3292,5,2,0,3292,0,23,"35-39 "
1708967,13,4419,3,2,4419,0,13,0,"25-29 "
1709018,21,2664,15,1,876,1788,11,10,"40-44 "
1709056,9,1978,18,0,0,1978,0,9,"45-49 "
1709117,7,393,40,0,0,393,0,7,"60-64 "
1709148,2,96,19,6,0,96,0,2,"50-54 "
1709230,11,3196,11,2,9,3187,1,10,"25-29 "
1709247,16,4345,30,0,4345,0,16,0,"45-49 "
1709254,36,5761,14,1,5761,0,36,0,"30-34 "
1709308,12,1737,32,0,0,1737,0,12,"30-34 "
1709315,1,780,31,0,780,0,1,0,"<25 "
1709391,3,135,2,1,135,0,3,0,"25-29 "
1709421,2,44,33,0,0,44,0,2,"<25 "
1709599,21,2695,33,0,0,2695,0,21,"35-39 "
1709780,20,2200,7,0,2200,0,20,0,"30-34 "
1709841,2,105,26,0,0,105,0,2,"30-34 "
1709933,14,3677,18,1,456,3221,4,10,"35-39 "
1710014,20,1946,41,0,1946,0,20,0,"30-34 "
1710045,29,3592,18,0,0,3592,0,29,"35-39 "
1710076,22,15573,3,1,15573,0,22,0,"30-34 "
1710120,1,4455,22,0,4455,0,1,0,"25-29 "
1710304,14,1432,38,0,1432,0,14,0,"30-34 "
1710311,78,24296,6,0,24296,0,78,0,"50-54 "
1710328,24,4609,18,0,0,4609,0,24,"40-44 "
1710342,1,36,9,0,36,0,1,0,"<25 "
1710366,17,3098,14,1,2734,364,11,6,">65 "
1710441,21,3684,33,0,0,3684,0,21,"35-39 "
1710465,49,8260,5,1,7396,864,44,5,"35-39 "
1710472,15,3382,14,2,1289,2093,4,11,"30-34 "
1710533,7,367,9,4,367,0,7,0,"55-59 "
1710601,7,474,20,0,474,0,7,0,"35-39 "
1710762,4,551,26,0,0,551,0,4,"60-64 "
1710984,15,5749,5,0,0,5749,0,15,"25-29 "
1710991,35,7226,33,0,0,7226,0,35,"40-44 "
1711011,30,2814,32,0,0,2814,0,30,"45-49 "
1711035,70,3441,9,0,2923,518,59,11,"50-54 "
1711042,60,3657,4,1,2694,963,43,17,"25-29 "
1711059,11,10952,22,2,10952,0,11,0,"45-49 "
1711097,26,5012,38,0,1070,3942,2,24,"30-34 "
1711455,26,5891,5,1,3943,1948,19,7,"30-34 "
1711516,10,1589,5,0,0,1589,0,10,"25-29 "
1711561,6,6980,2,2,6914,66,4,2,"<25 "
1711578,9,1742,33,0,0,1742,0,9,"45-49 "
1711660,7,4108,30,0,4108,0,7,0,"<25 "
1711714,17,2965,3,0,2965,0,17,0,"45-49 "
1711738,20,1410,2,1,1410,0,20,0,"30-34 "
1711776,19,2432,25,0,0,2432,0,19,"25-29 "
1711837,75,12080,4,0,3818,8262,19,56,"35-39 "
1711844,2,915,4,0,0,915,0,2,"55-59 "
1711851,1,60,33,0,0,60,0,1,"50-54 "
1711899,16,1982,6,2,1982,0,16,0,"45-49 "
1711905,11,959,2,1,959,0,11,0,"35-39 "
1712100,4,295,25,0,0,295,0,4,"60-64 "
1712131,8,751,2,0,751,0,8,0,"25-29 "
1712155,1,36,9,0,36,0,1,0,"50-54 "
1712216,62,14316,10,0,4146,10170,22,40,"55-59 "
1712254,35,5426,18,0,0,5426,0,35,"40-44 "
1712308,1,29,4,0,0,29,0,1,"35-39 "
1712322,6,9753,37,0,9753,0,6,0,"30-34 "
1712339,3,749,12,0,0,749,0,3,"25-29 "
1712353,41,4305,12,0,0,4305,0,41,"30-34 "
1712384,40,3730,7,1,3426,304,38,2,"40-44 "
1712476,14,3485,2,2,3485,0,14,0,"35-39 "
1712513,29,3154,16,0,3154,0,29,0,"45-49 "
1712537,1,2886,21,0,2886,0,1,0,"40-44 "
1712575,56,14082,5,0,3475,10607,11,45,"45-49 "
1712605,20,1565,10,1,274,1291,3,17,"55-59 "
1712650,55,3696,2,1,2819,877,42,13,"35-39 "
1712667,1,85,33,0,0,85,0,1,"35-39 "
1712698,13,738,40,0,0,738,0,13,"40-44 "
1712711,19,2617,34,0,1545,1072,6,13,"30-34 "
1712919,52,5201,35,0,5201,0,52,0,"30-34 "
1712964,7,521,4,2,0,521,0,7,"40-44 "
1712995,18,1650,40,0,0,1650,0,18,"40-44 "
1713039,5,604,7,0,604,0,5,0,"30-34 "
1713084,28,1648,2,0,565,1083,10,18,"40-44 "
1713176,1,299,11,0,0,299,0,1,"30-34 "
1713190,28,2910,10,1,2394,516,27,1,"35-39 "
1713206,4,1798,21,2,1798,0,4,0,"30-34 "
1713220,1,36,19,0,0,36,0,1,"50-54 "
1713428,22,11020,6,0,11020,0,22,0,"30-34 "
1713466,37,8197,9,1,6286,1911,26,11,">65 "
1713527,9,4049,5,0,0,4049,0,9,"25-29 "
1713602,7,668,42,0,668,0,7,0,"35-39 "
1713619,12,4618,31,0,4618,0,12,0,"30-34 "
1713800,4,4393,27,0,4393,0,4,0,"<25 "
1713978,16,5112,5,0,0,5112,0,16,"60-64 "
1713985,83,29061,3,0,13060,16001,54,29,"40-44 "
1714012,6,1113,16,1,1113,0,6,0,"55-59 "
1714111,29,16270,22,0,11296,4974,16,13,"30-34 "
1714197,30,2874,11,0,437,2437,7,23,"40-44 "
1714241,23,10973,5,2,8155,2818,5,18,"<25 "
1714258,13,3760,18,1,2170,1590,5,8,"35-39 "
1714319,15,4999,14,2,4999,0,15,0,"40-44 "
1714326,13,8641,19,0,0,8641,0,13,"25-29 "
1714364,15,2523,40,0,0,2523,0,15,"30-34 "
1714388,18,3487,22,0,3487,0,18,0,"40-44 "
1714418,3,853,40,0,0,853,0,3,"60-64 "
1714432,3,184,32,0,0,184,0,3,"<25 "
1714449,2,2433,11,0,0,2433,0,2,"30-34 "
1714616,33,4167,16,1,1964,2203,11,22,"35-39 "
1714654,8,1199,11,0,0,1199,0,8,"35-39 "
1714739,10,820,14,1,820,0,10,0,"35-39 "
1714777,5,4528,19,0,0,4528,0,5,"30-34 "
1714807,7,476,13,0,476,0,7,0,"40-44 "
1714821,2,27332,21,0,27332,0,2,0,"60-64 "
1714845,9,3609,25,0,0,3609,0,9,"30-34 "
1714869,1,3120,30,0,3120,0,1,0,"45-49 "
1714876,14,7445,22,1,6615,830,11,3,"35-39 "
1714883,126,24678,3,0,15234,9444,89,37,"35-39 "
1714982,15,10497,18,0,0,10497,0,15,"30-34 "
1715095,22,3767,26,0,0,3767,0,22,"35-39 "
1715194,32,17521,4,1,0,17521,0,32,"35-39 "
1715217,12,894,4,0,0,894,0,12,"40-44 "
1715279,1,396,21,0,396,0,1,0,"45-49 "
1715309,5,6652,5,0,3655,2997,3,2,">65 "
1715323,2,106,33,0,0,106,0,2,"35-39 "
1715361,2,304,33,0,0,304,0,2,"35-39 "
1715439,19,1713,1,1,684,1029,5,14,"30-34 "
1715484,13,2570,15,2,1289,1281,4,9,"40-44 "
1715491,10,2222,36,0,2222,0,10,0,"45-49 "
1715521,59,9040,4,1,3070,5970,33,26,">65 "
1715545,9,833,12,0,0,833,0,9,"55-59 "
1715569,18,2691,4,1,0,2691,0,18,"40-44 "
1715637,29,2296,5,1,1665,631,19,10,"50-54 "
1715644,7,2824,29,1,2824,0,7,0,"30-34 "
1715743,10,1170,13,0,1170,0,10,0,"55-59 "
1715767,29,4534,2,1,2736,1798,15,14,"45-49 "
1715835,33,19919,6,1,19919,0,33,0,"35-39 "
1715880,10,2573,19,2,288,2285,2,8,"30-34 "
1715934,8,1755,19,0,0,1755,0,8,"50-54 "
1716078,9,1068,34,0,1068,0,9,0,"35-39 "
1716153,13,3249,10,0,3249,0,13,0,"30-34 "
1716207,26,7736,21,1,2046,5690,8,18,"40-44 "
1716214,13,2690,32,0,0,2690,0,13,"40-44 "
1716269,1,499,2,0,499,0,1,0,"40-44 "
1716283,12,1441,20,0,1441,0,12,0,"40-44 "
1716320,34,4317,11,0,0,4317,0,34,"35-39 "
1716368,18,1563,6,0,1563,0,18,0,"40-44 "
1716382,34,2068,8,0,910,1158,18,16,"35-39 "
1716443,9,1621,3,3,1621,0,9,0,"45-49 "
1716559,19,5964,5,2,4430,1534,11,8,"25-29 "
1716580,19,3830,4,2,2733,1097,10,9,"25-29 "
1716818,25,5207,33,0,0,5207,0,25,"35-39 "
1716849,30,18500,12,1,123,18377,2,28,"45-49 "
1716924,2,395,27,0,395,0,2,0,"30-34 "
1717006,20,1375,26,0,0,1375,0,20,"30-34 "
1717020,5,551,20,3,551,0,5,0,">65 "
1717051,13,1393,32,0,0,1393,0,13,"35-39 "
1717112,1,159,19,0,0,159,0,1,"60-64 "
1717136,2,3700,35,0,3700,0,2,0,"40-44 "
1717228,20,1782,41,0,1782,0,20,0,"30-34 "
1717235,22,1441,15,1,429,1012,8,14,"40-44 "
1717242,13,2554,9,2,1198,1356,7,6,">65 "
1717259,8,1039,17,0,1039,0,8,0,"60-64 "
1717266,2,432,30,0,432,0,2,0,"30-34 "
1717358,28,5443,5,1,0,5443,0,28,"30-34 "
1717426,27,2954,3,1,2954,0,27,0,"35-39 "
1717549,19,2632,6,1,766,1866,12,7,"30-34 "
1717587,53,1050497,18,0,1038801,11696,27,26,"<25 "
1717631,5,483,12,0,0,483,0,5,"30-34 "
1717723,9,517,40,0,404,113,7,2,"40-44 "
1717730,2,8952,34,0,8952,0,2,0,">65 "
1717792,10,1016,26,0,0,1016,0,10,"45-49 "
1717891,18,5237,5,2,879,4358,5,13,"35-39 "
1717914,2,82,32,0,0,82,0,2,"40-44 "
1717938,7,2453,36,0,2453,0,7,0,"25-29 "
1718027,6,268,28,0,268,0,6,0,"45-49 "
1718065,13,793,18,0,0,793,0,13,"25-29 "
1718102,11,1260,4,1,581,679,4,7,"35-39 "
1718454,46,3514,11,0,0,3514,0,46,"35-39 "
1718508,9,665,7,1,419,246,5,4,"45-49 "
1718669,2,1098,37,0,1098,0,2,0,"30-34 "
1718676,3,1108,6,4,1072,36,2,1,"25-29 "
1718706,3,1001,14,6,891,110,1,2,"50-54 "
1718737,12,1099,16,0,1099,0,12,0,"30-34 "
1718850,22,1894,4,2,562,1332,7,15,"60-64 "
1718973,26,8132,10,0,8132,0,26,0,"40-44 "
1718980,16,2241,11,1,1220,1021,10,6,"35-39 "
1719000,6,1542,13,0,1542,0,6,0,">65 "
1719055,8,789,25,0,0,789,0,8,"45-49 "
1719062,16,3108,4,1,1681,1427,11,5,"35-39 "
1719109,53,4278,4,1,2131,2147,29,24,"45-49 "
1719352,9,535,16,0,535,0,9,0,"35-39 "
1719406,8,637,26,0,0,637,0,8,"<25 "
1719451,30,15408,2,1,15408,0,30,0,"30-34 "
1719475,17,1385,3,2,1208,177,15,2,">65 "
1719499,11,1555,21,2,1555,0,11,0,"45-49 "
1719512,4,615,40,0,0,615,0,4,">65 "
1719543,23,4655,35,0,2530,2125,7,16,"35-39 "
1719574,18,3076,32,0,0,3076,0,18,"45-49 "
1719734,3,218,19,0,0,218,0,3,"30-34 "
1719819,18,1916,37,0,1916,0,18,0,"50-54 "
1719826,11,772,15,0,772,0,11,0,"30-34 "
1719857,8,643,7,0,643,0,8,0,"45-49 "
1719864,8,1083,25,0,0,1083,0,8,"30-34 "
1719871,3,496,34,0,496,0,3,0,"30-34 "
1719895,5,473,6,0,473,0,5,0,"35-39 "
1719949,8,761,18,0,0,761,0,8,"40-44 "
1719963,21,2778,9,0,2778,0,21,0,"30-34 "
1720006,132,16288,7,0,8119,8169,71,61,"30-34 "
1720013,16,2311,4,2,0,2311,0,16,"30-34 "
1720051,11,988,10,3,129,859,2,9,"30-34 "
1720181,8,6607,31,0,5264,1343,4,4,"25-29 "
1720259,9,505,18,0,0,505,0,9,"25-29 "
1720280,1,70,24,0,70,0,1,0,"25-29 "
1720389,9,698,17,2,698,0,9,0,"25-29 "
1720396,4,253,15,0,253,0,4,0,"30-34 "
1720464,20,2919,23,0,2919,0,20,0,"30-34 "
1720495,9,629,5,0,0,629,0,9,">65 "
1720549,23,3959,5,0,0,3959,0,23,"40-44 "
1720662,11,4834,35,0,4834,0,11,0,"30-34 "
1720679,6,705,28,0,705,0,6,0,"35-39 "
1720785,4,4084,18,0,0,4084,0,4,"35-39 "
1720808,3,249,20,0,249,0,3,0,"30-34 "
1720822,15,1308,18,2,937,371,9,6,"35-39 "
1720891,5,868,6,0,868,0,5,0,"30-34 "
1720907,3,131,20,0,131,0,3,0,"35-39 "
1720952,15,3582,12,2,460,3122,3,12,"45-49 "
1720969,10,2498,8,0,2498,0,10,0,"45-49 "
1721058,30,23007,11,1,0,23007,0,30,"30-34 "
1721065,10,4637,10,1,552,4085,4,6,"35-39 "
1721072,14,1481,2,0,1481,0,14,0,"40-44 "
1721096,31,4263,18,1,2586,1677,18,13,"35-39 "
1721157,5,707,26,0,0,707,0,5,"30-34 "
1721218,9,1972,26,0,0,1972,0,9,"35-39 "
1721263,21,2041,18,0,535,1506,8,13,"40-44 "
1721270,81,11492,8,0,5318,6174,22,59,"40-44 "
1721300,5,982,23,0,982,0,5,0,"25-29 "
1721324,13,3445,3,2,3445,0,13,0,"35-39 "
1721355,9,1217,5,0,1152,65,8,1,"40-44 "
1721379,16,1622,25,0,0,1622,0,16,"40-44 "
1721386,42,6269,5,1,0,6269,0,42,"30-34 "
1721393,19,21871,9,2,1578,20293,9,10,"25-29 "
1721447,5,863,40,0,0,863,0,5,"25-29 "
1721485,42,5535,4,0,0,5535,0,42,"40-44 "
1721515,19,817,7,2,817,0,19,0,"45-49 "
1721522,3,1225,3,0,1225,0,3,0,"55-59 "
1721669,9,3369,30,0,3369,0,9,0,"30-34 "
1721737,30,30926,11,0,21364,9562,24,6,"40-44 "
1721751,3,2298,11,8,2268,30,2,1,"60-64 "
1721805,47,8061,8,1,8061,0,47,0,"30-34 "
1721904,35,5455,11,0,0,5455,0,35,"40-44 "
1721935,7,1225,23,0,1225,0,7,0,"40-44 "
1722086,37,8100,3,0,8100,0,37,0,"35-39 "
1722130,15,7597,32,0,0,7597,0,15,"30-34 "
1722222,1,148,29,0,148,0,1,0,"40-44 "
1722239,12,3005,32,0,0,3005,0,12,">65 "
1722277,11,1713,20,0,1713,0,11,0,"45-49 "
1722284,17,2788,6,2,2423,365,12,5,"40-44 "
1722321,18,3173,27,0,3173,0,18,0,">65 "
1722345,16,4031,6,1,3367,664,9,7,"25-29 "
1722352,63,12107,9,0,12107,0,63,0,"30-34 "
1722437,2,329,28,0,329,0,2,0,"50-54 "
1722451,21,3438,3,2,2363,1075,13,8,"<25 "
1722543,15,3492,31,0,2777,715,13,2,"40-44 "
1722611,49,5918,9,1,3312,2606,30,19,"35-39 "
1722666,23,2405,5,0,2119,286,18,5,"40-44 "
1722703,4,347,33,0,0,347,0,4,"25-29 "
1722765,2,580,42,0,580,0,2,0,"30-34 "
1722840,7,616,33,0,418,198,5,2,"30-34 "
1722857,11,809,16,0,809,0,11,0,"40-44 "
1722956,18,3018,15,1,2475,543,6,12,"30-34 "
1722970,11,1739,15,0,1739,0,11,0,"30-34 "
1722987,6,337,6,0,337,0,6,0,"30-34 "
1723007,12,1230,16,2,1230,0,12,0,"30-34 "
1723045,3,167,16,0,167,0,3,0,"<25 "
1723069,22,1525,9,0,1525,0,22,0,"30-34 "
1723083,2,207,25,0,0,207,0,2,"50-54 "
1723090,6,1032,33,0,0,1032,0,6,"30-34 "
1723151,63,11242,12,0,1831,9411,12,51,"30-34 "
1723199,22,2098,2,1,1373,725,10,12,"35-39 "
1723328,20,2412,32,0,0,2412,0,20,"35-39 "
1723342,5,1584,37,0,1584,0,5,0,"35-39 "
1723359,9,2177,6,0,2177,0,9,0,"30-34 "
1723373,3,1476,15,7,1416,60,2,1,"<25 "
1723380,12,1347,12,0,0,1347,0,12,"25-29 "
1723397,7,975,5,0,0,975,0,7,"<25 "
1723403,11,1772,28,0,1772,0,11,0,"30-34 "
1723410,17,2507,11,0,0,2507,0,17,"35-39 "
1723533,4,1025,14,0,1025,0,4,0,"35-39 "
1723540,1,2612,20,0,2612,0,1,0,"30-34 "
1723649,13,2080,8,2,2080,0,13,0,"25-29 "
1723717,9,2065,15,0,1341,724,1,8,"25-29 "
1723731,12,1725,19,0,0,1725,0,12,"30-34 "
1723854,2,112,20,0,112,0,2,0,"45-49 "
1723939,54,21198,12,1,17855,3343,36,18,"<25 "
1723946,45,10696,21,0,7709,2987,28,17,"25-29 "
1723977,4,193,17,0,193,0,4,0,"45-49 "
1723984,4,909,39,0,0,909,0,4,"<25 "
1723991,23,2205,11,1,919,1286,10,13,"35-39 "
1724011,15,1357,34,0,1357,0,15,0,"25-29 "
1724028,32,42361,6,0,25256,17105,21,11,"<25 "
1724066,11,874,13,0,874,0,11,0,"45-49 "
1724080,14,5732,36,0,5732,0,14,0,"30-34 "
1724196,30,2147,2,0,1166,981,22,8,"25-29 "
1724219,1,540,3,0,540,0,1,0,"<25 "
1724226,38,6041,16,1,2552,3489,10,28,"55-59 "
1724233,14,1892,14,0,1892,0,14,0,"25-29 "
1724271,6,1103,9,0,1103,0,6,0,"50-54 "
1724332,5,1307,18,0,0,1307,0,5,"40-44 "
1724370,10,983,7,0,983,0,10,0,"<25 "
1724462,10,2734,21,0,2734,0,10,0,">65 "
1724479,17,11667,1,1,224,11443,3,14,"40-44 "
1724486,15,1039,13,0,1039,0,15,0,"30-34 "
1724547,4,584,19,4,60,524,1,3,"35-39 "
1724554,13,4791,18,0,0,4791,0,13,"35-39 "
1724592,2,432,7,0,432,0,2,0,"<25 "
1724615,3,453,20,0,453,0,3,0,"25-29 "
1724745,9,834,21,0,834,0,9,0,"40-44 "
1724752,171,20610,11,0,0,20610,0,171,">65 "
1724783,2,110,2,0,110,0,2,0,"25-29 "
1724790,47,14919,14,1,12938,1981,23,24,"35-39 "
1724844,10,1140,32,0,0,1140,0,10,"30-34 "
1724882,13,2576,29,0,2576,0,13,0,"40-44 "
1724974,17,6383,22,0,6383,0,17,0,"30-34 "
1724998,34,8671,6,1,8671,0,34,0,"25-29 "
1725032,12,1136,26,0,0,1136,0,12,"30-34 "
1725049,55,5080,4,1,0,5080,0,55,"35-39 "
1725117,21,2507,11,0,0,2507,0,21,"25-29 "
1725124,6,486,19,0,0,486,0,6,"35-39 "
1725261,10,4000,18,2,0,4000,0,10,"45-49 "
1725278,2,456,21,6,396,60,1,1,"45-49 "
1725292,6,1168,19,4,1014,154,4,2,"45-49 "
1725513,31,2650,9,1,1529,1121,22,9,"35-39 "
1725568,17,5237,1,2,5237,0,17,0,"50-54 "
1725599,9,6399,36,0,6399,0,9,0,"<25 "
1725612,10,1155,8,2,921,234,8,2,"30-34 "
1725667,3,5350,39,0,0,5350,0,3,"30-34 "
1725711,15,6549,4,0,0,6549,0,15,"30-34 "
1725728,25,1385,16,1,1385,0,25,0,"<25 "
1725773,6,3913,28,0,3913,0,6,0,"40-44 "
1725797,9,1197,18,0,0,1197,0,9,"35-39 "
1725858,22,2669,13,0,2669,0,22,0,"35-39 "
1725964,46,3174,9,1,2342,832,29,17,"35-39 "
1725988,6,906,5,4,77,829,2,4,"35-39 "
1726022,29,10156,7,1,9371,785,23,6,"25-29 "
1726077,15,3093,3,0,3093,0,15,0,"35-39 "
1726145,2,27332,21,0,27332,0,2,0,"45-49 "
1726152,4,28392,22,0,28392,0,4,0,"55-59 "
1726251,26,3486,27,0,3486,0,26,0,"30-34 "
1726268,9,1903,11,0,0,1903,0,9,"30-34 "
1726275,2,212,18,0,0,212,0,2,"35-39 "
1726299,27,2570,14,1,2570,0,27,0,"35-39 "
1726404,21,2523,32,0,0,2523,0,21,"40-44 "
1726459,5,1017,25,0,0,1017,0,5,"35-39 "
1726473,2,6264,17,0,6264,0,2,0,"35-39 "
1726480,41,7044,5,1,4494,2550,15,26,"25-29 "
1726497,14,6766,12,0,0,6766,0,14,"30-34 "
1726534,54,6642,2,1,6642,0,54,0,"45-49 "
1726558,139,36163,4,0,16667,19496,61,78,"40-44 "
1726602,37,12598,10,0,12598,0,37,0,">65 "
1726619,13,936,24,0,936,0,13,0,"45-49 "
1726640,6,469,25,0,0,469,0,6,"30-34 "
1726688,17,1820,13,0,1820,0,17,0,"35-39 "
1726770,7,729,19,0,0,729,0,7,"35-39 "
1726794,6,866,37,0,866,0,6,0,"<25 "
1726824,8,2854,8,0,2854,0,8,0,"50-54 "
1726855,21,2371,21,1,1527,844,9,12,"40-44 "
1726909,47,11110,4,1,0,11110,0,47,">65 "
1726916,1,355,26,0,0,355,0,1,"40-44 "
1727029,22,6814,4,2,0,6814,0,22,"35-39 "
1727074,5,682,18,4,0,682,0,5,"30-34 "
1727098,9,6573,30,0,6573,0,9,0,"35-39 "
1727135,23,4358,11,0,0,4358,0,23,"30-34 "
1727203,12,5071,2,2,5071,0,12,0,"45-49 "
1727241,10,1225,33,0,0,1225,0,10,"35-39 "
1727289,52,15893,11,1,9030,6863,28,24,">65 "
1727296,42,3792,13,1,2740,1052,27,15,"40-44 "
1727302,27,2977,26,0,0,2977,0,27,"50-54 "
1727371,15,2289,4,0,0,2289,0,15,"30-34 "
1727418,15,4359,20,1,3317,1042,8,7,"25-29 "
1727487,4,239,4,0,0,239,0,4,"35-39 "
1727524,7,1538,31,0,1538,0,7,0,"35-39 "
1727548,3,172,32,0,0,172,0,3,"40-44 "
1727586,36,13480,22,0,13480,0,36,0,"35-39 "
1727609,25,1982,4,1,1194,788,18,7,"40-44 "
1727623,45,6610,2,1,2907,3703,22,23,"40-44 "
1727630,8,955,2,0,955,0,8,0,"45-49 "
1727647,1,318,42,0,318,0,1,0,">65 "
1727760,9,3338,7,3,3338,0,9,0,"25-29 "
1727784,6,1071,16,0,1071,0,6,0,"45-49 "
1727883,16,930,16,1,930,0,16,0,"45-49 "
1727944,8,2693,16,2,2693,0,8,0,"25-29 "
1727975,61,5479,2,1,3409,2070,37,24,"40-44 "
1727982,31,7005,5,0,0,7005,0,31,"<25 "
1727999,1,3008,21,0,3008,0,1,0,"40-44 "
1728026,5,183,33,0,0,183,0,5,"40-44 "
1728095,37,9892,4,0,0,9892,0,37,"35-39 "
1728118,14,2095,15,2,1686,409,7,7,"30-34 "
1728187,8,1151,2,4,1151,0,8,0,">65 "
1728231,51,7930,39,0,6666,1264,26,25,"35-39 "
1728286,8,468,19,0,0,468,0,8,"45-49 "
1728309,8,1108,41,0,1108,0,8,0,"45-49 "
1728392,75,13546,6,0,11998,1548,53,22,"30-34 "
1728422,4,2544,16,1,1908,636,2,2,"25-29 "
1728460,8,624,40,0,0,624,0,8,"40-44 "
1728538,29,2692,2,1,650,2042,4,25,">65 "
1728545,53,8442,6,0,2975,5467,11,42,">65 "
1728590,8,567,25,0,0,567,0,8,"45-49 "
1728668,36,12145,7,0,12145,0,36,0,"40-44 "
1728705,25,2869,15,0,2869,0,25,0,"25-29 "
1728781,6,583,4,5,168,415,1,5,"25-29 "
1728859,6,1742,20,0,1742,0,6,0,"35-39 "
1728927,3,348,33,0,0,348,0,3,"35-39 "
1728996,2,414,32,0,0,414,0,2,"30-34 "
1729030,3,213,31,0,213,0,3,0,"35-39 "
1729047,17,2506,14,1,1744,762,6,11,"35-39 "
1729054,2,7228,18,0,0,7228,0,2,"45-49 "
1729061,9,1667,10,2,1027,640,6,3,"40-44 "
1729085,23,5314,39,0,0,5314,0,23,"30-34 "
1729153,3,400,7,0,400,0,3,0,"30-34 "
1729177,5,439,7,0,439,0,5,0,"40-44 "
1729214,26,2233,35,0,2233,0,26,0,"45-49 "
1729238,11,1731,15,0,1731,0,11,0,"35-39 "
1729245,40,6507,18,0,3094,3413,22,18,"30-34 "
1729283,4,1404,7,2,1382,22,3,1,"35-39 "
1729306,13,1069,35,0,1069,0,13,0,"35-39 "
1729344,8,521,39,0,0,521,0,8,"30-34 "
1729351,24,1618,9,1,1220,398,19,5,"45-49 "
1729498,2,401,2,0,401,0,2,0,"25-29 "
1729528,2,1421,7,0,1421,0,2,0,"30-34 "
1729610,1,2612,20,0,2612,0,1,0,"55-59 "
1729634,3,306,5,0,0,306,0,3,"40-44 "
1729887,19,1442,16,0,326,1116,4,15,"45-49 "
1729924,20,2004,37,0,2004,0,20,0,"35-39 "
1729955,42,10326,2,1,5599,4727,21,21,"30-34 "
1730005,7,14172,22,3,14172,0,7,0,"50-54 "
1730012,1,129,36,0,129,0,1,0,"30-34 "
1730036,2,145,39,0,0,145,0,2,"35-39 "
1730104,19,12212,12,0,10246,1966,4,15,"35-39 "
1730128,20,6501,19,1,1492,5009,2,18,"35-39 "
1730227,3,334,4,0,0,334,0,3,"25-29 "
1730333,9,1302,32,0,0,1302,0,9,"35-39 "
1730418,14,2841,24,0,2841,0,14,0,"55-59 "
1730555,51,5652,22,0,5652,0,51,0,"45-49 "
1730616,11,1265,42,0,1265,0,11,0,"45-49 "
1730623,35,1940,31,0,1940,0,35,0,"30-34 "
1730685,20,2532,20,0,2532,0,20,0,"45-49 "
1730722,26,2493,5,1,0,2493,0,26,"30-34 "
1730753,16,1418,2,0,1418,0,16,0,"50-54 "
1730876,12,1191,19,0,0,1191,0,12,"35-39 "
1730883,12,6199,12,0,0,6199,0,12,"<25 "
1730913,25,3130,2,2,3130,0,25,0,"40-44 "
1730937,5,4541,16,0,4541,0,5,0,"30-34 "
1731033,15,4754,23,0,4754,0,15,0,"45-49 "
1731194,10,3602,33,0,3497,105,9,1,"30-34 "
1731200,6,747,18,0,0,747,0,6,"35-39 "
1731248,36,3460,27,0,3460,0,36,0,"35-39 "
1731316,10,2515,10,3,2515,0,10,0,"35-39 "
1731415,36,14393,5,1,3217,11176,9,27,"35-39 "
1731422,11,1785,14,2,1785,0,11,0,"30-34 "
1731514,10,721,5,0,0,721,0,10,"30-34 "
1731552,5,346,29,0,346,0,5,0,"30-34 "
1731569,18,2049,8,2,2049,0,18,0,"40-44 "
1731590,43,3587,3,1,3587,0,43,0,"35-39 "
1731712,13,3075,29,0,3075,0,13,0,"30-34 "
1731781,13,1558,41,0,1558,0,13,0,"45-49 "
1731880,1,1360,31,0,1360,0,1,0,">65 "
1732023,16,1255,12,1,716,539,8,8,"45-49 "
1732047,6,574,26,0,0,574,0,6,"30-34 "
1732061,6,917,19,0,0,917,0,6,"45-49 "
1732139,13,1485,18,0,0,1485,0,13,"35-39 "
1732320,44,6223,21,0,6223,0,44,0,"35-39 "
1732344,40,7328,8,1,3620,3708,29,11,"35-39 "
1732375,2,170,5,0,0,170,0,2,"50-54 "
1732412,3,20888,22,0,20888,0,3,0,"35-39 "
1732450,1,3120,30,0,3120,0,1,0,"35-39 "
1732481,6,39338,22,0,39338,0,6,0,"35-39 "
1732634,2,278,18,0,0,278,0,2,"35-39 "
1732696,11,881,17,2,881,0,11,0,"40-44 "
1732917,21,7401,19,1,4036,3365,12,9,"35-39 "
1732979,3,190,3,0,190,0,3,0,"35-39 "
1733037,21,3520,2,0,3520,0,21,0,"35-39 "
1733044,1,348,10,0,348,0,1,0,"30-34 "
1733082,11,1105,32,0,726,379,9,2,"30-34 "
1733204,107,44121,3,0,38813,5308,83,24,"40-44 "
1733228,5,2822,41,0,2822,0,5,0,"35-39 "
1733242,33,3754,25,1,2354,1400,14,19,"35-39 "
1733266,5,277,26,0,0,277,0,5,"40-44 "
1733280,3,477,38,0,477,0,3,0,"30-34 "
1733297,2,112,38,0,112,0,2,0,"40-44 "
1733426,30,3126,6,1,3126,0,30,0,"45-49 "
1733488,23,5057,8,0,5057,0,23,0,"35-39 "
1733600,14,8280,2,3,6204,2076,13,1,"30-34 "
1733617,15,2124,4,2,1488,636,7,8,"35-39 "
1733624,41,7409,33,0,0,7409,0,41,"40-44 "
1733679,9,1208,5,0,0,1208,0,9,"30-34 "
1733709,10,1345,19,0,0,1345,0,10,"35-39 "
1733716,13,8303,2,2,8303,0,13,0,"45-49 "
1733778,6,1637,3,5,1637,0,6,0,"60-64 "
1733860,5,3434,19,0,0,3434,0,5,"40-44 "
1733884,8,1476,41,0,1476,0,8,0,"25-29 "
1733938,32,5060,5,1,0,5060,0,32,"45-49 "
1733945,4,1941,16,6,1737,204,2,2,"30-34 "
1733952,8,1243,20,3,1243,0,8,0,">65 "
1734126,13,5190,14,2,5190,0,13,0,"30-34 "
1734157,19,1910,6,0,1910,0,19,0,"50-54 "
1734171,2,143,18,0,0,143,0,2,"<25 "
1734287,4,24008,22,2,24008,0,4,0,">65 "
1734294,3,20888,22,0,20888,0,3,0,">65 "
1734362,8,898,11,4,359,539,1,7,"40-44 "
1734409,19,2750,17,0,2750,0,19,0,"45-49 "
1734454,18,2551,26,0,0,2551,0,18,"40-44 "
1734522,5,1280,19,4,0,1280,0,5,"50-54 "
1734539,49,57769,7,1,3784,53985,25,24,"40-44 "
1734560,17,2026,14,0,2026,0,17,0,"40-44 "
1734621,5,431,2,5,252,179,4,1,"60-64 "
1734652,9,1010,19,2,0,1010,0,9,"40-44 "
1734737,1,36,17,0,36,0,1,0,"30-34 "
1734744,12,4069,18,0,0,4069,0,12,"45-49 "
1734836,13,1065,5,3,996,69,12,1,"30-34 "
1734843,19,1178,11,0,0,1178,0,19,"35-39 "
1734874,11,1939,33,0,0,1939,0,11,"50-54 "
1734881,33,2256,15,1,1352,904,16,17,"30-34 "
1734904,21,2761,6,1,1776,985,13,8,"60-64 "
1734911,3,1322,5,0,0,1322,0,3,"30-34 "
1734966,23,3143,21,1,2428,715,16,7,"30-34 "
1734980,12,1204,41,0,1204,0,12,0,"40-44 "
1735031,5,387,40,0,0,387,0,5,"25-29 "
1735109,17,4694,7,2,3774,920,8,9,"40-44 "
1735123,12,3226,20,0,3226,0,12,0,"25-29 "
1735185,7,808,18,0,0,808,0,7,"25-29 "
1735253,27,1800,12,1,370,1430,5,22,"35-39 "
1735260,9,734,15,0,734,0,9,0,"40-44 "
1735284,7,1663,16,3,1663,0,7,0,"35-39 "
1735314,33,3781,11,1,0,3781,0,33,"35-39 "
1735352,3,623,5,0,0,623,0,3,"45-49 "
1735406,30,8717,9,1,8012,705,25,5,"25-29 "
1735475,23,14121,2,2,14121,0,23,0,"30-34 "
1735505,24,3163,14,0,3163,0,24,0,"35-39 "
1735581,6,591,29,0,591,0,6,0,"50-54 "
1735635,6,837,38,0,837,0,6,0,"45-49 "
1735666,11,979,12,0,0,979,0,11,"45-49 "
1735697,3,337,18,0,0,337,0,3,"40-44 "
1735727,16,5756,14,2,4315,1441,7,9,"35-39 "
1735789,27,4416,4,1,2827,1589,19,8,"25-29 "
1735819,57,45380,18,0,0,45380,0,57,"45-49 "
1735833,27,7064,5,0,0,7064,0,27,"30-34 "
1735840,22,5749,5,2,4270,1479,18,4,"30-34 "
1735864,1,2612,6,0,2612,0,1,0,"<25 "
1735925,37,2958,4,1,736,2222,16,21,"30-34 "
1735963,12,1179,19,0,0,1179,0,12,"25-29 "
1736021,26,7486,2,1,2843,4643,13,13,"25-29 "
1736052,7,890,39,0,0,890,0,7,"30-34 "
1736083,18,1888,14,0,1888,0,18,0,"35-39 "
1736113,36,3317,11,0,1869,1448,23,13,"30-34 "
1736144,20,5863,39,0,0,5863,0,20,"40-44 "
1736199,6,624,2,0,624,0,6,0,"30-34 "
1736229,11,2401,15,2,365,2036,3,8,"55-59 "
1736243,3,366,16,0,366,0,3,0,"45-49 "
1736274,25,5315,33,0,0,5315,0,25,"45-49 "
1736298,10,747,28,0,86,661,1,9,"35-39 "
1736342,4,194,24,0,194,0,4,0,"25-29 "
1736397,16,1588,10,0,1588,0,16,0,"35-39 "
1736632,27,20960,4,1,17528,3432,19,8,"30-34 "
1736649,12,1042,6,0,1042,0,12,0,"35-39 "
1736670,2,788,11,0,0,788,0,2,"50-54 "
1736700,25,6986,25,0,0,6986,0,25,"30-34 "
1736816,24,2073,21,0,2073,0,24,0,"35-39 "
1736861,8,467,32,0,0,467,0,8,"40-44 "
1736892,14,9948,8,2,9948,0,14,0,"35-39 "
1737028,7,1241,8,0,1241,0,7,0,"40-44 "
1737035,5,5920,22,1,5920,0,5,0,"45-49 "
1737042,1,395,4,0,0,395,0,1,"30-34 "
1737134,6,629,19,0,0,629,0,6,"25-29 "
1737257,36,4357,22,0,4357,0,36,0,"40-44 "
1737264,19,2046,29,0,2046,0,19,0,"40-44 "
1737318,10,3207,8,2,3207,0,10,0,"60-64 "
1737349,22,2835,11,0,0,2835,0,22,"40-44 "
1737363,5,1030,2,1,1030,0,5,0,"40-44 "
1737387,2,5688,30,0,5688,0,2,0,"35-39 "
1737417,31,3107,3,1,2298,809,26,5,"40-44 "
1737547,2,642,26,0,0,642,0,2,"35-39 "
1737769,31,3416,6,1,3327,89,30,1,"35-39 "
1737776,4,1935,28,0,1935,0,4,0,"35-39 "
1737783,4,4017,15,5,4017,0,4,0,"40-44 "
1737837,13,1624,11,0,0,1624,0,13,"30-34 "
1737899,6,535,9,3,535,0,6,0,"35-39 "
1737912,2,171,12,0,0,171,0,2,"40-44 "
1737950,3,150,15,0,150,0,3,0,"30-34 "
1737981,1,275,32,0,0,275,0,1,"35-39 "
1738087,5,608,17,0,608,0,5,0,"40-44 "
1738117,6,14819,5,0,0,14819,0,6,"35-39 "
1738155,12,27982,4,2,0,27982,0,12,"35-39 "
1738285,7,705,19,0,0,705,0,7,"40-44 "
1738292,15,2205,12,0,308,1897,2,13,"55-59 "
1738346,22,3513,11,0,94,3419,1,21,"35-39 "
1738391,1,944,20,0,944,0,1,0,"30-34 "
1738544,5,434,31,0,434,0,5,0,"45-49 "
1738643,1,3008,7,0,3008,0,1,0,"<25 "
1738667,37,6027,6,1,4459,1568,28,9,"40-44 "
1738698,19,2079,12,1,0,2079,0,19,"40-44 "
1738711,5,1437,14,0,1437,0,5,0,"25-29 "
1738759,9,4296,34,0,4296,0,9,0,"35-39 "
1738773,4,556,15,0,556,0,4,0,"40-44 "
1738858,20,1535,16,1,1535,0,20,0,"35-39 "
1738865,11,986,20,1,986,0,11,0,"30-34 "
1738926,4,576,39,0,0,576,0,4,"25-29 "
1739015,11,999,39,0,0,999,0,11,"30-34 "
1739022,8,9339,13,0,9339,0,8,0,"30-34 "
1739121,7,1438,32,0,0,1438,0,7,"55-59 "
1739152,19,769,9,0,769,0,19,0,"30-34 "
1739237,3,965,24,0,596,369,1,2,"40-44 "
1739268,4,2727,20,0,2727,0,4,0,"35-39 "
1739275,7,466,19,0,0,466,0,7,"35-39 "
1739299,12,1175,24,0,1175,0,12,0,"30-34 "
1739312,19,1920,18,0,0,1920,0,19,"35-39 "
1739329,13,3329,4,0,0,3329,0,13,"30-34 "
1739343,15,5453,25,1,53,5400,2,13,"40-44 "
1739350,12,2851,39,0,0,2851,0,12,"30-34 "
1739374,28,5128,39,0,0,5128,0,28,"40-44 "
1739404,2,468,4,0,0,468,0,2,"35-39 "
1739442,9,1159,25,0,0,1159,0,9,"35-39 "
1739466,13,1670,25,0,0,1670,0,13,"35-39 "
1739510,14,4883,11,0,0,4883,0,14,"35-39 "
1739619,3,634,38,0,634,0,3,0,"35-39 "
1739688,4,2517,41,0,2517,0,4,0,"55-59 "
1739725,9,1521,17,2,1249,272,5,4,"25-29 "
1739749,4,309,6,0,309,0,4,0,"45-49 "
1739817,20,6195,4,0,0,6195,0,20,"35-39 "
1739930,25,9672,9,0,9672,0,25,0,"30-34 "
1739978,23,4444,22,0,4444,0,23,0,"55-59 "
1740028,9,1077,35,0,1077,0,9,0,"35-39 "
1740042,11,3985,14,0,3985,0,11,0,"35-39 "
1740059,3,2012,20,4,2012,0,3,0,"30-34 "
1740141,12,2190,32,0,0,2190,0,12,"30-34 "
1740165,1,2384,9,0,2384,0,1,0,"40-44 "
1740219,1,60,35,0,60,0,1,0,">65 "
1740233,17,1710,10,0,1710,0,17,0,"35-39 "
1740417,16,2129,18,0,0,2129,0,16,"45-49 "
1740455,19,1758,9,0,1758,0,19,0,"60-64 "
1740530,14,6217,5,2,0,6217,0,14,"45-49 "
1740592,2,174,37,0,174,0,2,0,"30-34 "
1740653,4,12854,8,0,12854,0,4,0,"45-49 "
1740660,3,233,12,0,0,233,0,3,"30-34 "
1740677,7,4170,15,2,4170,0,7,0,"40-44 "
1740776,41,6892,18,0,3505,3387,21,20,"25-29 "
1740790,6,538,25,0,0,538,0,6,"35-39 "
1740813,16,1350,5,2,0,1350,0,16,"30-34 "
1740820,10,2638,8,0,1542,1096,8,2,"45-49 "
1740868,19,1544,4,0,0,1544,0,19,"45-49 "
1740875,2,96,32,0,0,96,0,2,"<25 "
1740882,5,1342,12,4,0,1342,0,5,"<25 "
1740998,14,858,3,0,858,0,14,0,"45-49 "
1741018,39,5178,5,1,0,5178,0,39,"35-39 "
1741148,94,26032,17,0,23896,2136,74,20,"35-39 "
1741162,2,413,32,0,0,413,0,2,"35-39 "
1741223,11,1490,11,0,0,1490,0,11,"30-34 "
1741261,20,2326,21,0,2326,0,20,0,"40-44 "
1741278,8,748,4,2,0,748,0,8,"45-49 "
1741292,15,2513,6,2,2513,0,15,0,"30-34 "
1741384,5,326,38,0,326,0,5,0,"35-39 "
1741407,31,20440,11,0,0,20440,0,31,"40-44 "
1741438,6,1030,18,0,0,1030,0,6,"35-39 "
1741445,37,38672,12,0,0,38672,0,37,"40-44 "
1741452,21,5588,4,0,0,5588,0,21,"30-34 "
1741469,16,1146,12,2,400,746,6,10,"45-49 "
1741599,44,4316,31,0,4316,0,44,0,"45-49 "
1741605,34,3739,11,0,0,3739,0,34,"35-39 "
1741643,5,1856,7,0,1856,0,5,0,"40-44 "
1741711,44,9001,19,0,0,9001,0,44,"25-29 "
1741773,24,3168,13,1,632,2536,8,16,"40-44 "
1741780,6,1146,38,0,1146,0,6,0,"35-39 "
1741797,45,3014,2,1,2716,298,40,5,"35-39 "
1741803,10,1641,21,0,1641,0,10,0,"35-39 "
1741810,2,96,6,14,96,0,2,0,"45-49 "
1741858,21,6869,32,0,0,6869,0,21,"60-64 "
1741872,49,5169,11,0,0,5169,0,49,"30-34 "
1741940,7,231,13,2,231,0,7,0,"35-39 "
1741988,3,494,19,0,0,494,0,3,"25-29 "
1742015,16,14256,37,0,14256,0,16,0,"40-44 "
1742053,2,544,33,0,0,544,0,2,"30-34 "
1742091,16,9055,5,1,7654,1401,11,5,"35-39 "
1742138,2,267,5,0,0,267,0,2,"40-44 "
1742145,15,1924,5,2,0,1924,0,15,"35-39 "
1742152,18,1424,9,1,1424,0,18,0,"30-34 "
1742312,7,737,39,0,0,737,0,7,"25-29 "
1742336,37,3706,14,0,3706,0,37,0,"50-54 "
1742367,23,3656,11,0,0,3656,0,23,"40-44 "
1742374,5,434,28,0,434,0,5,0,"50-54 "
1742381,10,2482,3,0,2482,0,10,0,"30-34 "
1742435,14,4324,4,2,2132,2192,4,10,"25-29 "
1742442,6,2549,13,0,2549,0,6,0,"40-44 "
1742466,1,48,30,0,48,0,1,0,"45-49 "
1742510,4,10127,34,0,10127,0,4,0,"40-44 "
1742572,48,12922,13,1,10675,2247,35,13,"25-29 "
1742589,13,1494,5,0,0,1494,0,13,"35-39 "
1742596,25,1565,9,1,1160,405,19,6,"35-39 "
1742602,7,927,28,0,927,0,7,0,"25-29 "
1742633,6,644,18,4,0,644,0,6,"25-29 "
1742701,25,5213,7,0,5213,0,25,0,"25-29 "
1742725,8,1253,18,0,0,1253,0,8,"35-39 "
1742787,51,12412,16,0,9891,2521,40,11,"40-44 "
1742855,58,3242,14,0,2535,707,43,15,"35-39 "
1742886,6,891,25,0,0,891,0,6,"40-44 "
1742916,39,13565,10,1,1411,12154,16,23,"40-44 "
1742923,27,4323,24,0,4323,0,27,0,"30-34 "
1742954,18,21151,26,0,0,21151,0,18,"30-34 "
1743029,3,2503,25,0,0,2503,0,3,"30-34 "
1743166,4,210,6,8,116,94,3,1,"25-29 "
1743937,27,4340,12,1,0,4340,0,27,"25-29 "
1744095,34,5976,4,0,0,5976,0,34,"40-44 "
1744361,4,2285,9,0,2285,0,4,0,"35-39 "
1744576,14,3189,3,0,3189,0,14,0,"40-44 "
1744606,1,499,40,0,0,499,0,1,"25-29 "
1745009,1,352,22,0,352,0,1,0,">65 "
1745214,5,378,32,0,0,378,0,5,"40-44 "
1745238,35,11496,39,0,0,11496,0,35,"40-44 "
1745269,17,2173,18,0,0,2173,0,17,"35-39 "
1745498,58,8081,2,1,8081,0,58,0,"25-29 "
1745566,20,1153,8,2,1153,0,20,0,"45-49 "
1745665,8,1798,19,0,0,1798,0,8,"45-49 "
1745696,19,5612,40,0,0,5612,0,19,"50-54 "
1745764,16,2098,5,1,0,2098,0,16,"45-49 "
1745832,24,2726,5,1,0,2726,0,24,"50-54 "
1746044,32,4141,7,1,1220,2921,20,12,">65 "
1746075,41,7503,3,1,5189,2314,32,9,"35-39 "
1746099,11,1498,24,0,1498,0,11,0,"25-29 "
1746167,12,1069,5,1,0,1069,0,12,"40-44 "
1746228,5,433,4,0,0,433,0,5,"30-34 "
1746235,72,4715,6,0,4715,0,72,0,"30-34 "
1746266,27,2001,11,1,844,1157,8,19,"35-39 "
1746501,1,232,38,0,232,0,1,0,">65 "
1746587,17,17450,3,1,17450,0,17,0,"35-39 "
1746747,7,1956,19,0,0,1956,0,7,">65 "
1746785,5,698,19,0,0,698,0,5,"40-44 "
1746808,10,817,9,1,817,0,10,0,">65 "
1746839,2,720,10,0,720,0,2,0,"40-44 "
1746846,27,6443,15,1,6443,0,27,0,"25-29 "
1746853,6,634,31,0,634,0,6,0,"45-49 "
1746884,11,2516,15,2,1087,1429,6,5,"30-34 "
1747027,2,456,11,10,0,456,0,2,"25-29 "
1747065,25,2504,16,0,2504,0,25,0,"40-44 "
1747089,1,1472,21,0,1472,0,1,0,"45-49 "
1747140,3,552,3,0,552,0,3,0,"50-54 "
1747157,8,361,16,0,361,0,8,0,"45-49 "
1747225,13,1053,4,1,710,343,10,3,"40-44 "
1747232,8,13501,3,4,13374,127,6,2,"25-29 "
1747249,1,60,32,0,0,60,0,1,"30-34 "
1747256,82,20139,3,0,4577,15562,19,63,"35-39 "
1747270,62,5942,5,1,4679,1263,37,25,"30-34 "
1747300,44,8431,37,0,8431,0,44,0,"30-34 "
1747324,4,248,33,0,0,248,0,4,">65 "
1747331,16,4205,12,1,3904,301,12,4,"50-54 "
1747355,59,8842,5,1,2783,6059,14,45,"35-39 "
1747393,17,4000,10,0,4000,0,17,0,">65 "
1747409,13,3698,13,0,3698,0,13,0,"25-29 "
1747416,38,26457,8,1,18296,8161,32,6,"<25 "
1747492,2,42,25,0,0,42,0,2,">65 "
1747560,12,748,41,0,748,0,12,0,"40-44 "
1747591,3,166,35,0,166,0,3,0,"55-59 "
1747638,21,3213,7,0,3213,0,21,0,"40-44 "
1747645,47,5728,7,0,5357,371,41,6,"30-34 "
1747744,28,4175,4,1,388,3787,6,22,"35-39 "
1747751,9,1736,13,2,1736,0,9,0,"40-44 "
1747775,8,2773,12,0,0,2773,0,8,"30-34 "
1747799,6,1019,20,0,1019,0,6,0,"45-49 "
1747904,10,1016,24,0,1016,0,10,0,"25-29 "
1747980,29,3817,3,1,397,3420,9,20,"45-49 "
1747997,3,720,26,0,0,720,0,3,"30-34 "
1748031,6,1384,7,0,1384,0,6,0,"<25 "
1748055,2,58,26,0,0,58,0,2,">65 "
1748123,1,232,5,0,0,232,0,1,">65 "
1748178,7,773,31,0,773,0,7,0,"40-44 "
1748239,11,453,12,1,0,453,0,11,">65 "
1748291,6,471,5,0,0,471,0,6,"<25 "
1748338,14,1307,35,0,1307,0,14,0,"25-29 "
1748352,4,648,20,0,648,0,4,0,"40-44 "
1748413,4,224,29,0,224,0,4,0,"35-39 "
1748536,61,3776,2,1,3270,506,53,8,"45-49 "
1748598,8,1414,11,4,0,1414,0,8,"60-64 "
1748611,2,167,30,0,167,0,2,0,"35-39 "
1748635,1,60,34,0,60,0,1,0,"45-49 "
1748642,38,6947,2,0,6947,0,38,0,"35-39 "
1748826,1,12,33,0,0,12,0,1,"40-44 "
1748901,28,3486,5,1,1598,1888,13,15,"40-44 "
1748925,7,1098,39,0,0,1098,0,7,"50-54 "
1748932,36,4994,21,0,4994,0,36,0,"35-39 "
1749021,23,2629,20,1,2629,0,23,0,"45-49 "
1749076,6,497,41,0,497,0,6,0,"35-39 "
1749083,6,810,5,0,0,810,0,6,"35-39 "
1749137,12,888,33,0,582,306,7,5,"<25 "
1749151,5,355,6,0,355,0,5,0,">65 "
1749182,32,50908,31,0,7302,43606,13,19,"35-39 "
1749205,5,3107,14,0,3107,0,5,0,"25-29 "
1749212,5,560,25,0,0,560,0,5,"25-29 "
1749229,8,1594,19,0,0,1594,0,8,"35-39 "
1749298,1,60,35,0,60,0,1,0,"45-49 "
1749311,1,60,35,0,60,0,1,0,"55-59 "
1749328,15,5856,31,0,5856,0,15,0,"25-29 "
1749342,2,2239,23,0,2239,0,2,0,"40-44 "
1749366,4,1419,17,0,1419,0,4,0,"55-59 "
1749533,2,456,21,6,396,60,1,1,"30-34 "
1749588,4,2954,28,0,2954,0,4,0,"30-34 "
1749618,14,1936,18,1,326,1610,2,12,"25-29 "
1749625,3,664,20,0,664,0,3,0,"35-39 "
1749656,10,2226,34,0,2226,0,10,0,"35-39 "
1749694,19,3539,19,1,3338,201,15,4,"30-34 "
1749724,9,1006,4,3,504,502,1,8,"35-39 "
1749731,24,3137,7,1,3137,0,24,0,"25-29 "
1749755,6,517,42,0,517,0,6,0,"<25 "
1749861,1,60,33,0,0,60,0,1,"30-34 "
1749885,1,60,33,0,0,60,0,1,"60-64 "
1749892,1,60,33,0,0,60,0,1,"35-39 "
1749939,7,3165,2,4,3165,0,7,0,"60-64 "
1749977,6,548,24,0,548,0,6,0,"45-49 "
1750003,7,4604,15,0,4604,0,7,0,">65 "
1750072,6,3035,8,0,3035,0,6,0,"40-44 "
1750157,3,405,20,0,405,0,3,0,"45-49 "
1750218,3,297,18,0,0,297,0,3,"45-49 "
1750256,9,2397,39,0,0,2397,0,9,"25-29 "
1750270,22,2711,9,1,1407,1304,10,12,"35-39 "
1750317,2,97,6,0,97,0,2,0,"30-34 "
1750348,10,776,41,0,776,0,10,0,"45-49 "
1750379,3,719,39,0,0,719,0,3,"30-34 "
1750416,4,605,31,0,605,0,4,0,"40-44 "
1750430,26,97674,17,1,97674,0,26,0,"30-34 "
1750492,5,2234,41,0,2234,0,5,0,"35-39 "
1750515,11,4675,21,0,4675,0,11,0,"30-34 "
1750560,15,8564,12,1,4952,3612,6,9,"30-34 "
1750614,7,3085,39,0,0,3085,0,7,"50-54 "
1750638,2,210,41,0,210,0,2,0,">65 "
1750652,7,2301,26,0,0,2301,0,7,"30-34 "
1750676,5,1192,24,3,652,540,4,1,"50-54 "
1750713,25,1063,15,1,416,647,13,12,"35-39 "
1750737,39,6647,3,1,6647,0,39,0,"35-39 "
1750911,4,1447,18,0,0,1447,0,4,"30-34 "
1750928,7,2395,27,0,2395,0,7,0,"45-49 "
1750942,11,733,19,2,563,170,6,5,">65 "
1750966,109,7438,2,0,7438,0,109,0,"<25 "
1751000,17,1281,2,2,940,341,13,4,"35-39 "
1751017,17,1450,9,2,1063,387,13,4,"40-44 "
1751055,1,944,39,0,0,944,0,1,"45-49 "
1751093,7,2791,18,0,0,2791,0,7,"35-39 "
1751123,9,828,18,0,0,828,0,9,">65 "
1751253,26,8828,12,1,6881,1947,17,9,"<25 "
1751345,8,1270,2,3,1270,0,8,0,"50-54 "
1751376,4,6696,14,0,6696,0,4,0,"40-44 "
1751383,19,2593,8,1,2593,0,19,0,"45-49 "
1751499,5,510,2,3,510,0,5,0,"45-49 "
1751604,19,6434,26,1,5029,1405,11,8,"50-54 "
1751642,1,79,9,0,79,0,1,0,"40-44 "
1751673,11,2311,11,2,1114,1197,2,9,"35-39 "
1751680,6,482,2,1,482,0,6,0,"45-49 "
1751734,5,272,37,0,272,0,5,0,"25-29 "
1751758,7,359,10,0,359,0,7,0,"45-49 "
1751772,4,74,5,0,0,74,0,4,"35-39 "
1751796,34,18000,4,0,13738,4262,13,21,"60-64 "
1751802,1,36,19,0,0,36,0,1,"30-34 "
1751864,9,6620,16,3,1230,5390,8,1,"30-34 "
1751949,17,2618,18,1,1805,813,12,5,"30-34 "
1751970,11,8836,7,2,8836,0,11,0,"25-29 "
1752021,11,3656,29,0,3656,0,11,0,"30-34 "
1752069,44,8122,5,1,745,7377,6,38,"35-39 "
1752076,4,543,32,0,0,543,0,4,"35-39 "
1752083,7,907,15,0,907,0,7,0,"30-34 "
1752090,2,88,15,0,88,0,2,0,"35-39 "
1752106,6,457,39,0,0,457,0,6,"50-54 "
1752144,5,524,17,0,524,0,5,0,"35-39 "
1752175,8,2610,29,2,2610,0,8,0,">65 "
1752199,34,4297,6,1,3017,1280,26,8,"40-44 "
1752250,18,1722,11,1,834,888,11,7,"25-29 "
1752274,33,14630,11,1,13388,1242,11,22,"25-29 "
1752366,12,5815,18,1,420,5395,3,9,"35-39 "
1752397,8,757,18,2,172,585,5,3,"60-64 "
1752434,39,9841,25,0,0,9841,0,39,"25-29 "
1752472,8,1352,39,0,0,1352,0,8,"30-34 "
1752502,4,1600,24,0,1600,0,4,0,"35-39 "
1752625,11,1126,33,0,0,1126,0,11,"35-39 "
1752670,1,53,31,0,53,0,1,0,"35-39 "
1752793,13,2261,11,0,0,2261,0,13,"45-49 "
1752830,3,128,25,0,0,128,0,3,"35-39 "
1752878,21,1825,21,1,1825,0,21,0,">65 "
1752908,1,36,20,0,36,0,1,0,"30-34 "
1752939,29,10598,10,1,8959,1639,16,13,"25-29 "
1752960,8,959,32,0,0,959,0,8,"35-39 "
1752984,6,1230,21,0,1230,0,6,0,"40-44 "
1753042,30,2307,34,0,2307,0,30,0,"30-34 "
1753066,13,2102,3,0,2102,0,13,0,"40-44 "
1753110,4,4833,18,0,0,4833,0,4,"30-34 "
1753141,6,644,26,0,0,644,0,6,"45-49 "
1753202,5,2737,33,0,505,2232,4,1,"30-34 "
1753240,26,3201,26,1,0,3201,0,26,"40-44 "
1753257,10,1553,15,0,1553,0,10,0,"35-39 "
1753271,4,205,33,0,0,205,0,4,"35-39 "
1753318,4,245,6,0,245,0,4,0,"25-29 "
1753356,7,1077,6,0,1077,0,7,0,"40-44 "
1753387,4,707,12,0,0,707,0,4,"45-49 "
1753394,41,4971,4,1,1180,3791,16,25,"40-44 "
1753523,20,1766,26,0,1677,89,19,1,"30-34 "
1753578,1,396,22,0,396,0,1,0,"25-29 "
1753714,11,4852,17,2,4852,0,11,0,"25-29 "
1753776,27,3441,19,0,0,3441,0,27,"40-44 "
1753813,24,4134,7,1,4134,0,24,0,"40-44 "
1753868,2,377,25,0,0,377,0,2,"45-49 "
1753899,1,396,6,0,396,0,1,0,"35-39 "
1753929,1,396,6,0,396,0,1,0,"35-39 "
1753967,1,75,39,0,0,75,0,1,"35-39 "
1753981,2,584,33,0,0,584,0,2,"45-49 "
1754100,14,875,5,2,0,875,0,14,"30-34 "
1754148,3,492,19,5,60,432,1,2,"35-39 "
1754254,8,4410,18,0,0,4410,0,8,"60-64 "
1754285,7,646,6,3,646,0,7,0,">65 "
1754292,3,1596,11,0,0,1596,0,3,"35-39 "
1754322,1,224,26,0,0,224,0,1,"45-49 "
1754353,3,483,19,0,0,483,0,3,"<25 "
1754407,2,96,19,6,0,96,0,2,"45-49 "
1754438,1,60,35,0,60,0,1,0,"<25 "
1754476,18,1852,10,2,1459,393,12,6,"35-39 "
1754490,5,574,14,2,229,345,2,3,"40-44 "
1754513,21,2199,14,0,2199,0,21,0,"35-39 "
1754575,3,261,31,0,261,0,3,0,"60-64 "
1754599,9,615,24,1,615,0,9,0,"55-59 "
1754605,14,2384,32,0,0,2384,0,14,"35-39 "
1754612,1,60,34,0,60,0,1,0,"25-29 "
1754643,2,95,32,0,0,95,0,2,"40-44 "
1754735,14,4371,5,0,0,4371,0,14,"<25 "
1754766,12,1891,14,2,1397,494,10,2,"45-49 "
1754780,3,204,32,0,0,204,0,3,"55-59 "
1754803,22,4553,39,0,0,4553,0,22,"25-29 "
1754933,7,3597,36,0,3597,0,7,0,"40-44 "
1754971,2,274,27,0,274,0,2,0,"60-64 "
1755039,24,3111,5,2,2514,597,19,5,">65 "
1755060,14,19903,17,2,19903,0,14,0,"45-49 "
1755152,12,5479,32,0,0,5479,0,12,"35-39 "
1755275,3,179,32,0,0,179,0,3,"30-34 "
1755343,20,5305,25,0,0,5305,0,20,"35-39 "
1755350,9,614,32,0,0,614,0,9,"50-54 "
1755435,38,4032,11,1,1746,2286,9,29,"25-29 "
1755459,11,1192,18,2,1067,125,9,2,"35-39 "
1755527,3,226,22,0,226,0,3,0,"45-49 "
1755565,64,10531,10,0,8476,2055,44,20,"35-39 "
1755596,17,1973,6,2,131,1842,3,14,"30-34 "
1755732,24,5966,12,0,0,5966,0,24,"25-29 "
1755770,6,535,2,0,535,0,6,0,"30-34 "
1755909,8,798,19,0,0,798,0,8,"40-44 "
1755985,2,55,8,0,55,0,2,0,"50-54 "
1756012,9,540,41,0,540,0,9,0,"35-39 "
1756043,12,678,5,2,579,99,11,1,"40-44 "
1756104,1,60,33,0,0,60,0,1,"40-44 "
1756159,15,2848,2,3,1543,1305,7,8,"45-49 "
1756166,18,8647,2,1,4776,3871,3,15,"25-29 "
1756234,5,414,34,0,414,0,5,0,">65 "
1756265,2,3528,6,0,3528,0,2,0,">65 "
1756319,14,1106,18,1,761,345,8,6,"60-64 "
1756357,16,6058,17,1,5590,468,9,7,"45-49 "
1756432,7,275,12,1,0,275,0,7,"25-29 "
1756616,4,1297,10,0,1297,0,4,0,"30-34 "
1756647,10,609,5,1,0,609,0,10,"45-49 "
1756661,13,3183,8,2,3075,108,10,3,"<25 "
1756746,19,1011,18,0,0,1011,0,19,"30-34 "
1756807,31,19211,4,1,630,18581,2,29,"25-29 "
1756814,7,920,34,0,920,0,7,0,"30-34 "
1756821,6,265,25,0,0,265,0,6,"25-29 "
1756838,15,1471,30,0,1471,0,15,0,"30-34 "
1756869,2,558,36,0,558,0,2,0,"35-39 "
1756913,12,9280,5,3,180,9100,1,11,"40-44 "
1756968,23,2462,3,2,1701,761,17,6,"50-54 "
1756975,1,36,5,0,0,36,0,1,"40-44 "
1756999,19,1397,20,0,1397,0,19,0,"40-44 "
1757002,2,493,13,0,493,0,2,0,"35-39 "
1757231,8,2010,25,0,0,2010,0,8,"60-64 "
1757347,1,4875,4,0,0,4875,0,1,"30-34 "
1757361,7,2090,6,2,1064,1026,3,4,">65 "
1757378,5,1483,6,3,1048,435,3,2,"60-64 "
1757392,1,161,8,0,161,0,1,0,"<25 "
1757415,15,6300,5,2,0,6300,0,15,"35-39 "
1757460,8,759,27,0,759,0,8,0,"35-39 "
1757514,11,2373,2,0,2373,0,11,0,"30-34 "
1757620,6,1126,12,0,0,1126,0,6,"35-39 "
1757644,8,935,20,3,935,0,8,0,"30-34 "
1757729,3,835,22,0,835,0,3,0,"40-44 "
1757774,15,9387,41,0,9387,0,15,0,"45-49 "
1757798,1,3590,29,0,3590,0,1,0,">65 "
1757811,13,905,10,2,715,190,9,4,"25-29 "
1757873,6,1271,6,0,1271,0,6,0,"30-34 "
1757880,18,4567,13,2,3345,1222,13,5,"35-39 "
1757972,17,1622,2,1,222,1400,3,14,"35-39 "
1757989,12,1174,4,0,0,1174,0,12,"40-44 "
1757996,5,822,9,0,822,0,5,0,"30-34 "
1758030,29,4629,5,1,1119,3510,6,23,"45-49 "
1758207,14,1244,14,2,1244,0,14,0,"35-39 "
1758252,24,8808,10,1,5988,2820,13,11,"40-44 "
1758276,15,4682,18,1,0,4682,0,15,"30-34 "
1758290,2,814,9,0,814,0,2,0,">65 "
1758320,44,3302,5,1,1747,1555,29,15,"35-39 "
1758344,8,2832,10,0,324,2508,3,5,"30-34 "
1758382,2,1132,2,0,1132,0,2,0,"40-44 "
1758610,27,5884,5,0,474,5410,7,20,"30-34 "
1758634,3,307,34,0,307,0,3,0,"25-29 "
1758665,2,3117,6,0,3117,0,2,0,"35-39 "
1758863,8,1139,19,0,0,1139,0,8,"45-49 "
1758870,24,1860,28,1,1860,0,24,0,"40-44 "
1758948,23,14914,35,0,496,14418,4,19,"50-54 "
1759037,10,1258,25,0,0,1258,0,10,"40-44 "
1759044,56,8063,15,0,8063,0,56,0,"35-39 "
1759082,4,1039,33,0,0,1039,0,4,"35-39 "
1759143,2,408,35,0,408,0,2,0,"30-34 "
1759235,2,3659,35,0,3659,0,2,0,"25-29 "
1759297,14,1447,5,0,0,1447,0,14,"55-59 "
1759334,14,3646,40,0,0,3646,0,14,"30-34 "
1759372,41,15948,7,1,10225,5723,28,13,"<25 "
1759419,6,2048,9,0,2048,0,6,0,"25-29 "
1759426,28,4831,5,1,0,4831,0,28,"60-64 "
1759440,2,74,31,0,74,0,2,0,"<25 "
1759464,5,282,35,0,282,0,5,0,"30-34 "
1759471,8,989,4,0,0,989,0,8,"40-44 "
1759525,14,1931,30,0,1931,0,14,0,"45-49 "
1759563,7,1049,4,0,0,1049,0,7,"45-49 "
1759747,18,1282,14,1,1282,0,18,0,"35-39 "
1759778,27,2187,12,1,0,2187,0,27,"35-39 "
1760026,18,3323,5,0,0,3323,0,18,"35-39 "
1760118,32,5624,5,1,521,5103,4,28,"30-34 "
1760125,11,4225,15,1,4225,0,11,0,"30-34 "
1760156,10,1360,4,0,0,1360,0,10,"40-44 "
1760217,1,76,12,0,0,76,0,1,"30-34 "
1760293,19,1826,5,2,166,1660,3,16,"35-39 "
1760316,52,5974,11,1,0,5974,0,52,"35-39 "
1760460,1,944,18,0,0,944,0,1,"35-39 "
1760507,1,10044,15,0,10044,0,1,0,"30-34 "
1760514,12,2592,33,0,0,2592,0,12,"35-39 "
1760545,1,1050,19,0,0,1050,0,1,"30-34 "
1760569,1,165,19,0,0,165,0,1,"30-34 "
1760613,56,5590,2,1,5590,0,56,0,"40-44 "
1760668,33,8380,6,1,4374,4006,18,15,"35-39 "
1760903,15,1992,15,0,1992,0,15,0,"40-44 "
1760996,2,860,33,0,0,860,0,2,"35-39 "
1761023,19,2573,28,0,2573,0,19,0,"30-34 "
1761092,26,2719,30,0,2719,0,26,0,"25-29 "
1761177,7,944,8,0,944,0,7,0,"45-49 "
1761252,6,653,38,0,653,0,6,0,">65 "
1761351,10,1763,19,1,1073,690,5,5,"45-49 "
1761375,8,1347,17,0,1347,0,8,0,"40-44 "
1761443,34,5064,3,1,3708,1356,33,1,">65 "
1761580,38,10296,6,1,6504,3792,24,14,"30-34 "
1761603,18,1331,35,0,1331,0,18,0,"35-39 "
1761627,60,26511,15,0,11103,15408,34,26,"30-34 "
1761672,2,10484,21,0,10484,0,2,0,"30-34 "
1761733,2,562,34,0,562,0,2,0,"50-54 "
1761740,9,1414,2,0,1414,0,9,0,"45-49 "
1761801,5,2472,21,0,2472,0,5,0,"40-44 "
1761849,12,1040,38,0,1040,0,12,0,"30-34 "
1762037,9,339,2,2,339,0,9,0,">65 "
1762068,18,4243,20,1,1794,2449,9,9,"25-29 "
1762075,1,5877,14,0,5877,0,1,0,"30-34 "
1762082,9,1984,9,0,1984,0,9,0,"30-34 "
1762136,26,11002,11,1,120,10882,1,25,"30-34 "
1762198,3,262,18,0,0,262,0,3,"25-29 "
1762204,13,1293,7,1,754,539,11,2,"40-44 "
1762228,15,1847,4,2,1665,182,12,3,"25-29 "
1762259,49,4441,16,1,2357,2084,24,25,"50-54 "
1762266,82,8466,5,0,283,8183,2,80,"45-49 "
1762303,26,2919,11,1,1480,1439,14,12,"30-34 "
1762464,5,338,30,1,338,0,5,0,"30-34 "
1762532,4,3914,28,0,3914,0,4,0,"35-39 "
1762549,21,2665,7,2,2665,0,21,0,"25-29 "
1762662,4,360,24,0,360,0,4,0,"30-34 "
1762679,24,1984,16,0,1179,805,10,14,"25-29 "
1762730,2,119,38,0,119,0,2,0,">65 "
1762792,9,876,26,0,655,221,6,3,"30-34 "
1762815,14,2273,13,1,1026,1247,9,5,"25-29 "
1762877,5,2637,3,0,2637,0,5,0,"35-39 "
1762914,2,788,19,0,0,788,0,2,"50-54 "
1762938,15,1560,9,0,1560,0,15,0,"50-54 "
1762945,12,1489,15,2,1489,0,12,0,"35-39 "
1762969,6,717,15,3,717,0,6,0,"<25 "
1762983,20,1354,21,0,398,956,7,13,"30-34 "
1763072,14,7493,20,1,377,7116,13,1,"35-39 "
1763133,15,2104,21,0,2104,0,15,0,"40-44 "
1763157,3,6682,14,0,6682,0,3,0,"30-34 "
1763201,22,4262,6,0,4262,0,22,0,"35-39 "
1763218,4,384,15,0,384,0,4,0,"35-39 "
1763478,5,269,39,0,0,269,0,5,"30-34 "
1763492,11,1048,20,0,1048,0,11,0,"30-34 "
1763515,1,396,20,0,396,0,1,0,"55-59 "
1763553,7,4465,21,0,4465,0,7,0,"35-39 "
1763690,23,1967,4,1,637,1330,9,14,"<25 "
1763706,12,1042,13,0,1042,0,12,0,"35-39 "
1763744,6,3041,3,3,3041,0,6,0,"35-39 "
1763836,23,10897,3,2,9859,1038,19,4,">65 "
1763850,11,1595,18,0,0,1595,0,11,"45-49 "
1763874,5,434,31,0,216,218,3,2,"<25 "
1764000,6,810,16,4,810,0,6,0,"40-44 "
1764123,15,2568,21,1,1762,806,10,5,">65 "
1764215,5,1399,26,0,0,1399,0,5,"55-59 "
1764239,17,2309,4,2,1616,693,13,4,"40-44 "
1764246,14,4369,4,3,0,4369,0,14,"50-54 "
1764260,26,3585,12,0,0,3585,0,26,"40-44 "
1764284,9,1647,25,2,0,1647,0,9,"35-39 "
1764314,1,625,4,0,0,625,0,1,"40-44 "
1764338,3,31154,13,0,31154,0,3,0,"40-44 "
1764369,37,3767,7,1,3767,0,37,0,"<25 "
1764383,3,1728,24,0,1728,0,3,0,"35-39 "
1764468,2,74,5,0,0,74,0,2,"40-44 "
1764475,3,222,32,2,0,222,0,3,"60-64 "
1764543,3,244,29,0,244,0,3,0,"40-44 "
1764567,27,2670,8,1,1705,965,16,11,"35-39 "
1764611,16,2205,5,1,494,1711,6,10,"35-39 "
1764710,6,595,9,4,36,559,1,5,"<25 "
1764789,6,321,18,0,0,321,0,6,"30-34 "
1764802,37,4817,5,1,3587,1230,27,10,"55-59 "
1764826,30,4291,4,1,2089,2202,13,17,"35-39 "
1764833,13,646,13,2,646,0,13,0,"40-44 "
1764840,5,403,18,0,0,403,0,5,"40-44 "
1764864,21,1753,4,2,527,1226,6,15,"<25 "
1764895,23,2376,24,0,284,2092,1,22,"35-39 "
1764901,31,4760,2,1,4760,0,31,0,"25-29 "
1764925,12,2535,21,0,2535,0,12,0,"35-39 "
1764956,13,5472,14,2,5472,0,13,0,"40-44 "
1764970,17,5088,39,0,0,5088,0,17,"35-39 "
1765076,13,1822,14,2,1400,422,10,3,"45-49 "
1765083,18,1727,4,2,0,1727,0,18,"35-39 "
1765090,5,382,4,2,188,194,2,3,">65 "
1765151,8,476,14,0,476,0,8,0,"30-34 "
1765205,1,36,11,0,0,36,0,1,"35-39 "
1765212,4,822,11,0,0,822,0,4,">65 "
1765335,29,5826,4,1,2088,3738,14,15,"30-34 "
1765342,12,2280,39,0,0,2280,0,12,"30-34 "
1765397,12,570,17,1,175,395,2,10,"<25 "
1765403,5,490,5,0,0,490,0,5,"30-34 "
1765434,2,177,31,0,177,0,2,0,"45-49 "
1765441,12,1716,11,0,0,1716,0,12,"35-39 "
1765472,2,195,5,0,0,195,0,2,"<25 "
1765496,4,1087,27,0,1087,0,4,0,"25-29 "
1765519,29,4914,5,0,3388,1526,25,4,"40-44 "
1765526,10,837,19,2,0,837,0,10,"50-54 "
1765533,10,985,4,0,0,985,0,10,"25-29 "
1765571,4,5056,17,0,5056,0,4,0,"35-39 "
1765595,8,829,4,0,0,829,0,8,"35-39 "
1765625,10,4521,11,2,4011,510,8,2,"35-39 "
1765649,7,1484,15,3,1484,0,7,0,"<25 "
1765687,7,33639,19,0,0,33639,0,7,"30-34 "
1765700,12,742,25,0,0,742,0,12,"50-54 "
1765748,27,11233,34,0,11233,0,27,0,"45-49 "
1765809,19,4087,32,0,0,4087,0,19,"<25 "
1765854,2,600,34,0,600,0,2,0,">65 "
1765878,2,78,36,0,78,0,2,0,"40-44 "
1765991,59,9417,9,1,9417,0,59,0,"25-29 "
1766004,24,2501,33,0,0,2501,0,24,"35-39 "
1766011,4,178,33,0,0,178,0,4,"<25 "
1766028,5,201,18,0,0,201,0,5,"30-34 "
1766035,22,2138,3,2,1534,604,15,7,"<25 "
1766110,73,9939,6,0,6430,3509,41,32,"35-39 "
1766127,23,3934,32,0,3473,461,15,8,"30-34 "
1766196,11,5139,38,0,5139,0,11,0,"35-39 "
1766219,4,398,27,0,398,0,4,0,"60-64 "
1766288,87,8889,6,0,3066,5823,36,51,"35-39 "
1766295,28,2050,17,0,2050,0,28,0,"35-39 "
1766301,28,3316,18,0,0,3316,0,28,"35-39 "
1766349,4,1448,17,4,765,683,1,3,"35-39 "
1766370,22,12532,2,1,12532,0,22,0,"25-29 "
1766387,13,1131,17,2,1131,0,13,0,">65 "
1766448,3,3420,26,5,0,3420,0,3,"45-49 "
1766523,15,3122,18,0,0,3122,0,15,"55-59 "
1766585,18,1997,26,0,1315,682,11,7,"25-29 "
1766615,23,2380,16,1,2380,0,23,0,"60-64 "
1766769,9,1340,4,3,469,871,6,3,"45-49 "
1766806,19,3036,14,0,3036,0,19,0,"45-49 "
1766813,3,4613,12,0,0,4613,0,3,"30-34 "
1766837,1,60,33,0,0,60,0,1,"<25 "
1766844,14,3678,39,0,0,3678,0,14,"30-34 "
1766998,162,13813,4,0,7075,6738,70,92,"30-34 "
1767001,22,1325,3,2,1325,0,22,0,"45-49 "
1767018,1,76,12,0,0,76,0,1,"40-44 "
1767032,41,9739,18,0,7507,2232,23,18,"45-49 "
1767070,4,390,8,0,390,0,4,0,"40-44 "
1767100,1,1764,21,0,1764,0,1,0,"50-54 "
1767117,1,1764,21,0,1764,0,1,0,"40-44 "
1767148,3,159,21,0,159,0,3,0,"25-29 "
1767179,6,1070,12,0,0,1070,0,6,"25-29 "
1767247,3,4248,2,0,4248,0,3,0,"40-44 "
1767278,3,3652,20,0,3652,0,3,0,"30-34 "
1767292,17,1893,18,1,516,1377,1,16,"45-49 "
1767308,8,959,3,2,260,699,4,4,"30-34 "
1767322,27,155771,4,0,146448,9323,4,23,"50-54 "
1767360,17,17557,12,1,0,17557,0,17,"45-49 "
1767445,1,208,9,0,208,0,1,0,"<25 "
1767476,7,10478,14,1,10478,0,7,0,"30-34 "
1767490,3,1396,18,0,0,1396,0,3,"50-54 "
1767629,9,2416,6,2,2416,0,9,0,"35-39 "
1767636,1,2988,28,0,2988,0,1,0,">65 "
1767643,20,7517,4,2,3264,4253,11,9,">65 "
1767674,40,9015,16,0,3957,5058,29,11,"30-34 "
1767698,19,2263,5,2,1827,436,11,8,"45-49 "
1767773,2,1263,38,0,1263,0,2,0,">65 "
1767834,9,14662,18,0,0,14662,0,9,"45-49 "
1767865,3,115,4,0,0,115,0,3,"35-39 "
1767896,8,859,4,3,0,859,0,8,"<25 "
1767919,3,337,26,4,0,337,0,3,"<25 "
1767940,6,704,15,0,704,0,6,0,"25-29 "
1767957,13,3203,30,0,3203,0,13,0,"40-44 "
1767964,13,1884,20,0,1884,0,13,0,"35-39 "
1768053,2,232,25,0,0,232,0,2,"25-29 "
1768060,13,1887,33,0,0,1887,0,13,"30-34 "
1768077,10,1800,4,3,1140,660,8,2,"45-49 "
1768091,3,199,33,0,0,199,0,3,"35-39 "
1768121,32,9829,3,0,3184,6645,1,31,"35-39 "
1768138,4,740,14,0,740,0,4,0,"45-49 "
1768152,34,18038,3,1,14829,3209,21,13,"30-34 "
1768206,44,10552,23,0,4038,6514,23,21,"30-34 "
1768213,10,1679,30,0,1679,0,10,0,"40-44 "
1768220,9,607,18,1,0,607,0,9,"30-34 "
1768251,10,1117,9,2,1117,0,10,0,"30-34 "
1768336,3,207,22,0,207,0,3,0,"30-34 "
1768404,24,5014,4,2,1821,3193,8,16,"35-39 "
1768411,3,129,17,0,129,0,3,0,"30-34 "
1768503,2,135,16,2,135,0,2,0,"35-39 "
1768558,6,398,11,4,95,303,1,5,"35-39 "
1768589,19,5311,13,1,5311,0,19,0,"45-49 "
1768657,36,4793,32,0,0,4793,0,36,"40-44 "
1768688,3,307,32,0,0,307,0,3,"30-34 "
1768794,15,4635,11,2,0,4635,0,15,"30-34 "
1768954,9,1222,15,1,1222,0,9,0,">65 "
1769029,12,1190,14,1,1190,0,12,0,"35-39 "
1769081,30,2320,2,1,1833,487,24,6,"<25 "
1769098,9,3069,19,1,2690,379,5,4,"55-59 "
1769135,17,1696,14,0,1696,0,17,0,"35-39 "
1769302,18,1056,13,2,1056,0,18,0,"40-44 "
1769401,15,2016,38,0,2016,0,15,0,"<25 "
1769425,11,1361,19,0,0,1361,0,11,"<25 "
1769494,13,1607,20,0,1607,0,13,0,"30-34 "
1769548,7,1162,28,0,1162,0,7,0,"55-59 "
1769555,21,1198,19,0,0,1198,0,21,"25-29 "
1769579,5,12796,5,0,0,12796,0,5,"30-34 "
1769593,66,4677,11,0,2650,2027,39,27,"30-34 "
1769753,9,1830,30,0,1830,0,9,0,"30-34 "
1769784,11,1036,19,0,0,1036,0,11,"30-34 "
1769913,26,6698,30,0,4745,1953,7,19,"55-59 "
1769937,5,1047,10,2,1047,0,5,0,">65 "
1770001,5,868,25,3,0,868,0,5,"35-39 "
1770018,11,3737,36,0,2085,1652,8,3,"30-34 "
1770032,21,3466,32,0,0,3466,0,21,"40-44 "
1770087,12,3619,6,1,3619,0,12,0,"30-34 "
1770094,6,579,3,0,579,0,6,0,"35-39 "
1770100,25,3576,24,1,1362,2214,8,17,"40-44 "
1770124,10,666,5,1,359,307,4,6,">65 "
1770131,8,906,5,0,0,906,0,8,"<25 "
1770162,12,710,20,0,710,0,12,0,"40-44 "
1770278,54,5476,2,1,2042,3434,19,35,"<25 "
1770285,71,22929,5,0,3392,19537,22,49,"40-44 "
1770315,34,2863,3,1,2285,578,27,7,"25-29 "
1770322,15,1212,19,0,0,1212,0,15,"35-39 "
1770353,15,7045,34,0,7045,0,15,0,"30-34 "
1770377,13,2478,9,2,1347,1131,8,5,"25-29 "
1770421,25,6101,19,1,0,6101,0,25,"50-54 "
1770445,14,1293,21,1,384,909,5,9,"30-34 "
1770490,2,108,12,0,0,108,0,2,"35-39 "
1770520,7,306,7,4,306,0,7,0,"<25 "
1770612,3,247,37,0,247,0,3,0,"35-39 "
1770629,13,3667,32,0,0,3667,0,13,"35-39 "
1770636,30,4168,5,1,0,4168,0,30,"50-54 "
1770711,7,356,18,0,0,356,0,7,"30-34 "
1770728,15,7422,11,1,2904,4518,7,8,"30-34 "
1770766,12,908,10,1,820,88,9,3,">65 "
1770773,39,5577,5,0,0,5577,0,39,"45-49 "
1770797,3,236,9,0,236,0,3,0,"40-44 "
1770834,24,2965,11,1,0,2965,0,24,"35-39 "
1770872,40,5582,5,1,4027,1555,26,14,"30-34 "
1770957,8,1220,32,0,0,1220,0,8,"25-29 "
1771053,2,856,28,0,856,0,2,0,"45-49 "
1771077,12,1757,26,0,0,1757,0,12,"30-34 "
1771138,22,3390,40,0,0,3390,0,22,"30-34 "
1771145,3,2077,12,1,1078,999,2,1,"<25 "
1771220,4,467,6,0,467,0,4,0,"<25 "
1771282,2,142,18,0,0,142,0,2,"35-39 "
1771299,34,47049,3,1,42743,4306,17,17,"35-39 "
1771312,18,7193,37,0,6603,590,14,4,"45-49 "
1771367,5,470,26,0,0,470,0,5,"30-34 "
1771381,12,3537,14,2,3134,403,9,3,"30-34 "
1771398,10,1968,25,0,0,1968,0,10,"35-39 "
1771473,20,4107,22,0,4107,0,20,0,"55-59 "
1771527,9,4539,14,0,4539,0,9,0,"25-29 "
1771572,12,1589,25,0,0,1589,0,12,"35-39 "
1771619,15,1677,33,0,0,1677,0,15,"30-34 "
1771732,65,8799,4,1,6885,1914,45,20,"40-44 "
1771756,16,4520,12,1,456,4064,3,13,"25-29 "
1771909,20,2359,15,1,2359,0,20,0,"35-39 "
1771930,5,655,4,0,0,655,0,5,"25-29 "
1772029,1,874,17,0,874,0,1,0,">65 "
1772234,2,775,4,0,0,775,0,2,"60-64 "
1772326,17,3631,18,1,492,3139,1,16,"25-29 "
1772357,2,860,32,0,0,860,0,2,"40-44 "
1772364,8,1902,25,1,0,1902,0,8,"45-49 "
1772418,5,319,14,0,319,0,5,0,"<25 "
1772425,6,522,25,0,0,522,0,6,"35-39 "
1772449,13,1006,16,0,1006,0,13,0,"<25 "
1772500,2,1823,18,12,351,1472,1,1,">65 "
1772623,11,1526,6,0,1526,0,11,0,"35-39 "
1772630,1,252,25,0,0,252,0,1,"35-39 "
1772678,6,692,33,1,660,32,5,1,"60-64 "
1772739,7,1643,7,1,1643,0,7,0,"35-39 "
1772777,15,2905,22,0,1960,945,7,8,"30-34 "
1772807,14,1230,7,0,324,906,4,10,"60-64 "
1772852,12,940,12,0,0,940,0,12,"25-29 "
1773026,4,164,42,0,164,0,4,0,"60-64 "
1773040,27,2238,15,1,1057,1181,11,16,"45-49 "
1773101,1,10044,22,0,10044,0,1,0,"25-29 "
1773156,8,3177,20,0,3177,0,8,0,"50-54 "
1773170,13,689,14,2,689,0,13,0,"<25 "
1773224,14,7914,21,0,7914,0,14,0,"25-29 "
1773309,3,1128,22,0,1128,0,3,0,"25-29 "
1773323,4,439,30,0,439,0,4,0,"25-29 "
1773330,8,470,9,3,470,0,8,0,"35-39 "
1773361,8,1875,2,0,788,1087,2,6,"30-34 "
1773385,4,4152,32,0,0,4152,0,4,"30-34 "
1773507,18,3430,5,2,607,2823,5,13,">65 "
1773583,3,487,21,3,487,0,3,0,"50-54 "
1773620,9,795,8,0,795,0,9,0,"30-34 "
1773682,6,698,12,0,0,698,0,6,"30-34 "
1773750,2,96,2,16,96,0,2,0,"50-54 "
1773774,3,174,34,1,174,0,3,0,"50-54 "
1773798,2,576,33,2,516,60,1,1,"<25 "
1773828,4,3636,18,0,0,3636,0,4,"35-39 "
1773880,2,157,13,9,157,0,2,0,"50-54 "
1773903,2,432,6,0,432,0,2,0,"60-64 "
1773910,11,1328,25,0,0,1328,0,11,"45-49 "
1774016,3,155,8,0,155,0,3,0,"40-44 "
1774023,13,3456,8,1,658,2798,3,10,"50-54 "
1774054,4,983,2,0,726,257,2,2,"45-49 "
1774108,1,36,20,0,36,0,1,0,"35-39 "
1774153,3,3566,11,0,0,3566,0,3,"30-34 "
1774214,5,671,18,0,0,671,0,5,"30-34 "
1774245,32,5764,40,0,0,5764,0,32,"35-39 "
1774313,1,956,20,0,956,0,1,0,"<25 "
1774337,15,1963,30,0,1963,0,15,0,"35-39 "
1774436,7,1180,15,3,658,522,3,4,"40-44 "
1774504,5,313,11,2,49,264,1,4,"35-39 "
1774641,13,1377,41,0,1377,0,13,0,"40-44 "
1774795,3,285,36,0,285,0,3,0,"25-29 "
1774801,5,878,17,0,878,0,5,0,"35-39 "
1774832,12,1506,19,0,0,1506,0,12,"40-44 "
1774900,4,259,19,0,0,259,0,4,"30-34 "
1774917,4,285,40,0,0,285,0,4,"40-44 "
1774955,40,14634,4,0,0,14634,0,40,">65 "
1775044,10,3516,27,0,3516,0,10,0,"25-29 "
1775129,22,1685,39,0,0,1685,0,22,"30-34 "
1775211,1,516,36,0,516,0,1,0,"45-49 "
1775266,1,10044,22,0,10044,0,1,0,"25-29 "
1775303,1,10044,22,0,10044,0,1,0,"50-54 "
1775334,6,380,25,0,0,380,0,6,"45-49 "
1775396,12,13896,8,0,13896,0,12,0,"30-34 "
1775471,16,2170,28,1,2170,0,16,0,"60-64 "
1775501,13,957,23,0,957,0,13,0,"50-54 "
1775532,9,1111,25,0,0,1111,0,9,"40-44 "
1775556,1,10044,22,0,10044,0,1,0,"50-54 "
1775587,18,2566,4,1,0,2566,0,18,"30-34 "
1775631,3,1955,5,1,684,1271,1,2,">65 "
1775655,21,2548,19,1,0,2548,0,21,"40-44 "
1775679,8,788,10,3,370,418,4,4,"25-29 "
1775815,17,13566,33,0,10374,3192,14,3,"35-39 "
1775822,1,399,13,0,399,0,1,0,"30-34 "
1775907,2,75,4,0,0,75,0,2,"30-34 "
1775945,88,11372,4,0,5655,5717,47,41,"35-39 "
1776065,8,1551,32,0,0,1551,0,8,"40-44 "
1776072,9,1347,11,0,0,1347,0,9,"45-49 "
1776089,1,396,11,0,0,396,0,1,"40-44 "
1776096,2,152,11,0,0,152,0,2,"35-39 "
1776232,1,376,5,0,0,376,0,1,"40-44 "
1776270,22,2662,22,0,2662,0,22,0,"45-49 "
1776300,18,3065,35,0,2198,867,8,10,"30-34 "
1776386,15,1609,19,1,961,648,10,5,"25-29 "
1776393,5,208,10,4,181,27,4,1,"<25 "
1776423,16,2111,4,0,0,2111,0,16,"35-39 "
1776430,6,334,11,0,0,334,0,6,"25-29 "
1776492,8,1979,14,1,1503,476,5,3,"40-44 "
1776546,23,4303,25,1,0,4303,0,23,"55-59 "
1776614,41,12019,4,1,0,12019,0,41,"25-29 "
1776706,20,6484,29,0,6484,0,20,0,"30-34 "
1776836,16,3343,18,0,0,3343,0,16,"35-39 "
1777024,5,1458,24,0,1458,0,5,0,"45-49 "
1777109,3,157,19,0,0,157,0,3,"25-29 "
1777130,15,4338,6,0,4338,0,15,0,"25-29 "
1777147,7,3544,11,0,0,3544,0,7,"25-29 "
1777222,13,3588,36,0,3588,0,13,0,"30-34 "
1777284,3,4606,21,0,4606,0,3,0,"40-44 "
1777321,3,447,22,2,447,0,3,0,"25-29 "
1777369,2,164,8,0,164,0,2,0,"<25 "
1777420,2,411,4,0,0,411,0,2,"25-29 "
1777567,1,36,16,0,36,0,1,0,"35-39 "
1777635,8,1244,26,0,0,1244,0,8,"30-34 "
1777659,7,386,13,0,386,0,7,0,"50-54 "
1777673,13,980,31,0,980,0,13,0,"50-54 "
1777710,11,1070,37,0,1070,0,11,0,"25-29 "
1777765,1,64,40,0,0,64,0,1,">65 "
1777772,13,1433,2,1,1433,0,13,0,"55-59 "
1777789,7,794,6,0,794,0,7,0,"60-64 "
1777796,13,2042,2,0,2042,0,13,0,"<25 "
1777840,6,1638,22,0,1638,0,6,0,"35-39 "
1777871,13,1641,5,0,0,1641,0,13,"25-29 "
1777925,4,210,21,0,210,0,4,0,">65 "
1777932,7,6668,14,4,181,6487,2,5,"55-59 "
1777987,10,792,13,2,792,0,10,0,"30-34 "
1778007,28,3037,18,1,524,2513,6,22,"45-49 "
1778021,4,210,12,0,0,210,0,4,">65 "
1778069,7,6449,7,4,6449,0,7,0,"30-34 "
1778182,1,99,40,0,0,99,0,1,"40-44 "
1778236,21,4534,17,0,4534,0,21,0,"45-49 "
1778298,18,2056,11,1,610,1446,4,14,"30-34 "
1778304,14,2468,8,2,2468,0,14,0,"30-34 "
1778380,11,904,9,3,904,0,11,0,"25-29 "
1778434,24,19084,3,1,11291,7793,12,12,"35-39 "
1778441,5,8118,3,0,8118,0,5,0,"35-39 "
1778526,5,352,21,0,352,0,5,0,"25-29 "
1778564,13,1599,14,0,1599,0,13,0,"35-39 "
1778571,3,651,21,0,651,0,3,0,">65 "
1778595,65,15422,4,0,0,15422,0,65,"40-44 "
1778618,25,3916,20,1,3916,0,25,0,"40-44 "
1778670,1,10044,22,0,10044,0,1,0,"<25 "
1778724,4,1231,15,0,1231,0,4,0,"35-39 "
1778793,1,10044,22,0,10044,0,1,0,"35-39 "
1778830,14,10912,15,2,8479,2433,12,2,"30-34 "
1778847,1,10044,22,0,10044,0,1,0,"50-54 "
1778915,8,704,6,0,704,0,8,0,"45-49 "
1778922,7,1341,17,1,1341,0,7,0,">65 "
1778977,6,1266,9,5,1007,259,5,1,">65 "
1779066,6,5141,42,0,5141,0,6,0,"45-49 "
1779134,6,279,40,0,0,279,0,6,"35-39 "
1779172,10,756,32,1,0,756,0,10,"<25 "
1779196,36,1758,11,0,1238,520,25,11,"25-29 "
1779233,2,65,30,0,65,0,2,0,"30-34 "
1779288,42,5801,6,1,3771,2030,23,19,"40-44 "
1779295,20,2193,24,0,2193,0,20,0,"40-44 "
1779301,51,14318,7,1,14318,0,51,0,"40-44 "
1779394,4,1248,18,2,0,1248,0,4,"35-39 "
1779400,3,2108,3,0,2108,0,3,0,"30-34 "
1779462,1,47,39,0,0,47,0,1,"<25 "
1779554,25,6741,8,1,1923,4818,19,6,"60-64 "
1779608,2,111,17,0,111,0,2,0,"30-34 "
1779615,3,332,17,0,332,0,3,0,"30-34 "
1779639,14,1897,1,0,1897,0,14,0,"35-39 "
1779646,2,114,40,0,0,114,0,2,"35-39 "
1779783,1,15,11,0,0,15,0,1,"25-29 "
1779790,10,2997,39,0,0,2997,0,10,"60-64 "
1779820,5,186,28,0,186,0,5,0,"45-49 "
1779837,10,1879,17,0,1879,0,10,0,"35-39 "
1779844,4,552,10,0,552,0,4,0,"25-29 "
1779929,35,6973,2,1,6262,711,25,10,"30-34 "
1780154,1,1390,18,0,0,1390,0,1,"25-29 "
1780178,17,2409,9,0,369,2040,1,16,"40-44 "
1780239,15,5710,19,0,0,5710,0,15,"40-44 "
1780406,8,984,15,2,984,0,8,0,"45-49 "
1780451,3,465,21,4,465,0,3,0,"45-49 "
1780512,1,36,8,0,36,0,1,0,"35-39 "
1780550,43,10337,14,1,9279,1058,41,2,"30-34 "
1780567,10,1549,39,0,0,1549,0,10,"45-49 "
1780604,16,7566,15,1,7566,0,16,0,"30-34 "
1780635,7,3899,15,0,3899,0,7,0,"25-29 "
1780659,30,1931,17,1,245,1686,5,25,"55-59 "
1780703,16,3006,1,0,3006,0,16,0,"30-34 "
1780949,6,550,1,0,550,0,6,0,"<25 "
1780956,13,1171,35,0,1171,0,13,0,"40-44 "
1780994,5,551,24,3,113,438,2,3,"45-49 "
1781007,3,189,6,0,189,0,3,0,"45-49 "
1781168,1,36,18,0,0,36,0,1,">65 "
1781182,7,2306,2,5,2177,129,4,3,"35-39 "
1781236,10,4715,24,0,4715,0,10,0,"<25 "
1781250,11,1104,2,3,1104,0,11,0,">65 "
1781274,5,922,4,6,402,520,2,3,">65 "
1781281,4,195,4,0,0,195,0,4,">65 "
1781618,35,12471,21,0,12471,0,35,0,"40-44 "
1781687,4,2161,4,7,0,2161,0,4,"<25 "
1781779,18,8214,2,2,8045,169,17,1,"40-44 "
1781823,31,2101,14,1,1217,884,18,13,"35-39 "
1781830,7,2847,36,0,2847,0,7,0,"<25 "
1781878,18,1664,18,1,932,732,10,8,"25-29 "
1781892,12,899,33,0,0,899,0,12,"30-34 "
1781953,17,2170,5,0,0,2170,0,17,"40-44 "
1781991,27,3065,5,1,0,3065,0,27,"40-44 "
1782042,10,9109,20,0,9109,0,10,0,"30-34 "
1782059,1,7551,20,0,7551,0,1,0,"25-29 "
1782066,7,1592,11,3,0,1592,0,7,"25-29 "
1782240,35,4222,8,1,3879,343,31,4,"<25 "
1782264,1,67,32,0,0,67,0,1,"<25 "
1782295,12,2235,26,0,0,2235,0,12,"40-44 "
1782318,1,36,11,0,0,36,0,1,"35-39 "
1782394,3,382,20,0,382,0,3,0,"60-64 "
1782431,26,3449,22,0,3449,0,26,0,"40-44 "
1782479,7,453,19,0,0,453,0,7,"35-39 "
1782622,5,447,36,0,447,0,5,0,"40-44 "
1782660,7,3003,6,2,2967,36,6,1,"30-34 "
1782707,9,1256,3,2,1256,0,9,0,"40-44 "
1782721,9,870,26,2,583,287,7,2,"35-39 "
1782738,18,2706,18,0,0,2706,0,18,"45-49 "
1782752,4,436,14,2,436,0,4,0,">65 "
1782806,27,3608,7,1,3072,536,21,6,"25-29 "
1782851,4,572,9,2,572,0,4,0,"45-49 "
1782998,5,1061,12,3,368,693,2,3,"50-54 "
1783018,29,21340,11,0,3640,17700,3,26,"30-34 "
1783032,14,2391,25,0,0,2391,0,14,"35-39 "
1783087,3,471,10,0,471,0,3,0,"<25 "
1783117,3,367,19,0,0,367,0,3,"25-29 "
1783230,3,450,17,0,450,0,3,0,"35-39 "
1783285,3,20888,22,0,20888,0,3,0,"<25 "
1783322,16,5056,22,1,3832,1224,6,10,"25-29 "
1783445,11,518,15,0,518,0,11,0,">65 "
1783537,25,9678,36,0,9678,0,25,0,"25-29 "
1783599,7,2266,4,0,0,2266,0,7,"30-34 "
1783629,4,990,22,0,990,0,4,0,"40-44 "
1783643,22,5192,19,0,0,5192,0,22,"50-54 "
1783650,23,1766,5,0,0,1766,0,23,"35-39 "
1783698,3,2873,18,5,0,2873,0,3,"45-49 "
1783858,40,8253,11,0,0,8253,0,40,"45-49 "
1783872,6,718,24,3,718,0,6,0,"45-49 "
1783919,1,396,11,0,0,396,0,1,"50-54 "
1783940,3,935,37,0,935,0,3,0,"50-54 "
1784039,3,629,39,0,0,629,0,3,"25-29 "
1784077,11,4526,18,1,325,4201,2,9,"35-39 "
1784107,5,2016,11,0,0,2016,0,5,"30-34 "
1784145,15,1894,4,0,0,1894,0,15,"35-39 "
1784169,7,2089,40,0,0,2089,0,7,"30-34 "
1784176,12,7432,7,1,154,7278,2,10,"30-34 "
1784244,37,2957,25,0,0,2957,0,37,"40-44 "
1784268,43,4375,4,0,0,4375,0,43,"30-34 "
1784275,35,6284,11,0,0,6284,0,35,"35-39 "
1784299,23,2659,11,0,0,2659,0,23,"30-34 "
1784749,6,366,40,0,0,366,0,6,"40-44 "
1784763,3,231,38,0,231,0,3,0,"45-49 "
1784848,9,1617,39,0,0,1617,0,9,"35-39 "
1784930,4,563,15,0,563,0,4,0,"40-44 "
1784985,1,3008,13,0,3008,0,1,0,"30-34 "
1785098,19,2217,2,2,644,1573,7,12,"<25 "
1785111,49,4986,11,1,1864,3122,21,28,"<25 "
1785180,8,622,15,0,622,0,8,0,"35-39 "
1785289,4,382,17,0,382,0,4,0,"30-34 "
1785302,4,849,25,0,0,849,0,4,"30-34 "
1785333,12,1403,15,1,1163,240,11,1,"35-39 "
1785425,5,603,11,3,22,581,1,4,"60-64 "
1785432,5,195,23,0,195,0,5,0,"45-49 "
1785449,12,1348,31,1,445,903,2,10,"<25 "
1785470,4,237,21,0,237,0,4,0,"35-39 "
1785548,1,38,22,0,38,0,1,0,"30-34 "
1785630,6,616,2,6,616,0,6,0,"40-44 "
1785654,6,1861,4,6,1180,681,3,3,">65 "
1785722,17,1902,38,0,1902,0,17,0,"<25 "
1785807,13,2065,2,0,2065,0,13,0,"35-39 "
1785876,7,1153,7,0,1153,0,7,0,"60-64 "
1785883,6,1415,9,4,742,673,4,2,"35-39 "
1785890,1,229,36,0,229,0,1,0,"<25 "
1785920,3,366,33,0,0,366,0,3,"25-29 "
1786057,17,1026,40,0,0,1026,0,17,"<25 "
1786088,3,519,5,0,0,519,0,3,"40-44 "
1786101,2,80,4,0,0,80,0,2,"35-39 "
1786118,23,1401,23,1,809,592,12,11,"30-34 "
1786149,25,3380,14,1,634,2746,13,12,"30-34 "
1786187,8,1760,7,0,1760,0,8,0,"35-39 "
1786224,5,863,35,1,863,0,5,0,"45-49 "
1786323,34,9456,11,1,856,8600,15,19,"35-39 "
1786422,21,19089,3,2,19089,0,21,0,"60-64 "
1786439,20,2348,12,1,2042,306,16,4,"50-54 "
1786477,15,1979,8,1,1979,0,15,0,"45-49 "
1786484,5,428,11,1,0,428,0,5,"35-39 "
1786491,5,590,34,0,590,0,5,0,"35-39 "
1786514,15,2639,8,0,2639,0,15,0,"35-39 "
1786699,3,132,37,0,132,0,3,0,"25-29 "
1786835,7,855,27,1,855,0,7,0,"25-29 "
1786903,5,405,28,0,405,0,5,0,"25-29 "
1787030,16,9488,41,0,9488,0,16,0,"30-34 "
1787085,5,383,8,0,383,0,5,0,"35-39 "
1787108,18,5021,4,0,0,5021,0,18,"45-49 "
1787139,17,2008,12,1,458,1550,6,11,"25-29 "
1787146,10,1429,14,2,990,439,6,4,">65 "
1787207,17,2510,15,0,2510,0,17,0,"35-39 "
1787283,16,6453,39,0,0,6453,0,16,"35-39 "
1787290,7,1494,18,0,0,1494,0,7,"25-29 "
1787306,24,2272,8,1,2272,0,24,0,"45-49 "
1787368,16,1913,4,2,33,1880,1,15,"60-64 "
1787412,6,468,4,5,0,468,0,6,"35-39 "
1787887,12,2273,24,1,2273,0,12,0,"35-39 "
1787955,9,4194,17,0,4194,0,9,0,"30-34 "
1787979,1,396,21,0,396,0,1,0,"35-39 "
1788020,1,1076,33,0,0,1076,0,1,"35-39 "
1788068,2,413,24,0,413,0,2,0,"40-44 "
1788150,15,19060,2,0,19060,0,15,0,"35-39 "
1788211,39,4670,19,0,0,4670,0,39,"55-59 "
1788228,5,419,9,0,419,0,5,0,"30-34 "
1788266,12,755,32,0,0,755,0,12,"35-39 "
1788426,2,468,20,6,468,0,2,0,"35-39 "
1788457,4,3719,9,0,3719,0,4,0,"30-34 "
1788464,14,6694,40,0,0,6694,0,14,"25-29 "
1788549,8,736,11,0,0,736,0,8,"30-34 "
1788563,10,3237,19,0,0,3237,0,10,"45-49 "
1788648,6,1081,5,4,0,1081,0,6,"45-49 "
1788716,4,1092,25,0,0,1092,0,4,"35-39 "
1788938,8,661,3,0,661,0,8,0,"60-64 "
1788945,5,3039,18,3,1610,1429,3,2,"35-39 "
1789164,3,552,11,0,0,552,0,3,"30-34 "
1789188,6,305,15,0,305,0,6,0,"50-54 "
1789225,20,4853,10,2,4853,0,20,0,"35-39 "
1789256,9,4872,19,0,0,4872,0,9,"30-34 "
1789317,12,2652,4,0,0,2652,0,12,"40-44 "
1789430,7,763,2,5,763,0,7,0,"30-34 "
1789461,17,8441,18,0,0,8441,0,17,"35-39 "
1789546,1,148,28,0,148,0,1,0,"40-44 "
1789553,6,1567,32,0,0,1567,0,6,"35-39 "
1789645,5,322,25,0,0,322,0,5,"50-54 "
1789676,24,2598,4,1,0,2598,0,24,"35-39 "
1789850,6,634,15,0,634,0,6,0,"40-44 "
1790016,5,537,33,0,0,537,0,5,"35-39 "
1790054,6,320,40,0,0,320,0,6,"25-29 "
1790139,6,358,6,0,358,0,6,0,">65 "
1790184,19,978,10,2,816,162,14,5,"35-39 "
1790238,5,562,25,0,0,562,0,5,"45-49 "
1790351,12,3840,19,0,0,3840,0,12,"<25 "
1790771,8,365,33,0,0,365,0,8,"40-44 "
1790825,6,721,4,5,0,721,0,6,">65 "
1790948,53,5110,21,0,708,4402,9,44,"30-34 "
1791129,80,8328,4,0,2614,5714,33,47,"45-49 "
1791181,6,748,39,0,0,748,0,6,"25-29 "
1791280,8,581,25,0,0,581,0,8,"35-39 "
1791303,28,1820,11,0,216,1604,3,25,"25-29 "
1791396,1,65,36,0,65,0,1,0,"<25 "
1791440,23,6954,5,1,5380,1574,13,10,"30-34 "
1791471,2,51,31,0,51,0,2,0,"30-34 "
1791525,2,88,3,0,88,0,2,0,"45-49 "
1791563,4,7360,6,5,7360,0,4,0,"55-59 "
1791587,27,2605,10,1,2605,0,27,0,"60-64 "
1791617,1,36,14,0,36,0,1,0,">65 "
1791648,10,2705,28,0,2705,0,10,0,"45-49 "
1791723,5,485,28,0,485,0,5,0,"50-54 "
1791754,10,1009,33,0,0,1009,0,10,"30-34 "
1791792,1,396,20,0,396,0,1,0,"30-34 "
1791808,2,152,42,0,152,0,2,0,"45-49 "
1791884,18,3014,32,0,0,3014,0,18,"35-39 "
1791969,7,435,12,0,0,435,0,7,"35-39 "
1791990,5,190,16,0,190,0,5,0,"35-39 "
1792096,10,443,5,2,134,309,2,8,"25-29 "
1792102,4,186,43,0,186,0,4,0,"30-34 "
1792195,1,10044,22,0,10044,0,1,0,"40-44 "
1792348,16,2587,31,0,2587,0,16,0,">65 "
1792393,15,1125,4,2,1023,102,13,2,"55-59 "
1792768,3,1072,4,3,396,676,1,2,"30-34 "
1792898,12,2213,26,1,0,2213,0,12,"30-34 "
1792904,10,2780,6,4,2012,768,9,1,">65 "
1792935,4,1500,27,0,1500,0,4,0,">65 "
1792942,5,509,18,0,0,509,0,5,"25-29 "
1792997,2,27332,21,0,27332,0,2,0,"45-49 "
1793062,1,516,40,0,0,516,0,1,"30-34 "
1793093,1,83,25,0,0,83,0,1,"25-29 "
1793208,7,652,33,0,0,652,0,7,"30-34 "
1793215,3,775,24,0,775,0,3,0,"35-39 "
1793284,39,4328,18,1,3776,552,33,6,"<25 "
1793291,2,6264,16,0,6264,0,2,0,"40-44 "
1793307,2,6264,14,0,6264,0,2,0,"45-49 "
1793420,16,1378,2,1,1378,0,16,0,"30-34 "
1793536,3,420,4,0,0,420,0,3,"30-34 "
1793543,10,1360,5,0,0,1360,0,10,"35-39 "
1793857,14,1404,16,1,1404,0,14,0,"30-34 "
1793949,2,6264,15,0,6264,0,2,0,"<25 "
1793956,4,6339,15,0,6339,0,4,0,"<25 "
1794021,9,1311,5,2,0,1311,0,9,"40-44 "
1794151,21,2326,37,0,2326,0,21,0,"40-44 "
1794168,5,2093,5,0,0,2093,0,5,"40-44 "
1794175,5,1326,36,0,1326,0,5,0,"40-44 "
1794205,4,934,13,6,934,0,4,0,"45-49 "
1794250,3,14084,27,0,14084,0,3,0,"30-34 "
1794328,16,1832,12,0,0,1832,0,16,"45-49 "
1794335,2,980,16,0,980,0,2,0,"35-39 "
1794403,14,1859,39,0,0,1859,0,14,"30-34 "
1794427,4,241,8,3,241,0,4,0,"45-49 "
1794472,27,29226,15,1,29226,0,27,0,"40-44 "
1794533,14,70583,7,2,70583,0,14,0,"45-49 "
1794557,5,338,33,0,0,338,0,5,"40-44 "
1794663,22,2301,5,2,0,2301,0,22,"30-34 "
1794762,30,10900,14,0,10900,0,30,0,"30-34 "
1794779,37,9318,12,1,5764,3554,25,12,"25-29 "
1794793,45,3812,2,1,2844,968,34,11,"35-39 "
1794854,2,6147,25,0,0,6147,0,2,"55-59 "
1794892,4,236,35,2,236,0,4,0,">65 "
1794915,17,1889,14,2,724,1165,6,11,"35-39 "
1794939,2,224,32,0,0,224,0,2,"30-34 "
1794960,6,48652,31,0,48652,0,6,0,"40-44 "
1795004,53,7571,7,1,4122,3449,36,17,"30-34 "
1795035,38,8226,8,0,1049,7177,6,32,"35-39 "
1795042,24,2009,6,1,1483,526,19,5,"60-64 "
1795059,14,1254,5,0,0,1254,0,14,"25-29 "
1795073,19,4527,23,0,4527,0,19,0,"60-64 "
1795127,2,516,10,0,516,0,2,0,"50-54 "
1795141,17,1109,5,2,444,665,7,10,"45-49 "
1795189,5,686,41,0,686,0,5,0,">65 "
1795202,10,2053,1,0,2053,0,10,0,"35-39 "
1795554,20,3765,4,0,0,3765,0,20,"40-44 "
1795585,10,1133,7,1,1133,0,10,0,"35-39 "
1795691,10,1753,11,2,725,1028,4,6,">65 "
1795820,8,637,32,0,0,637,0,8,"40-44 "
1795899,17,8534,11,0,0,8534,0,17,"30-34 "
1796100,6,328,39,0,0,328,0,6,"35-39 "
1796117,24,3669,32,0,0,3669,0,24,"35-39 "
1796179,2,118,39,0,0,118,0,2,"25-29 "
1796278,16,1008,11,0,0,1008,0,16,"40-44 "
1796384,13,1425,19,0,0,1425,0,13,"40-44 "
1796421,5,321,11,4,0,321,0,5,">65 "
1796490,17,24042,5,1,0,24042,0,17,"30-34 "
1796735,3,800,39,0,0,800,0,3,"30-34 "
1796742,13,9654,7,2,9654,0,13,0,"35-39 "
1796803,5,7403,32,0,0,7403,0,5,"45-49 "
1796834,23,1721,16,1,1721,0,23,0,"30-34 "
1796919,31,3879,11,1,820,3059,7,24,"30-34 "
1796940,8,3516,12,0,3451,65,7,1,"50-54 "
1796964,1,195,31,0,195,0,1,0,"40-44 "
1796995,13,10267,4,0,0,10267,0,13,"50-54 "
1797022,13,687,4,0,334,353,9,4,"<25 "
1797138,27,15787,13,0,295,15492,2,25,"35-39 "
1797169,46,13207,6,1,2750,10457,26,20,"25-29 "
1797312,62,6896,5,0,2794,4102,28,34,"35-39 "
1797343,55,10606,15,0,6113,4493,15,40,"35-39 "
1797480,15,693,19,1,0,693,0,15,"40-44 "
1797565,15,3040,3,1,3040,0,15,0,"50-54 "
1797879,13,3634,15,0,3634,0,13,0,"30-34 "
1797954,19,1820,13,1,1820,0,19,0,"30-34 "
1798074,13,2023,32,0,0,2023,0,13,">65 "
1798081,15,2685,6,2,655,2030,7,8,"25-29 "
1798104,26,2472,14,1,2472,0,26,0,"45-49 "
1798210,5,618,17,0,618,0,5,0,"35-39 "
1798272,27,2438,8,1,2438,0,27,0,"30-34 "
1798296,5,714,19,3,239,475,1,4,"40-44 "
1798326,2,81,15,0,81,0,2,0,">65 "
1798395,11,1327,9,0,1327,0,11,0,"35-39 "
1798401,86,21516,4,0,16636,4880,44,42,"30-34 "
1798548,8,2022,4,0,0,2022,0,8,"60-64 "
1798562,26,5765,19,0,0,5765,0,26,"35-39 "
1798593,10,1661,7,2,1661,0,10,0,"55-59 "
1798692,6,678,19,0,0,678,0,6,"25-29 "
1798722,10,838,2,0,838,0,10,0,"30-34 "
1798777,11,1348,31,0,1348,0,11,0,"35-39 "
1798890,8,536,18,0,0,536,0,8,"35-39 "
1798937,13,908,2,0,908,0,13,0,"35-39 "
1798944,1,396,9,0,396,0,1,0,"40-44 "
1798999,3,144,40,0,0,144,0,3,"25-29 "
1799057,20,6980,14,1,6305,675,16,4,"30-34 "
1799088,16,2575,4,1,1957,618,8,8,"45-49 "
1799187,12,714,31,0,714,0,12,0,"45-49 "
1799231,28,16674,12,0,0,16674,0,28,"30-34 "
1799262,58,32138,2,0,21908,10230,40,18,"25-29 "
1799453,10,1149,6,2,110,1039,2,8,">65 "
1799477,2,378,29,0,378,0,2,0,"<25 "
1799545,12,2708,39,0,0,2708,0,12,"30-34 "
1799552,40,4111,8,1,3731,380,34,6,"<25 "
1799613,27,9755,4,1,5726,4029,8,19,"35-39 "
1799651,3,353,16,0,353,0,3,0,"25-29 "
1799682,23,4138,19,0,0,4138,0,23,">65 "
1799699,2,359,30,0,359,0,2,0,"45-49 "
1799705,10,2046,4,0,0,2046,0,10,">65 "
1799910,7,1328,4,5,0,1328,0,7,"30-34 "
1799927,2,165,12,0,0,165,0,2,"25-29 "
1799941,7,697,34,0,697,0,7,0,"50-54 "
1799996,7,345,29,0,345,0,7,0,"30-34 "
1800012,15,1177,25,0,0,1177,0,15,"35-39 "
1800074,19,2993,5,2,2107,886,10,9,"<25 "
1800180,6,499,28,2,499,0,6,0,"30-34 "
1800203,6,473,5,0,0,473,0,6,"50-54 "
1800319,25,1846,19,0,0,1846,0,25,"30-34 "
1800395,44,9198,4,1,0,9198,0,44,"45-49 "
1800470,10,1433,2,2,1192,241,8,2,"35-39 "
1800500,33,4282,2,1,2288,1994,19,14,"<25 "
1800555,2,150,38,0,150,0,2,0,">65 "
1800586,1,168,36,0,168,0,1,0,"<25 "
1800593,9,332,12,0,0,332,0,9,"<25 "
1800616,20,1306,15,0,1306,0,20,0,"25-29 "
1800630,17,25883,27,0,25883,0,17,0,"50-54 "
1800647,4,1369,14,6,1231,138,2,2,"40-44 "
1800685,11,754,19,0,0,754,0,11,"30-34 "
1800784,2,604,13,3,208,396,1,1,"35-39 "
1800791,2,501,25,0,0,501,0,2,"45-49 "
1800821,2,4536,3,0,4536,0,2,0,"45-49 "
1800869,13,1049,29,0,1049,0,13,0,"40-44 "
1800906,7,2088,8,3,2088,0,7,0,"40-44 "
1800937,7,1422,12,1,1246,176,6,1,"40-44 "
1800951,3,500,32,0,0,500,0,3,"25-29 "
1801101,31,4437,3,1,3920,517,23,8,"55-59 "
1801170,54,7073,5,1,0,7073,0,54,"45-49 "
1801187,27,7249,5,1,5466,1783,17,10,"35-39 "
1801361,10,315,27,0,315,0,10,0,"35-39 "
1801460,12,12519,16,0,1717,10802,3,9,"40-44 "
1801705,2,178,27,0,178,0,2,0,"55-59 "
1801774,5,951,21,2,951,0,5,0,"35-39 "
1801811,26,3668,20,0,766,2902,12,14,"40-44 "
1801828,3,153,13,0,153,0,3,0,"<25 "
1801958,13,7764,18,1,3465,4299,9,4,"45-49 "
1802061,13,1140,8,3,1140,0,13,0,"25-29 "
1802085,7,2887,18,3,1684,1203,3,4,"<25 "
1802115,3,377,18,0,0,377,0,3,"60-64 "
1802153,9,4802,6,3,725,4077,4,5,"25-29 "
1802221,4,1239,7,0,1239,0,4,0,">65 "
1802276,1,199,9,0,199,0,1,0,"25-29 "
1802344,17,5884,7,0,5884,0,17,0,"45-49 "
1802375,3,476,21,0,476,0,3,0,"35-39 "
1802382,1,252,25,0,0,252,0,1,"25-29 "
1802511,9,442,4,2,214,228,1,8,"40-44 "
1802528,8,941,39,0,0,941,0,8,"25-29 "
1802535,8,9402,13,1,5675,3727,4,4,"40-44 "
1802566,3,220,22,0,220,0,3,0,"45-49 "
1802740,17,1237,40,0,0,1237,0,17,"30-34 "
1802863,13,4231,12,0,0,4231,0,13,"35-39 "
1802894,2,257,22,0,257,0,2,0,"25-29 "
1802924,2,130,15,5,94,36,1,1,"30-34 "
1803037,19,2627,32,0,2343,284,17,2,"25-29 "
1803051,19,7408,18,0,0,7408,0,19,"30-34 "
1803297,11,2601,40,0,0,2601,0,11,"40-44 "
1803457,10,1058,13,0,1058,0,10,0,"25-29 "
1803495,7,377,25,0,0,377,0,7,"30-34 "
1803501,92,7848,11,0,5550,2298,59,33,"40-44 "
1803563,9,1204,4,2,0,1204,0,9,"40-44 "
1803716,3,800,15,0,800,0,3,0,"25-29 "
1803730,1,79,5,0,0,79,0,1,"30-34 "
1803747,12,1610,18,0,0,1610,0,12,"30-34 "
1803846,12,2929,8,3,2929,0,12,0,"<25 "
1803860,7,2188,31,0,2188,0,7,0,"30-34 "
1803891,3,533,20,0,533,0,3,0,"45-49 "
1803952,30,4816,4,1,934,3882,2,28,"35-39 "
1804034,8,11971,21,2,11971,0,8,0,"40-44 "
1804041,7,963,39,0,0,963,0,7,"25-29 "
1804072,1,1071,20,0,1071,0,1,0,"30-34 "
1804126,7,962,9,4,962,0,7,0,">65 "
1804218,2,432,20,0,432,0,2,0,"45-49 "
1804331,36,7069,11,1,0,7069,0,36,"40-44 "
1804393,51,9047,6,1,6085,2962,36,15,"30-34 "
1804478,4,713,4,0,0,713,0,4,"40-44 "
1804492,24,3362,35,0,3362,0,24,0,"30-34 "
1804508,9,1660,3,0,1660,0,9,0,"45-49 "
1804683,1,60,35,0,60,0,1,0,"30-34 "
1804737,12,1075,31,1,317,758,6,6,"45-49 "
1804744,28,3384,11,1,581,2803,6,22,"35-39 "
1804768,2,36,35,0,36,0,2,0,"30-34 "
1804805,4,1517,19,0,0,1517,0,4,"45-49 "
1804812,8,1220,19,0,0,1220,0,8,"30-34 "
1804874,5,304,26,0,0,304,0,5,"45-49 "
1804928,1,516,40,0,0,516,0,1,"<25 "
1804942,18,1645,7,2,1645,0,18,0,"50-54 "
1804966,12,1609,20,0,1609,0,12,0,"35-39 "
1805017,5,634,8,3,634,0,5,0,"45-49 "
1805079,6,927,33,0,0,927,0,6,"35-39 "
1805130,12,1539,35,0,1539,0,12,0,"30-34 "
1805147,7,1093,32,1,0,1093,0,7,"<25 "
1805161,2,2480,8,0,2480,0,2,0,">65 "
1805239,14,1016,8,0,1016,0,14,0,"45-49 "
1805345,17,1948,6,2,1948,0,17,0,"45-49 "
1805604,11,1037,11,0,0,1037,0,11,"<25 "
1805642,4,453,3,0,453,0,4,0,"40-44 "
1805659,1,36,20,0,36,0,1,0,"45-49 "
1805710,15,26519,25,0,0,26519,0,15,"35-39 "
1805840,11,2838,12,3,1126,1712,5,6,"25-29 "
1806168,18,1461,12,1,0,1461,0,18,"35-39 "
1806274,3,2119,7,4,220,1899,1,2,"<25 "
1806342,7,699,16,0,699,0,7,0,"35-39 "
1806496,19,2560,32,0,0,2560,0,19,"35-39 "
1806519,20,5159,11,1,3212,1947,9,11,"55-59 "
1806557,3,279,35,1,195,84,2,1,"40-44 "
1806632,6,2813,33,0,0,2813,0,6,"40-44 "
1806649,25,2900,4,0,1806,1094,17,8,"45-49 "
1806694,11,4044,13,2,4044,0,11,0,"35-39 "
1806755,5,1233,6,0,1233,0,5,0,"25-29 "
1806809,7,2561,5,0,0,2561,0,7,"30-34 "
1806816,59,12501,2,1,8110,4391,44,15,"45-49 "
1806830,41,8021,18,1,0,8021,0,41,"30-34 "
1806960,31,13913,6,1,13913,0,31,0,"30-34 "
1807165,10,3524,12,2,3385,139,9,1,">65 "
1807172,7,2765,38,0,2765,0,7,0,"30-34 "
1807295,19,4191,39,0,0,4191,0,19,"30-34 "
1807349,45,4477,4,1,676,3801,12,33,"<25 "
1807431,21,2015,11,1,0,2015,0,21,"40-44 "
1807530,26,2261,21,0,2261,0,26,0,"45-49 "
1807585,17,1430,19,0,0,1430,0,17,"30-34 "
1807615,12,1702,32,0,0,1702,0,12,"30-34 "
1807769,41,5674,3,0,1979,3695,23,18,"<25 "
1807806,8,921,18,3,0,921,0,8,"45-49 "
1807820,38,19330,11,1,16855,2475,24,14,"40-44 "
1807875,10,3534,31,0,808,2726,7,3,"30-34 "
1807967,22,2193,11,1,1969,224,20,2,"45-49 "
1808001,6,2658,3,2,684,1974,3,3,"30-34 "
1808131,19,5142,19,1,388,4754,4,15,"35-39 "
1808155,34,5451,4,1,2425,3026,20,14,"<25 "
1808179,5,767,16,0,767,0,5,0,"30-34 "
1808230,12,633,32,0,0,633,0,12,"35-39 "
1808728,17,2074,8,2,2074,0,17,0,"<25 "
1808735,38,4803,3,1,4803,0,38,0,"25-29 "
1808834,18,1790,19,0,0,1790,0,18,"45-49 "
1808841,2,87,14,0,87,0,2,0,"35-39 "
1808858,7,12428,7,5,10448,1980,5,2,"<25 "
1808872,23,4505,18,1,0,4505,0,23,"30-34 "
1808896,20,1426,13,1,1426,0,20,0,"40-44 "
1808988,16,3660,11,0,1834,1826,8,8,"45-49 "
1809015,3,357,16,0,357,0,3,0,"35-39 "
1809022,13,29509,15,2,29509,0,13,0,"35-39 "
1809060,2,1772,19,8,566,1206,1,1,">65 "
1809091,5,607,35,0,607,0,5,0,"40-44 "
1809220,48,8191,13,0,5679,2512,22,26,"30-34 "
1809251,22,2116,6,1,2116,0,22,0,"30-34 "
1809282,13,2248,4,1,0,2248,0,13,">65 "
1809305,21,10138,8,2,1578,8560,5,16,"25-29 "
1809329,1,672,35,0,672,0,1,0,"40-44 "
1809343,30,8967,18,0,0,8967,0,30,"35-39 "
1809350,18,3665,9,0,3665,0,18,0,"45-49 "
1809459,7,5991,41,0,5991,0,7,0,"<25 "
1809473,11,1485,20,0,1485,0,11,0,"35-39 "
1809626,4,6644,17,0,6644,0,4,0,"25-29 "
1809664,7,3250,8,1,2736,514,4,3,"40-44 "
1809688,51,5965,6,1,5965,0,51,0,"35-39 "
1809718,16,20839,4,2,0,20839,0,16,"30-34 "
1809749,29,3141,10,0,3141,0,29,0,"35-39 "
1809756,7,893,38,0,893,0,7,0,">65 "
1809770,13,5849,4,3,403,5446,5,8,"40-44 "
1809817,9,699,36,0,699,0,9,0,"50-54 "
1809879,1,106,25,0,0,106,0,1,"50-54 "
1809909,14,2107,16,0,2107,0,14,0,"35-39 "
1809961,1,60,39,0,0,60,0,1,"25-29 "
1809985,3,270,20,0,270,0,3,0,"55-59 "
1810097,3,322,21,0,322,0,3,0,"45-49 "
1810103,20,2031,14,1,2031,0,20,0,"35-39 "
1810196,2,124,16,0,124,0,2,0,"35-39 "
1810202,8,1219,25,0,0,1219,0,8,"45-49 "
1810233,4,342,19,0,0,342,0,4,"50-54 "
1810240,29,3474,24,0,1458,2016,8,21,"30-34 "
1810264,2,512,39,0,0,512,0,2,"50-54 "
1810356,41,5138,5,1,4728,410,35,6,">65 "
1810431,5,5909,11,6,0,5909,0,5,"30-34 "
1810509,14,1172,40,0,0,1172,0,14,"25-29 "
1810516,19,1367,6,2,1367,0,19,0,">65 "
1810554,13,1436,25,0,0,1436,0,13,"35-39 "
1810561,11,2630,4,0,0,2630,0,11,"45-49 "
1810578,50,12154,3,0,12154,0,50,0,"30-34 "
1810691,6,257,6,0,257,0,6,0,"50-54 "
1810806,3,226,35,0,226,0,3,0,"45-49 "
1810820,4,828,13,2,650,178,2,2,"45-49 "
1810875,21,1514,12,1,691,823,9,12,"35-39 "
1810950,23,1655,8,1,624,1031,10,13,"40-44 "
1810981,47,4726,26,0,2086,2640,15,32,"35-39 "
1811063,6,1134,31,0,1134,0,6,0,"30-34 "
1811179,12,1209,6,0,1209,0,12,0,"35-39 "
1811209,3,1258,12,0,0,1258,0,3,"25-29 "
1811285,6,292,28,0,292,0,6,0,"30-34 "
1811346,33,7108,25,0,0,7108,0,33,"35-39 "
1811445,3,133,42,0,133,0,3,0,"<25 "
1811568,10,1018,21,2,573,445,6,4,"30-34 "
1811605,1,84,15,0,84,0,1,0,"55-59 "
1811643,14,1589,18,0,0,1589,0,14,"30-34 "
1811650,24,4579,23,0,4579,0,24,0,"25-29 "
1811711,17,1798,7,1,1798,0,17,0,"30-34 "
1811766,5,693,12,2,277,416,2,3,"35-39 "
1811858,6,1488,8,0,1488,0,6,0,"30-34 "
1811865,10,1373,31,0,1373,0,10,0,"50-54 "
1811902,56,175214,4,0,136204,39010,44,12,">65 "
1811919,14,1412,17,1,435,977,3,11,">65 "
1811926,15,1643,8,2,1074,569,9,6,"30-34 "
1812015,6,579,18,2,79,500,1,5,"40-44 "
1812022,1,60,35,0,60,0,1,0,"45-49 "
1812046,13,511,24,1,379,132,10,3,"<25 "
1812145,7,648,21,0,648,0,7,0,"45-49 "
1812169,4,272,25,0,0,272,0,4,"40-44 "
1812404,23,1423,1,2,1141,282,20,3,"40-44 "
1812534,26,1708846,4,1,1026390,682456,14,12,"45-49 "
1812558,6,1243,14,0,1243,0,6,0,"45-49 "
1812688,7,2791,7,4,2791,0,7,0,"60-64 "
1812749,18,2498,8,2,2498,0,18,0,"30-34 "
1812770,13,1839,8,3,1690,149,12,1,"55-59 "
1812817,10,5493,3,2,5061,432,8,2,"60-64 "
1812893,2,539,37,0,539,0,2,0,"35-39 "
1812978,15,2631,5,2,2136,495,10,5,"35-39 "
1813012,9,744,33,0,0,744,0,9,"55-59 "
1813043,26,2087,5,1,880,1207,8,18,"45-49 "
1813234,3,253,18,0,0,253,0,3,"35-39 "
1813258,9,910,25,0,0,910,0,9,"35-39 "
1813326,20,2671,27,1,2671,0,20,0,"30-34 "
1813395,4,310,7,0,310,0,4,0,"35-39 "
1813470,6,799,27,0,799,0,6,0,"50-54 "
1813494,4,710,20,0,710,0,4,0,"<25 "
1813548,1,702,11,0,0,702,0,1,"40-44 "
1813586,7,574,23,0,574,0,7,0,"30-34 "
1813661,13,1868,18,0,0,1868,0,13,"30-34 "
1813685,5,1377757,4,8,1010737,367020,4,1,"25-29 "
1813692,2,165,4,17,129,36,1,1,">65 "
1813739,28,10253,34,0,10253,0,28,0,"25-29 "
1813746,50,8129,7,0,6103,2026,44,6,"<25 "
1813784,13,2886,3,0,2886,0,13,0,"35-39 "
1813791,10,1432,33,0,0,1432,0,10,"<25 "
1813975,10,2212,37,0,1713,499,9,1,"25-29 "
1813999,6,532,15,0,532,0,6,0,"40-44 "
1814026,4,412,9,0,412,0,4,0,"25-29 "
1814033,1,152,30,0,152,0,1,0,"35-39 "
1814064,19,2236,15,1,2236,0,19,0,"45-49 "
1814118,15,2334,5,2,1407,927,5,10,"30-34 "
1814149,6,741,21,2,741,0,6,0,"35-39 "
1814156,8,1081,3,4,996,85,7,1,"45-49 "
1814187,2,223,20,0,223,0,2,0,"50-54 "
1814347,2,104,41,0,104,0,2,0,"35-39 "
1814392,5,1976,30,0,1976,0,5,0,"25-29 "
1814439,29,4831,10,1,2643,2188,11,18,"40-44 "
1814545,12,1168,19,0,0,1168,0,12,"30-34 "
1814569,27,2022,12,0,0,2022,0,27,"45-49 "
1814620,11,4935,18,0,0,4935,0,11,"40-44 "
1814644,23,2714,3,0,2714,0,23,0,"50-54 "
1814934,7,7905,18,0,0,7905,0,7,"30-34 "
1814972,9,715,13,0,715,0,9,0,"35-39 "
1815009,8,1075,39,0,0,1075,0,8,"50-54 "
1815023,29,11406,23,0,11406,0,29,0,"35-39 "
1815108,15,1839,5,2,1157,682,9,6,"55-59 "
1815115,41,3653,39,0,0,3653,0,41,"30-34 "
1815139,5,989,18,0,0,989,0,5,"25-29 "
1815184,2,324,4,0,0,324,0,2,">65 "
1815269,38,1973,4,1,1089,884,20,18,"25-29 "
1815276,35,2257,20,1,1898,359,29,6,"25-29 "
1815320,1,60,32,0,0,60,0,1,"30-34 "
1815368,4,223,19,0,0,223,0,4,"40-44 "
1815511,5,323,11,0,0,323,0,5,"35-39 "
1815542,21,3665,6,0,3665,0,21,0,"45-49 "
1815559,2,107,40,0,0,107,0,2,"30-34 "
1815634,15,4143,19,0,0,4143,0,15,"30-34 "
1815672,40,7576,4,1,5797,1779,18,22,"55-59 "
1815689,5,1568,14,0,1568,0,5,0,"35-39 "
1815719,14,3470,8,2,3311,159,10,4,"35-39 "
1815788,19,6162,2,1,6162,0,19,0,"35-39 "
1815849,11,5310,25,1,359,4951,1,10,"45-49 "
1815887,26,2393,6,1,1865,528,20,6,"40-44 "
1815894,19,1922,27,0,1922,0,19,0,"25-29 "
1815900,9,1483,41,0,1483,0,9,0,"40-44 "
1815931,20,1225,38,0,1225,0,20,0,"25-29 "
1816037,1,680,39,0,0,680,0,1,"50-54 "
1816051,17,9552,5,1,0,9552,0,17,"35-39 "
1816068,6,21817,3,3,21817,0,6,0,"25-29 "
1816099,1,329,20,0,329,0,1,0,"40-44 "
1816259,4,432,14,0,432,0,4,0,"30-34 "
1816303,20,2088,3,2,747,1341,8,12,"30-34 "
1816358,6,685,18,0,0,685,0,6,"40-44 "
1816488,2,387,16,0,387,0,2,0,"<25 "
1816495,15,4704,18,0,0,4704,0,15,"30-34 "
1816532,1,36,30,0,36,0,1,0,"30-34 "
1816549,13,1444,2,2,1282,162,10,3,"35-39 "
1816556,14,2162,29,0,2162,0,14,0,"55-59 "
1816624,25,1996,29,0,496,1500,7,18,"30-34 "
1816631,2,2300,8,0,2300,0,2,0,"30-34 "
1816655,2,1136,9,10,1136,0,2,0,"60-64 "
1816693,5,255,42,0,255,0,5,0,"45-49 "
1816945,11,5770,27,1,5770,0,11,0,"40-44 "
1817027,2,127,31,0,127,0,2,0,"45-49 "
1817058,12,3185,21,0,3185,0,12,0,"40-44 "
1817065,2,1881,27,0,1881,0,2,0,"30-34 "
1817072,13,1485,4,2,0,1485,0,13,">65 "
1817096,4,845,25,0,0,845,0,4,"50-54 "
1817157,11,1064,7,0,1064,0,11,0,"25-29 "
1817171,5,2382,26,0,0,2382,0,5,"<25 "
1817270,42,5408,20,0,5408,0,42,0,"35-39 "
1817324,3,217,38,0,217,0,3,0,"35-39 "
1817348,4,297,16,0,297,0,4,0,"25-29 "
1817362,12,706,19,2,610,96,10,2,"45-49 "
1817515,8,1435,18,0,0,1435,0,8,">65 "
1817553,21,2223,7,1,691,1532,9,12,"40-44 "
1817645,13,976,12,0,0,976,0,13,"45-49 "
1817706,15,1609,7,2,1319,290,8,7,"35-39 "
1817744,36,7424,14,1,7424,0,36,0,"35-39 "
1817768,19,3707,8,1,3001,706,8,11,"30-34 "
1817775,14,1215,22,0,1215,0,14,0,"35-39 "
1817829,3,204,6,0,204,0,3,0,"35-39 "
1817843,52,5720,23,0,2013,3707,26,26,"40-44 "
1817874,17,3018,3,1,3018,0,17,0,"25-29 "
1818185,21,1877,5,0,0,1877,0,21,"30-34 "
1818239,11,1214,22,0,1214,0,11,0,"40-44 "
1818246,19,1350,21,1,1350,0,19,0,"25-29 "
1818260,13,11867,11,2,100,11767,1,12,"30-34 "
1818307,31,6213,33,0,0,6213,0,31,"35-39 "
1818574,10,2727,8,0,1990,737,3,7,"40-44 "
1818666,15,1548,38,0,1548,0,15,0,"30-34 "
1818765,8,11557,20,0,11557,0,8,0,"25-29 "
1818802,7,980,7,1,711,269,1,6,"30-34 "
1818819,12,518,4,3,437,81,10,2,"<25 "
1818871,26,3399,30,0,1428,1971,13,13,"25-29 "
1818895,13,2078,5,0,0,2078,0,13,"55-59 "
1818918,44,6319,9,1,4561,1758,28,16,"40-44 "
1819083,21,1425,3,2,1425,0,21,0,"50-54 "
1819090,8,1294,15,3,1294,0,8,0,"55-59 "
1819137,4,392,24,0,392,0,4,0,"60-64 "
1819199,5,16862,8,1,16862,0,5,0,"50-54 "
1819205,2,10080,22,0,10080,0,2,0,"25-29 "
1819212,5,427,40,0,0,427,0,5,"30-34 "
1819243,6,531,21,0,531,0,6,0,"35-39 "
1819274,13,1883,18,0,0,1883,0,13,"35-39 "
1819281,24,4784,8,1,4784,0,24,0,"40-44 "
1819335,10,1279,9,2,1279,0,10,0,"60-64 "
1819410,6,645,8,0,645,0,6,0,"<25 "
1819441,1,944,7,0,944,0,1,0,"25-29 "
1819465,15,5517,37,0,5517,0,15,0,"30-34 "
1819526,3,455,16,5,419,36,2,1,"30-34 "
1819557,15,7379,4,2,0,7379,0,15,"35-39 "
1819632,24,6040,2,1,6040,0,24,0,"30-34 "
1819748,6,856,40,0,0,856,0,6,"40-44 "
1819854,6,15836,42,0,15836,0,6,0,"25-29 "
1819960,20,4164,4,1,0,4164,0,20,"40-44 "
1820034,5,805,14,6,805,0,5,0,">65 "
1820164,5,972,13,0,972,0,5,0,"35-39 "
1820201,12,1641,5,2,591,1050,11,1,"25-29 "
1820386,18,4482,12,0,0,4482,0,18,"40-44 "
1820461,2,766,4,0,0,766,0,2,"45-49 "
1820508,6,919,12,0,0,919,0,6,"25-29 "
1820546,7,552,12,0,0,552,0,7,"<25 "
1820553,14,2599,12,2,0,2599,0,14,"45-49 "
1820768,2,112,2,0,112,0,2,0,"<25 "
1820812,5,11183,8,0,11183,0,5,0,"30-34 "
1820959,2,151,16,0,151,0,2,0,"30-34 "
1820966,12,627,14,0,627,0,12,0,"45-49 "
1820973,23,5399,30,0,5399,0,23,0,"35-39 "
1820980,4,831,4,0,0,831,0,4,">65 "
1821048,8,274,32,0,0,274,0,8,"35-39 "
1821093,2,634,8,0,634,0,2,0,"30-34 "
1821123,4,301,14,0,301,0,4,0,"55-59 "
1821192,3,367,10,0,367,0,3,0,"30-34 "
1821208,2,479,12,0,0,479,0,2,"25-29 "
1821239,5,243,29,0,243,0,5,0,">65 "
1821253,10,4161,5,2,160,4001,3,7,"55-59 "
1821260,2,177,5,0,0,177,0,2,"30-34 "
1821369,8,1353,5,3,0,1353,0,8,"35-39 "
1821390,54,8941,15,0,6718,2223,33,21,"30-34 "
1821413,3,10178,16,1,134,10044,2,1,"25-29 "
1821437,2,10558,5,0,0,10558,0,2,"25-29 "
1821628,2,58,8,0,58,0,2,0,"<25 "
1821697,2,616,8,2,580,36,1,1,"40-44 "
1821703,25,5658,4,1,2481,3177,13,12,"35-39 "
1821857,13,6067,35,0,6067,0,13,0,"25-29 "
1821932,13,1320,37,0,1320,0,13,0,"40-44 "
1821987,8,12027,10,0,11768,259,7,1,"40-44 "
1822014,13,1791,7,1,1791,0,13,0,"35-39 "
1822038,13,5898,11,2,5436,462,9,4,"50-54 "
1822045,24,1724,3,2,781,943,10,14,"40-44 "
1822090,5,303,19,3,267,36,4,1,">65 "
1822151,9,710,21,1,710,0,9,0,"25-29 "
1822175,11,1676,29,1,1078,598,9,2,">65 "
1822267,5,362,26,0,0,362,0,5,"25-29 "
1822328,8,940,34,0,940,0,8,0,"55-59 "
1822359,10,3072,2,1,3072,0,10,0,"40-44 "
1822410,2,258,2,0,258,0,2,0,"35-39 "
1822441,6,1857,41,0,1857,0,6,0,"50-54 "
1822519,8,587,32,0,0,587,0,8,"30-34 "
1822526,2,96,20,6,36,60,1,1,"25-29 "
1822533,7,293,1,6,74,219,3,4,"35-39 "
1822618,1,60,32,0,0,60,0,1,">65 "
1822717,20,4091,7,1,4091,0,20,0,"45-49 "
1822724,40,4304,4,0,1935,2369,27,13,"25-29 "
1822779,9,12558,12,0,0,12558,0,9,"35-39 "
1822809,7,1763,19,0,0,1763,0,7,"35-39 "
1822816,26,7043,32,0,0,7043,0,26,"30-34 "
1823080,3,1769,5,0,0,1769,0,3,"35-39 "
1823103,11,608,25,0,0,608,0,11,"35-39 "
1823134,25,2473,5,1,1588,885,18,7,"25-29 "
1823141,17,1839,9,0,1839,0,17,0,"25-29 "
1823172,2,4522,12,0,0,4522,0,2,"30-34 "
1823219,7,893,38,0,893,0,7,0,"55-59 "
1823240,15,1290,3,2,461,829,8,7,"40-44 "
1823257,6,1095,12,0,0,1095,0,6,"50-54 "
1823288,8,871,11,0,0,871,0,8,"30-34 "
1823295,10,1117,32,0,0,1117,0,10,"30-34 "
1823370,26,2978,11,0,0,2978,0,26,"40-44 "
1823417,9,917,23,1,917,0,9,0,">65 "
1823424,43,20577,12,0,14618,5959,29,14,"30-34 "
1823615,23,3073,2,0,2199,874,14,9,"25-29 "
1823653,5,337,32,0,0,337,0,5,"40-44 "
1823660,11,2265,32,0,0,2265,0,11,"35-39 "
1823745,4,202,21,0,202,0,4,0,"40-44 "
1823790,6,618,17,0,618,0,6,0,"25-29 "
1823998,1,36,19,0,0,36,0,1,"35-39 "
1824025,6,722,39,0,0,722,0,6,"50-54 "
1824049,9,727,10,2,727,0,9,0,"35-39 "
1824209,17,1600,18,1,411,1189,8,9,"<25 "
1824216,5,856,11,0,0,856,0,5,"40-44 "
1824346,23,2934,12,1,661,2273,13,10,"40-44 "
1824414,3,6932,19,0,0,6932,0,3,"40-44 "
1824438,20,3570,21,1,3570,0,20,0,"40-44 "
1824452,17,1406,40,0,1304,102,14,3,"<25 "
1824599,8,1762,31,0,1762,0,8,0,"30-34 "
1824629,12,1491,12,2,730,761,10,2,"40-44 "
1824681,40,4084,2,1,3092,992,28,12,"40-44 "
1824735,14,30850,11,1,18800,12050,1,13,"50-54 "
1824827,62,4485,9,0,2191,2294,38,24,"30-34 "
1824872,3,78,15,6,18,60,2,1,"40-44 "
1824971,45,4036,7,1,3158,878,38,7,"35-39 "
1825008,12,12281,20,1,12281,0,12,0,"60-64 "
1825022,32,12961,14,1,12961,0,32,0,"35-39 "
1825145,27,7290,2,0,7290,0,27,0,"30-34 "
1825244,22,3044,20,0,3044,0,22,0,"45-49 "
1825275,5,377,38,0,377,0,5,0,"25-29 "
1825336,4,629,26,0,0,629,0,4,"35-39 "
1825404,24,2156,2,1,524,1632,6,18,">65 "
1825435,1,36,14,0,36,0,1,0,">65 "
1825466,10,1042,42,0,1042,0,10,0,">65 "
1825473,6,2884,36,0,2884,0,6,0,"35-39 "
1825527,15,1758,19,0,0,1758,0,15,"50-54 "
1825565,17,1571,15,0,1571,0,17,0,"<25 "
1825671,7,3725,41,0,3725,0,7,0,">65 "
1825794,3,4544,7,0,4544,0,3,0,"35-39 "
1825848,16,2093,6,2,1951,142,15,1,"<25 "
1825855,3,336,33,0,0,336,0,3,"30-34 "
1825947,4,659,9,0,659,0,4,0,"40-44 "
1826050,11,1462,9,0,1462,0,11,0,"30-34 "
1826173,22,2953,19,1,132,2821,3,19,"<25 "
1826333,4,390,19,4,198,192,2,2,">65 "
1826395,14,4451,22,0,4451,0,14,0,"30-34 "
1826487,5,1020,30,0,928,92,3,2,"30-34 "
1826494,2,2327,25,0,0,2327,0,2,"30-34 "
1826517,13,1063,9,2,340,723,3,10,"30-34 "
1826548,15,1229,4,0,0,1229,0,15,"35-39 "
1826555,32,4306,10,1,4306,0,32,0,">65 "
1826661,7,468,33,0,0,468,0,7,"30-34 "
1826753,7,4571,41,0,4571,0,7,0,"55-59 "
1826784,13,8869,5,3,0,8869,0,13,"50-54 "
1826845,2,1964,11,0,0,1964,0,2,"35-39 "
1826890,4,690,11,6,0,690,0,4,"35-39 "
1827057,8,1042,17,1,993,49,7,1,"35-39 "
1827125,19,7639,2,2,6697,942,16,3,"35-39 "
1827156,2,144,38,0,144,0,2,0,"30-34 "
1827170,6,646,3,0,646,0,6,0,"35-39 "
1827200,4,516,18,0,0,516,0,4,">65 "
1827323,7,678,18,0,0,678,0,7,"40-44 "
1827347,22,2257,4,0,0,2257,0,22,"40-44 "
1827378,14,1843,2,1,907,936,10,4,"35-39 "
1827477,5,523,5,4,491,32,4,1,"40-44 "
1827538,7,2188,27,2,2188,0,7,0,"30-34 "
1827569,23,4081,5,2,2792,1289,15,8,"35-39 "
1827576,5,797,35,0,797,0,5,0,"35-39 "
1827590,3,1176,3,0,1176,0,3,0,"35-39 "
1827668,18,2456,5,2,976,1480,7,11,">65 "
1827781,4,254,40,0,0,254,0,4,"35-39 "
1827880,11,1904,21,0,1904,0,11,0,"25-29 "
1827934,2,308,20,0,308,0,2,0,">65 "
1827958,24,2259,7,1,2259,0,24,0,"35-39 "
1828009,8,646,20,2,646,0,8,0,">65 "
1828030,1,168,31,0,168,0,1,0,"<25 "
1828054,22,7322,6,1,7322,0,22,0,"<25 "
1828061,9,2671,24,1,2671,0,9,0,"25-29 "
1828092,3,2075,7,0,2075,0,3,0,"<25 "
1828139,3,144,24,0,144,0,3,0,"<25 "
1828146,45,10468,18,0,7186,3282,28,17,"30-34 "
1828252,7,664,25,0,0,664,0,7,"30-34 "
1828474,7,655,40,0,0,655,0,7,"35-39 "
1828542,11,2286,27,0,2286,0,11,0,"50-54 "
1828573,11,1408,12,0,0,1408,0,11,"50-54 "
1828740,13,1722,27,0,1722,0,13,0,"40-44 "
1828764,19,1721,15,1,1646,75,18,1,"40-44 "
1828795,13,1114,28,0,1114,0,13,0,"30-34 "
1828900,6,4146,22,0,4146,0,6,0,"30-34 "
1829136,20,2372,11,0,0,2372,0,20,"45-49 "
1829167,1,396,21,0,396,0,1,0,">65 "
1829235,5,584,5,0,0,584,0,5,"<25 "
1829310,24,2920,32,0,0,2920,0,24,"40-44 "
1829402,27,6091,5,0,2586,3505,13,14,"40-44 "
1829419,12,1018,20,0,1018,0,12,0,"30-34 "
1829549,30,3430,4,1,0,3430,0,30,"30-34 "
1829594,19,6123,6,1,4669,1454,14,5,"<25 "
1829679,36,4529,12,1,268,4261,2,34,"35-39 "
1829693,2,2960,34,0,2960,0,2,0,"40-44 "
1829709,38,17506,20,1,17506,0,38,0,"30-34 "
1829884,9,2789,32,0,0,2789,0,9,"30-34 "
1830002,8,844,25,0,0,844,0,8,"35-39 "
1830019,9,1112,12,0,0,1112,0,9,"40-44 "
1830026,11,1189,4,0,0,1189,0,11,"40-44 "
1830057,19,6316,22,0,6316,0,19,0,"25-29 "
1830200,7,815,32,1,521,294,5,2,"60-64 "
1830224,1,60,32,0,0,60,0,1,"45-49 "
1830262,11,991,5,0,0,991,0,11,"40-44 "
1830439,8,775,35,1,775,0,8,0,">65 "
1830514,14,3173,12,2,1128,2045,5,9,"50-54 "
1830521,6,2764,3,0,2764,0,6,0,"50-54 "
1830590,4,284,18,0,0,284,0,4,"40-44 "
1830682,31,3022,7,1,595,2427,5,26,"50-54 "
1830699,35,7983,9,0,7983,0,35,0,"35-39 "
1830859,5,504,15,0,504,0,5,0,"45-49 "
1830880,28,12218,5,1,10921,1297,15,13,"40-44 "
1830934,11,1742,40,0,0,1742,0,11,"35-39 "
1830965,3,668,2,0,668,0,3,0,"50-54 "
1830996,4,3246,13,1,3246,0,4,0,"30-34 "
1831153,1,1904,20,0,1904,0,1,0,"40-44 "
1831160,5,3352,10,0,3352,0,5,0,"40-44 "
1831221,122,22109,3,0,20285,1824,96,26,"30-34 "
1831283,1,135,12,0,0,135,0,1,"55-59 "
1831337,5,764,19,0,0,764,0,5,"50-54 "
1831405,1,60,32,0,0,60,0,1,"35-39 "
1831504,5,255,23,0,255,0,5,0,"35-39 "
1831641,4,13333,19,4,4549,8784,2,2,"60-64 "
1831665,15,1792,32,0,0,1792,0,15,"60-64 "
1831702,64,13842,8,0,13842,0,64,0,"40-44 "
1831726,15,2038,18,0,0,2038,0,15,"35-39 "
1831733,14,1146,40,0,0,1146,0,14,"50-54 "
1831856,8,925,15,0,925,0,8,0,"30-34 "
1831863,32,4637,29,0,4637,0,32,0,"<25 "
1831887,16,1773,39,0,0,1773,0,16,"30-34 "
1831931,8,3531,25,0,0,3531,0,8,"45-49 "
1831986,6,2486,34,0,2486,0,6,0,"30-34 "
1832013,7,1191,31,0,1191,0,7,0,"<25 "
1832068,5,318,31,0,318,0,5,0,"25-29 "
1832105,5,1089,15,0,1089,0,5,0,"30-34 "
1832112,22,11418,38,0,11418,0,22,0,"30-34 "
1832150,6,348,37,0,348,0,6,0,"25-29 "
1832204,2,901,2,0,901,0,2,0,"25-29 "
1832228,10,1834,2,1,747,1087,8,2,"25-29 "
1832266,1,624,40,0,0,624,0,1,">65 "
1832303,1,304,28,0,304,0,1,0,"45-49 "
1832433,7,557,33,0,0,557,0,7,">65 "
1832471,42,7152,29,0,7152,0,42,0,"30-34 "
1832549,8,4255,4,0,0,4255,0,8,"35-39 "
1832587,3,1110,20,0,1110,0,3,0,"45-49 "
1832617,2,79,32,0,0,79,0,2,"50-54 "
1832686,10,1841,4,0,0,1841,0,10,">65 "
1832709,9,721,35,0,721,0,9,0,"40-44 "
1832921,6,561,19,2,332,229,5,1,"35-39 "
1832938,2,458,35,0,458,0,2,0,"35-39 "
1832976,43,2574,7,0,2574,0,43,0,"55-59 "
1833010,54,24392,2,0,21250,3142,50,4,"45-49 "
1833331,2,277,23,0,277,0,2,0,"35-39 "
1833362,4,314,36,0,314,0,4,0,"30-34 "
1833393,2,105,16,0,105,0,2,0,"<25 "
1833447,13,1996,10,0,1996,0,13,0,"45-49 "
1833539,23,4080,2,1,4080,0,23,0,"45-49 "
1833546,2,64,31,0,64,0,2,0,"35-39 "
1833553,3,477,19,0,0,477,0,3,"50-54 "
1833638,1,390,41,0,390,0,1,0,"35-39 "
1833799,5,1088,18,0,0,1088,0,5,"25-29 "
1833805,4,1311,35,1,199,1112,1,3,"45-49 "
1833881,4,657,3,0,657,0,4,0,">65 "
1833935,28,3198,21,1,3198,0,28,0,"25-29 "
1833973,1,36,12,0,0,36,0,1,"30-34 "
1833980,61,143840,3,1,143840,0,61,0,"45-49 "
1834055,14,1564,5,0,0,1564,0,14,"35-39 "
1834062,21,1948,19,0,0,1948,0,21,"30-34 "
1834109,22,11958,11,0,0,11958,0,22,"30-34 "
1834123,11,2044,37,0,2044,0,11,0,"25-29 "
1834253,1,10448,13,0,10448,0,1,0,"30-34 "
1834291,3,9937,33,0,0,9937,0,3,"45-49 "
1834321,19,1975,19,0,0,1975,0,19,"50-54 "
1834383,10,371,12,2,237,134,6,4,"60-64 "
1834413,1,35,25,0,0,35,0,1,"30-34 "
1834468,4,972,40,0,0,972,0,4,"25-29 "
1834567,12,1813,6,0,1813,0,12,0,"35-39 "
1834826,3,204,4,0,0,204,0,3,"40-44 "
1834857,19,1531,18,0,0,1531,0,19,"40-44 "
1834888,7,6543,38,0,6543,0,7,0,"40-44 "
1834994,7,464,10,0,464,0,7,0,"<25 "
1835007,15,1387,2,3,1387,0,15,0,"35-39 "
1835021,19,2313,18,0,831,1482,9,10,"35-39 "
1835052,48,6332,5,1,6056,276,42,6,"30-34 "
1835465,12,1657,20,0,1657,0,12,0,"35-39 "
1835564,13,685,14,0,685,0,13,0,"30-34 "
1835571,2,334,26,0,0,334,0,2,"60-64 "
1835588,14,1083,3,2,1083,0,14,0,"30-34 "
1835601,12,888,32,1,0,888,0,12,"40-44 "
1835779,47,3869,32,0,0,3869,0,47,"35-39 "
1835786,1,53,26,0,0,53,0,1,"50-54 "
1835823,3,671,11,1,483,188,2,1,"30-34 "
1835878,4,256,26,0,0,256,0,4,"50-54 "
1835984,7,796,7,0,796,0,7,0,"30-34 "
1836172,5,506,18,0,0,506,0,5,"30-34 "
1836196,14,1191,3,2,1191,0,14,0,"45-49 "
1836202,15,6980,2,1,6686,294,12,3,"35-39 "
1836264,11,1267,6,0,1267,0,11,0,"30-34 "
1836325,41,91165,2,1,88884,2281,38,3,"25-29 "
1836387,22,3106,3,2,3106,0,22,0,"35-39 "
1836417,19,9901,31,0,9901,0,19,0,"30-34 "
1836431,4,1715,38,0,1715,0,4,0,"35-39 "
1836462,3,196,16,0,196,0,3,0,">65 "
1836493,17,1543,13,1,1543,0,17,0,"50-54 "
1836516,11,641,5,3,531,110,7,4,"50-54 "
1836523,10,398,19,2,156,242,3,7,"<25 "
1836622,2,158,14,6,118,40,1,1,"35-39 "
1836950,38,16321,20,0,16321,0,38,0,"30-34 "
1837018,12,3114,11,0,0,3114,0,12,"35-39 "
1837049,7,571,39,0,0,571,0,7,"<25 "
1837155,2,546,23,0,546,0,2,0,"40-44 "
1837179,7,300,39,0,0,300,0,7,"40-44 "
1837209,14,7169,11,0,1974,5195,3,11,"35-39 "
1837216,6,192,14,0,192,0,6,0,"25-29 "
1837353,4,605,15,0,605,0,4,0,"30-34 "
1837377,7,597,16,1,377,220,5,2,"40-44 "
1837421,2,1697,39,0,0,1697,0,2,"35-39 "
1837520,5,1166,9,0,1166,0,5,0,"40-44 "
1837537,11,1151,5,1,809,342,7,4,"25-29 "
1837568,7,3154,11,2,218,2936,2,5,"40-44 "
1837605,6,3021,27,2,3021,0,6,0,"35-39 "
1837629,14,2157,5,0,0,2157,0,14,">65 "
1837674,25,1861,22,0,1055,806,16,9,"<25 "
1837704,53,8447,39,0,0,8447,0,53,"45-49 "
1837766,1,3590,35,0,3590,0,1,0,"45-49 "
1837889,5,6342,18,0,0,6342,0,5,"40-44 "
1837902,13,7363,33,0,0,7363,0,13,"50-54 "
1837919,10,1254,28,0,1254,0,10,0,"50-54 "
1837957,38,5620,11,0,0,5620,0,38,"45-49 "
1838039,9,756,40,0,0,756,0,9,"30-34 "
1838091,9,737,3,0,737,0,9,0,"35-39 "
1838138,10,1481,31,1,1481,0,10,0,"<25 "
1838190,20,2734,5,2,1862,872,8,12,"30-34 "
1838251,14,1751,20,0,1751,0,14,0,"40-44 "
1838398,10,3077,5,1,0,3077,0,10,"40-44 "
1838428,24,2307,22,1,2307,0,24,0,"35-39 "
1838442,26,4203,25,1,0,4203,0,26,"30-34 "
1838534,4,588,29,0,588,0,4,0,"30-34 "
1838657,32,5438,4,1,4386,1052,16,16,"30-34 "
1838664,5,710,34,0,710,0,5,0,"60-64 "
1838695,7,251,32,0,0,251,0,7,"40-44 "
1838763,1,1368,29,0,1368,0,1,0,"35-39 "
1838824,4,653,9,0,653,0,4,0,"35-39 "
1838855,1,5584,40,0,0,5584,0,1,"30-34 "
1838893,14,2323,33,0,0,2323,0,14,"35-39 "
1838909,8,594,26,0,431,163,6,2,"40-44 "
1838916,4,243,7,0,243,0,4,0,"40-44 "
1839012,18,1717,18,0,0,1717,0,18,"30-34 "
1839067,13,3746,13,0,3746,0,13,0,"30-34 "
1839074,7,1630,11,0,0,1630,0,7,"40-44 "
1839265,22,3415,12,1,0,3415,0,22,"35-39 "
1839302,2,153,11,0,0,153,0,2,"50-54 "
1839319,13,3052,10,2,1644,1408,5,8,"30-34 "
1839333,12,1460,37,0,1460,0,12,0,"45-49 "
1839425,3,314,38,0,314,0,3,0,"25-29 "
1839517,15,2033,2,3,2033,0,15,0,"40-44 "
1839555,21,2324,19,1,875,1449,11,10,"50-54 "
1839647,2,158,25,0,0,158,0,2,"30-34 "
1839784,6,1472,11,0,0,1472,0,6,"30-34 "
1839883,8,1296,15,3,1296,0,8,0,">65 "
1840032,11,499,16,2,499,0,11,0,"40-44 "
1840094,11,1653,13,0,1653,0,11,0,"45-49 "
1840186,22,1319,32,0,0,1319,0,22,"35-39 "
1840261,8,454,8,2,454,0,8,0,"40-44 "
1840292,11,956,7,3,956,0,11,0,"40-44 "
1840315,14,4713,10,2,3393,1320,6,8,"30-34 "
1840322,19,1629,16,1,1629,0,19,0,">65 "
1840377,2,324,40,0,0,324,0,2,"45-49 "
1840384,36,9024,5,1,5763,3261,24,12,"55-59 "
1840438,27,7697,21,1,7697,0,27,0,"30-34 "
1840445,7,2432,41,0,2432,0,7,0,"45-49 "
1840452,9,3080,26,0,0,3080,0,9,"45-49 "
1840650,8,2522,34,0,2522,0,8,0,"35-39 "
1840674,17,1325,15,1,1004,321,13,4,"25-29 "
1840681,6,1759,2,0,1193,566,3,3,"40-44 "
1840698,16,1247,7,1,880,367,13,3,"35-39 "
1840858,5,663,13,4,663,0,5,0,"<25 "
1840957,15,4380,7,0,4380,0,15,0,"35-39 "
1840995,17,99793,39,0,0,99793,0,17,"30-34 "
1841022,2,152,12,0,0,152,0,2,"25-29 "
1841053,11,6779,19,1,3687,3092,3,8,"35-39 "
1841060,36,3290,4,1,2950,340,32,4,">65 "
1841084,16,1775,39,0,0,1775,0,16,"25-29 "
1841282,11,1089,3,2,1014,75,10,1,"40-44 "
1841312,29,14275,32,0,0,14275,0,29,"35-39 "
1841350,1,19440,40,0,0,19440,0,1,"45-49 "
1841602,5,304,19,2,135,169,2,3,"30-34 "
1841626,23,5280,6,1,3974,1306,14,9,"25-29 "
1841671,3,2628,20,0,2628,0,3,0,"40-44 "
1841763,3,1512,5,5,0,1512,0,3,"<25 "
1841770,2,656,5,0,0,656,0,2,"<25 "
1841787,14,4163,40,0,0,4163,0,14,"40-44 "
1841817,43,3951,11,0,2334,1617,25,18,"25-29 "
1841879,13,875,20,0,875,0,13,0,"35-39 "
1841930,33,5796,14,0,5796,0,33,0,"35-39 "
1841978,9,4346,18,3,3418,928,7,2,"50-54 "
1842166,23,4481,7,1,4481,0,23,0,"40-44 "
1842258,2,10019,24,0,10019,0,2,0,"50-54 "
1842289,6,3979,31,0,1076,2903,1,5,"35-39 "
1842302,16,1309,6,1,441,868,6,10,"30-34 "
1842319,23,1653,7,1,1653,0,23,0,"35-39 "
1842326,25,1837,4,1,1200,637,18,7,"45-49 "
1842364,11,1153,12,2,60,1093,1,10,"35-39 "
1842463,129,20535,2,0,17698,2837,107,22,"40-44 "
1842524,1,256,9,0,256,0,1,0,"35-39 "
1842623,1,58,7,0,58,0,1,0,"45-49 "
1842807,5,1640,6,2,1640,0,5,0,">65 "
1842814,13,1247,13,0,1247,0,13,0,"45-49 "
1842821,42,7321,25,0,0,7321,0,42,"35-39 "
1842869,7,446,9,3,294,152,6,1,">65 "
1842975,13,1504,3,3,1445,59,11,2,"40-44 "
1842982,16,818,15,1,818,0,16,0,"25-29 "
1842999,4,1257,34,1,1257,0,4,0,"30-34 "
1843019,1,269,15,0,269,0,1,0,"40-44 "
1843026,10,888,5,2,241,647,3,7,"25-29 "
1843095,2,128,22,0,128,0,2,0,"35-39 "
1843187,29,13194,3,0,554,12640,11,18,"35-39 "
1843231,1,1008,42,0,1008,0,1,0,"40-44 "
1843255,8,827,12,4,0,827,0,8,"60-64 "
1843279,29,3756,39,0,0,3756,0,29,"40-44 "
1843293,14,2468,14,1,2468,0,14,0,"<25 "
1843323,5,2587,4,0,0,2587,0,5,"40-44 "
1843378,20,2409,10,1,614,1795,3,17,"40-44 "
1843415,4,985,8,5,985,0,4,0,"40-44 "
1843422,14,2628,15,2,1859,769,9,5,"35-39 "
1843453,9,2928,26,0,0,2928,0,9,"25-29 "
1843552,66,16058,2,1,6532,9526,47,19,"35-39 "
1843736,3,328,11,8,92,236,2,1,"45-49 "
1843774,11,712,9,0,192,520,3,8,"<25 "
1843828,23,6953,6,1,6023,930,19,4,">65 "
1843835,15,4362,18,1,3322,1040,14,1,"50-54 "
1843842,5,1342,24,0,1342,0,5,0,"45-49 "
1843873,8,427,9,3,427,0,8,0,"30-34 "
1843972,1,180,25,0,0,180,0,1,"35-39 "
1844009,6,371,2,5,36,335,1,5,"30-34 "
1844023,1,60,33,0,0,60,0,1,"30-34 "
1844030,10,1962,2,0,1962,0,10,0,"25-29 "
1844085,26,5232,30,0,5232,0,26,0,"35-39 "
1844108,15,9374,5,0,0,9374,0,15,"30-34 "
1844139,7,901,2,1,901,0,7,0,"35-39 "
1844276,5,981,8,0,981,0,5,0,"25-29 "
1844283,8,1802,39,0,0,1802,0,8,"30-34 "
1844337,2,185,39,0,0,185,0,2,"30-34 "
1844436,2,113,22,0,113,0,2,0,"30-34 "
1844450,11,2178,12,0,0,2178,0,11,"30-34 "
1844481,17,5190,19,1,0,5190,0,17,"30-34 "
1844498,9,7456,12,0,6347,1109,7,2,"30-34 "
1844542,1,60,14,0,60,0,1,0,"25-29 "
1844665,4,326,25,0,0,326,0,4,"45-49 "
1844733,8,1904,42,0,1904,0,8,0,"35-39 "
1844818,1,608,7,0,608,0,1,0,"40-44 "
1844924,2,10440,5,8,10044,396,1,1,"<25 "
1844955,10,3771,42,0,3771,0,10,0,"35-39 "
1845068,5,2046,13,0,2046,0,5,0,"<25 "
1845129,10,914,4,0,0,914,0,10,"30-34 "
1845136,2,124,29,0,124,0,2,0,"40-44 "
1845303,14,1675,5,0,0,1675,0,14,"30-34 "
1845341,10,845,25,1,0,845,0,10,"30-34 "
1845389,24,8662,39,0,0,8662,0,24,"35-39 "
1845402,3,3564,18,0,0,3564,0,3,"45-49 "
1845419,24,2185,5,1,1008,1177,14,10,"60-64 "
1845433,14,1512,37,0,1512,0,14,0,"30-34 "
1845495,35,5863,2,1,5495,368,31,4,"30-34 "
1845532,12,1721,2,2,749,972,9,3,"40-44 "
1845624,11,3074,6,3,1821,1253,5,6,"55-59 "
1845648,1,1475,37,0,1475,0,1,0,"40-44 "
1845655,3,3524,29,0,3524,0,3,0,"40-44 "
1845693,2,85,18,0,0,85,0,2,"45-49 "
1845716,9,3807,2,4,3807,0,9,0,">65 "
1845747,105,41617,6,0,32644,8973,61,44,">65 "
1845754,29,6159,15,0,6159,0,29,0,">65 "
1845778,38,3375,2,1,3181,194,34,4,">65 "
1845822,6,631,22,3,631,0,6,0,">65 "
1845839,45,9864,2,1,3594,6270,33,12,">65 "
1845884,36,3010,11,1,1389,1621,23,13,">65 "
1845945,13,11467,22,1,10044,1423,1,12,">65 "
1845976,15,3624,5,2,2954,670,13,2,">65 "
1845983,91,14454,2,0,9431,5023,59,32,">65 "
1845990,141,39265,2,0,12537,26728,84,57,">65 "
1846003,70,24921,5,0,3207,21714,25,45,">65 "
1846065,23,1803,8,1,1226,577,16,7,">65 "
1846072,74,16180,2,1,9118,7062,27,47,">65 "
1846119,34,2504,3,1,1618,886,23,11,">65 "
1846195,18,1598,2,2,1598,0,18,0,">65 "
1846225,101,21628,2,0,13616,8012,79,22,">65 "
1846249,10,1269,32,0,0,1269,0,10,">65 "
1846256,87,15817,2,0,8038,7779,47,40,">65 "
1846263,44,8085,6,1,4288,3797,35,9,">65 "
1846300,2,338,39,0,0,338,0,2,">65 "
1846317,35,11354,3,1,8534,2820,26,9,">65 "
1846324,7,7573,2,5,3120,4453,2,5,">65 "
1846331,18,1371,2,2,1002,369,11,7,">65 "
1846355,97,15740,11,0,6938,8802,45,52,">65 "
1846362,3,361,4,8,323,38,2,1,">65 "
1846379,33,3078,2,1,3078,0,33,0,">65 "
1846386,41,7957,2,1,7957,0,41,0,">65 "
1846393,22,2142,2,2,1203,939,12,10,">65 "
1846416,56,10134,2,1,8829,1305,46,10,">65 "
1846478,29,10288,9,1,6162,4126,18,11,">65 "
1846485,8,5029,20,2,5029,0,8,0,">65 "
1846492,46,9203,2,1,9110,93,43,3,">65 "
1846539,9,986,2,3,776,210,8,1,">65 "
1846546,44,3443,3,1,3443,0,44,0,">65 "
1846553,69,5955,4,1,3533,2422,40,29,">65 "
1846560,31,6877,2,1,3604,3273,25,6,">65 "
1846607,98,21986,1,0,18545,3441,84,14,">65 "
1846614,15,4642,35,1,4113,529,8,7,">65 "
1846621,55,7736,2,1,5633,2103,41,14,">65 "
1846638,22,1102,5,1,1077,25,21,1,">65 "
1846645,32,3276,12,0,0,3276,0,32,">65 "
1846652,22,3831,2,1,3325,506,13,9,">65 "
1846669,163,31779,2,0,17310,14469,131,32,">65 "
1846676,24,4803,2,2,1685,3118,14,10,">65 "
1846683,52,13004,2,1,11302,1702,35,17,">65 "
1846690,72,17150,7,0,12453,4697,44,28,">65 "
1846706,21,1785,3,2,878,907,9,12,">65 "
1846713,3,173,28,0,173,0,3,0,">65 "
1846737,24,2322,2,1,2026,296,18,6,">65 "
1846751,10,1401,8,3,1401,0,10,0,">65 "
1846768,15,5665,2,2,5276,389,13,2,">65 "
1846775,33,3227,4,1,2243,984,27,6,">65 "
1846805,2,134,15,8,134,0,2,0,">65 "
1846812,113,19612,2,0,11283,8329,82,31,">65 "
1846829,43,6462,2,1,4821,1641,31,12,">65 "
1846867,45,4764,2,1,4353,411,41,4,">65 "
1846904,171,29737,1,0,19122,10615,124,47,">65 "
1846911,12,2182,2,3,2182,0,12,0,">65 "
1846928,43,6111,3,1,5996,115,40,3,">65 "
1846935,23,2587,5,2,1352,1235,9,14,">65 "
1846942,89,31416,2,0,27854,3562,59,30,">65 "
1847024,21,2957,3,2,2384,573,13,8,">65 "
1847031,25,7100,7,1,7100,0,25,0,">65 "
1847062,41,6574,3,1,2912,3662,25,16,">65 "
1847086,18,1382,5,2,848,534,15,3,">65 "
1847109,9,768,11,2,0,768,0,9,">65 "
1847116,4,563,2,9,541,22,3,1,">65 "
1847130,2,1145,34,2,1145,0,2,0,">65 "
1847147,63,7703,2,1,3218,4485,22,41,">65 "
1847154,8,7177,4,1,3956,3221,6,2,">65 "
1847178,11,2163,21,1,2163,0,11,0,"30-34 "
1847185,8,1088,5,0,0,1088,0,8,"40-44 "
1847246,3,327,12,0,0,327,0,3,"40-44 "
1847260,24,4901,2,2,4901,0,24,0,"55-59 "
1847277,1,25,4,0,0,25,0,1,"35-39 "
1847291,12,1707,4,0,0,1707,0,12,"25-29 "
1847376,12,1481,3,2,529,952,3,9,"<25 "
1847550,2,373,28,0,373,0,2,0,"50-54 "
1847673,8,2969,18,0,0,2969,0,8,"30-34 "
1847703,18,1555,3,0,1100,455,12,6,"30-34 "
1847734,13,8348,5,2,7070,1278,8,5,"25-29 "
1847741,13,1703,5,2,721,982,6,7,"50-54 "
1847765,11,640,20,0,640,0,11,0,"40-44 "
1847796,27,2923,27,0,642,2281,6,21,"40-44 "
1847833,7,820,24,0,820,0,7,0,"30-34 "
1847857,4,3345,6,0,3345,0,4,0,"25-29 "
1847871,30,3941,4,1,1707,2234,18,12,"35-39 "
1847987,80,18945,10,0,11757,7188,49,31,"35-39 "
1847994,211,48053,2,0,39277,8776,167,44,"35-39 "
1848045,89,14703,4,0,6813,7890,34,55,">65 "
1848052,10,1209,6,3,500,709,3,7,">65 "
1848151,11,1439,2,4,1347,92,10,1,">65 "
1848168,10,796,1,4,796,0,10,0,">65 "
1848182,53,39765,2,1,32230,7535,44,9,">65 "
1848205,10,3474,2,4,1047,2427,6,4,">65 "
1848243,35,42360,3,1,30807,11553,30,5,">65 "
1848267,15,8552,6,2,8306,246,12,3,">65 "
1848274,23,15382,2,2,11962,3420,22,1,">65 "
1848311,2,10203,12,5,10044,159,1,1,">65 "
1848328,41,18975,7,1,11879,7096,29,12,">65 "
1848335,115,24500,2,0,16314,8186,62,53,">65 "
1848359,35,31933,3,1,22201,9732,26,9,">65 "
1848410,25,9589,11,1,8331,1258,17,8,">65 "
1848434,39,3755,3,1,2780,975,29,10,">65 "
1848472,16,1624,34,0,1624,0,16,0,">65 "
1848496,17,2239,14,2,1489,750,16,1,">65 "
1848519,83,18065,2,0,14944,3121,55,28,">65 "
1848526,2,2038,29,0,2038,0,2,0,">65 "
1848564,13,8950,10,3,7723,1227,11,2,">65 "
1848571,17,22220,8,2,22220,0,17,0,">65 "
1848588,18,6855,3,2,6855,0,18,0,">65 "
1848601,55,15393,3,1,14353,1040,39,16,">65 "
1848618,31,5900,12,1,4249,1651,25,6,">65 "
1848649,1,10044,22,0,10044,0,1,0,">65 "
1848656,17,2873,1,2,2808,65,16,1,">65 "
1848663,14,1577,2,1,1577,0,14,0,">65 "
1848687,148,38495,4,0,17772,20723,81,67,">65 "
1848755,12,4823,9,3,4277,546,4,8,"40-44 "
1848786,4,871,17,0,871,0,4,0,"40-44 "
1848809,18,10713,2,2,7335,3378,14,4,"<25 "
1848816,22,4277,8,1,2932,1345,8,14,"25-29 "
1848960,8,1198,12,0,0,1198,0,8,"50-54 "
1849035,2,303,4,0,0,303,0,2,"35-39 "
1849073,1,36,18,0,0,36,0,1,"30-34 "
1849158,9,600,8,4,600,0,9,0,">65 "
1849165,37,21927,8,1,10149,11778,14,23,"40-44 "
1849172,4,426,24,0,426,0,4,0,"30-34 "
1849219,10,955,4,3,189,766,2,8,"<25 "
1849226,26,5211,5,1,2057,3154,9,17,"50-54 "
1849233,10,668,17,0,668,0,10,0,"35-39 "
1849240,2,823,18,0,0,823,0,2,"30-34 "
1849295,6,276,35,0,276,0,6,0,"30-34 "
1849332,50,4028,19,0,3816,212,48,2,"45-49 "
1849394,16,2206,5,0,0,2206,0,16,"35-39 "
1849417,19,1556,18,1,0,1556,0,19,"<25 "
1849554,30,27434,16,0,27434,0,30,0,"35-39 "
1849677,3,218,2,13,218,0,3,0,"35-39 "
1849882,1,396,18,0,0,396,0,1,"30-34 "
1850024,5,947,12,0,0,947,0,5,"30-34 "
1850031,9,5043,40,0,0,5043,0,9,"35-39 "
1850093,8,1521,19,0,0,1521,0,8,"35-39 "
1850154,17,1254,26,0,0,1254,0,17,"35-39 "
1850345,3,191,10,0,155,36,2,1,"35-39 "
1850475,2,301,28,6,288,13,1,1,"35-39 "
1850482,12,1252,20,0,1252,0,12,0,"55-59 "
1850543,6,3345,7,0,3345,0,6,0,"35-39 "
1850710,1,129,9,0,129,0,1,0,"25-29 "
1850987,3,373,4,9,334,39,2,1,"40-44 "
1851021,10,902,2,3,776,126,8,2,"30-34 "
1851052,9,541,13,2,541,0,9,0,"40-44 "
1851120,7,415,19,0,0,415,0,7,"<25 "
1851212,4,6696,16,0,6696,0,4,0,"<25 "
1851311,6,487,32,0,0,487,0,6,"30-34 "
1851342,6,828,8,0,828,0,6,0,"<25 "
1851403,29,6235,31,0,6235,0,29,0,"30-34 "
1851489,10,306652,21,1,306652,0,10,0,"45-49 "
1851564,1,10044,22,0,10044,0,1,0,"35-39 "
1851588,10,7542382,4,4,503504,7038878,7,3,"25-29 "
1851762,9,956,17,1,956,0,9,0,"40-44 "
1851816,4,1062,13,0,1062,0,4,0,"55-59 "
1852035,4,1780,14,0,1780,0,4,0,"30-34 "
1852080,15,2401,22,0,2401,0,15,0,"40-44 "
1852103,13,1165,16,0,1165,0,13,0,"35-39 "
1852165,8,952,11,2,474,478,3,5,"40-44 "
1852172,14,3016,8,1,565,2451,9,5,"30-34 "
1852295,2,872,4,0,0,872,0,2,"40-44 "
1852318,10,5780,4,0,0,5780,0,10,"30-34 "
1852424,13,2191,22,0,2191,0,13,0,"30-34 "
1852547,5,3313,10,5,3313,0,5,0,"30-34 "
1852653,3,2336,7,2,2336,0,3,0,"30-34 "
1852707,8,15296,8,0,15296,0,8,0,"30-34 "
1852714,2,228,26,0,0,228,0,2,">65 "
1852745,57,9505,15,0,1047,8458,8,49,"50-54 "
1852790,10,699,22,0,699,0,10,0,"45-49 "
1853018,6,402,2,0,402,0,6,0,"25-29 "
1853025,42,6769,7,1,2460,4309,4,38,"25-29 "
1853070,16,21050,34,0,21050,0,16,0,"35-39 "
1853100,5,440,38,0,440,0,5,0,"30-34 "
1853124,32,3557,40,0,0,3557,0,32,"45-49 "
1853254,23,13010,18,0,0,13010,0,23,"40-44 "
1853292,32,4474,5,1,0,4474,0,32,"35-39 "
1853322,53,8286,4,0,727,7559,5,48,"40-44 "
1853407,3,532,4,0,0,532,0,3,"35-39 "
1853476,7,295,18,0,0,295,0,7,"35-39 "
1853483,14,3719,10,0,3719,0,14,0,"45-49 "
1853506,10,1159,18,0,0,1159,0,10,"40-44 "
1853575,17,5625,25,0,0,5625,0,17,"30-34 "
1853629,7,1072,11,2,378,694,1,6,"45-49 "
1853643,13,1855,18,0,0,1855,0,13,"35-39 "
1853674,7,6699,28,2,4964,1735,3,4,"35-39 "
1853735,16,2052,18,0,0,2052,0,16,"30-34 "
1853773,4,444,25,0,0,444,0,4,"25-29 "
1853803,3,5769,7,7,5769,0,3,0,"<25 "
1853827,7,270,27,1,255,15,6,1,"50-54 "
1853858,17,5070,5,0,0,5070,0,17,"40-44 "
1853896,50,6217,4,0,0,6217,0,50,">65 "
1853919,41,3755,35,0,1806,1949,20,21,"35-39 "
1853964,3,197,5,0,0,197,0,3,"<25 "
1854060,15,931,5,2,682,249,12,3,"35-39 "
1854107,37,8104,13,1,1570,6534,20,17,"40-44 "
1854152,7,3022,29,0,3022,0,7,0,"55-59 "
1854169,5,4805,2,0,4805,0,5,0,">65 "
1854176,14,6346,33,0,0,6346,0,14,"25-29 "
1854183,4,1343,14,3,1343,0,4,0,"60-64 "
1854213,5,2308,21,1,1318,990,2,3,"40-44 "
1854220,13,12160,19,1,2020,10140,11,2,"35-39 "
1854237,7,1306,3,1,1306,0,7,0,"30-34 "
1854299,16,915,8,1,915,0,16,0,">65 "
1854503,20,3239,1,2,1375,1864,16,4,"45-49 "
1854602,4,2229,15,0,2229,0,4,0,"30-34 "
1854619,5,309,5,0,0,309,0,5,"25-29 "
1854664,38,2884,2,1,1767,1117,24,14,"<25 "
1854688,3,7637,29,0,7637,0,3,0,"45-49 "
1854701,18,7785,18,1,0,7785,0,18,"35-39 "
1854909,15,2738,15,1,897,1841,6,9,"35-39 "
1854923,10,2273,19,0,0,2273,0,10,">65 "
1854930,17,4457,28,0,4457,0,17,0,"30-34 "
1854992,51,8708,2,1,4810,3898,24,27,"40-44 "
1855029,9,12269,41,0,12269,0,9,0,"35-39 "
1855043,3,477,17,0,477,0,3,0,"60-64 "
1855050,8,2576,17,0,2576,0,8,0,"45-49 "
1855081,5,362,33,0,0,362,0,5,"50-54 "
1855098,10,2847,22,0,2847,0,10,0,"45-49 "
1855159,33,3384,2,1,3384,0,33,0,"35-39 "
1855197,10,1992,4,1,0,1992,0,10,"35-39 "
1855258,16,1738,35,0,1738,0,16,0,"<25 "
1855371,9,1800,11,0,0,1800,0,9,"25-29 "
1855463,13,3229,4,2,1811,1418,6,7,"25-29 "
1855470,29,2804,18,1,644,2160,3,26,"30-34 "
1855517,15,3407,40,0,0,3407,0,15,"30-34 "
1855562,44,3873,5,1,0,3873,0,44,"25-29 "
1855609,11,793,25,0,0,793,0,11,"40-44 "
1855753,2,118,21,10,118,0,2,0,"35-39 "
1855876,4,3028,40,0,0,3028,0,4,"30-34 "
1855883,4,3796,9,3,3796,0,4,0,"40-44 "
1856033,39,5535,6,1,5535,0,39,0,"40-44 "
1856057,5,318,33,0,0,318,0,5,"45-49 "
1856088,17,6269,31,0,3011,3258,6,11,"40-44 "
1856095,49,13027,18,0,7231,5796,5,44,"45-49 "
1856118,5,267,29,0,267,0,5,0,"25-29 "
1856156,6,511,7,4,511,0,6,0,"25-29 "
1856187,11,638,18,0,0,638,0,11,"25-29 "
1856255,9,4429,22,0,4429,0,9,0,"25-29 "
1856323,13,1686,11,2,0,1686,0,13,"<25 "
1856354,6,3832,28,1,3832,0,6,0,"45-49 "
1856415,6,413,14,0,413,0,6,0,"35-39 "
1856477,26,5220,2,1,5220,0,26,0,"25-29 "
1856521,39,8317,18,0,7194,1123,28,11,"50-54 "
1856569,14,2510,14,2,1576,934,6,8,"35-39 "
1856699,29,14983,2,1,13993,990,28,1,"40-44 "
1856712,23,1882,21,0,1027,855,8,15,"45-49 "
1856798,15,1577,5,2,1119,458,10,5,"25-29 "
1856835,5,922,25,0,0,922,0,5,"50-54 "
1856989,21,3488,25,1,0,3488,0,21,"30-34 "
1856996,6,309,18,4,0,309,0,6,"35-39 "
1857078,2,432,19,0,0,432,0,2,"40-44 "
1857092,6,1891,13,2,1891,0,6,0,"45-49 "
1857313,17,2356,11,0,0,2356,0,17,"35-39 "
1857344,12,4091,19,0,0,4091,0,12,"40-44 "
1857351,31,5879,33,0,0,5879,0,31,"35-39 "
1857467,16,1901,25,0,0,1901,0,16,"45-49 "
1857566,5,420,9,0,420,0,5,0,"<25 "
1857603,25,18691,8,1,17637,1054,21,4,"45-49 "
1857689,1,184,5,0,0,184,0,1,"35-39 "
1857702,5,481,18,0,0,481,0,5,"40-44 "
1857733,23,5035,18,1,0,5035,0,23,"30-34 "
1857801,58,15230,2,1,15170,60,57,1,"35-39 "
1857863,3,2588,11,0,0,2588,0,3,"40-44 "
1857917,14,2019,2,0,2019,0,14,0,"<25 "
1857931,13,914,12,1,787,127,10,3,"45-49 "
1857993,3,492,15,7,492,0,3,0,"25-29 "
1858136,24,1321,3,2,891,430,17,7,"50-54 "
1858143,6,7380,32,0,0,7380,0,6,"35-39 "
1858198,14,2487,38,0,2487,0,14,0,"25-29 "
1858204,23,14732,7,1,8841,5891,17,6,"60-64 "
1858211,4,344,8,6,324,20,3,1,"40-44 "
1858273,21,1927,4,1,0,1927,0,21,"35-39 "
1858303,10,2367,11,1,1644,723,7,3,"25-29 "
1858372,15,1430,6,2,1430,0,15,0,"50-54 "
1858402,6,3356,4,0,0,3356,0,6,"<25 "
1858440,27,4281,8,1,584,3697,5,22,"40-44 "
1858457,14,1167,5,3,879,288,12,2,"25-29 "
1858471,24,3557,13,0,3557,0,24,0,"25-29 "
1858488,2,111,25,0,0,111,0,2,"40-44 "
1858501,18,5857,19,0,0,5857,0,18,"35-39 "
1858532,5,550,32,0,0,550,0,5,"35-39 "
1858761,28,12540,12,1,0,12540,0,28,"30-34 "
1858778,2,175,32,0,0,175,0,2,"45-49 "
1859065,3,760,11,0,0,760,0,3,">65 "
1859119,1,14500,32,0,0,14500,0,1,"35-39 "
1859164,6,1557,38,0,1557,0,6,0,"35-39 "
1859201,6,4713,40,0,0,4713,0,6,"50-54 "
1859263,30,2088,1,1,1700,388,21,9,"35-39 "
1859270,4,349,10,3,349,0,4,0,"<25 "
1859300,8,4115,30,0,4115,0,8,0,"<25 "
1859324,8,3569,12,0,0,3569,0,8,"40-44 "
1859331,9,412,23,0,412,0,9,0,"25-29 "
1859355,15,1155,19,1,457,698,9,6,"30-34 "
1859522,11,8258,9,0,7275,983,5,6,"35-39 "
1859539,27,2124,5,1,1263,861,20,7,"45-49 "
1859560,7,4621,15,4,1031,3590,6,1,"55-59 "
1859607,15,1425,5,2,758,667,10,5,"30-34 "
1859652,19,3649,19,0,0,3649,0,19,"35-39 "
1859737,14,22236,2,2,22236,0,14,0,"45-49 "
1859775,23,2874,35,0,687,2187,8,15,"45-49 "
1859805,29,5349,6,0,5349,0,29,0,"40-44 "
1860108,8,11144,5,0,0,11144,0,8,"25-29 "
1860177,14,2189,8,2,590,1599,5,9,"30-34 "
1860245,6,2724,3,2,2184,540,5,1,"45-49 "
1860276,19,2723,22,0,2723,0,19,0,"60-64 "
1860313,18,6249,19,0,0,6249,0,18,"45-49 "
1860399,4,317,26,0,0,317,0,4,"35-39 "
1860528,20,2054,18,0,0,2054,0,20,"25-29 "
1860580,1,1260,25,0,0,1260,0,1,"35-39 "
1860702,4,454,24,0,454,0,4,0,"25-29 "
1860870,19,8444,10,1,36,8408,1,18,"35-39 "
1860931,6,23625,10,0,23625,0,6,0,"30-34 "
1861129,9,421,9,2,421,0,9,0,"<25 "
1861136,2,478,8,0,478,0,2,0,"35-39 "
1861174,4,10802,4,2,129,10673,1,3,"25-29 "
1861204,17,4383,19,0,0,4383,0,17,"30-34 "
1861365,11,2581,15,0,2581,0,11,0,"30-34 "
1861372,2,6499,23,0,6499,0,2,0,"45-49 "
1861525,15,1533,39,0,0,1533,0,15,"35-39 "
1861556,1,396,10,0,396,0,1,0,"<25 "
1861686,14,1557,25,0,0,1557,0,14,"35-39 "
1861808,14,2895,2,2,2895,0,14,0,">65 "
1861877,21,2649,6,2,2649,0,21,0,"35-39 "
1861914,6,607,28,2,607,0,6,0,"40-44 "
1861945,4,246,20,0,246,0,4,0,"30-34 "
1861990,36,4838,3,1,3532,1306,25,11,"35-39 "
1862058,33,13370,28,0,13370,0,33,0,">65 "
1862171,32,15332,4,1,7178,8154,15,17,"45-49 "
1862188,2,96,16,8,36,60,1,1,"60-64 "
1862195,5,1434,18,0,0,1434,0,5,"55-59 "
1862232,32,4165,7,1,4165,0,32,0,"30-34 "
1862263,6,1367,26,0,152,1215,5,1,"30-34 "
1862294,14,1474,41,0,1474,0,14,0,"50-54 "
1862379,8,3032,15,0,3032,0,8,0,"30-34 "
1862447,11,1587,19,0,0,1587,0,11,"30-34 "
1862591,6,957,29,0,957,0,6,0,"50-54 "
1862652,8,3128,38,0,3128,0,8,0,"40-44 "
1862690,12,2509,5,2,1490,1019,4,8,"30-34 "
1862706,10,2081,30,1,2081,0,10,0,"25-29 "
1862799,7,2508,40,0,0,2508,0,7,"45-49 "
1862829,15,4001,37,0,4001,0,15,0,"35-39 "
1862928,5,337,10,0,337,0,5,0,">65 "
1862942,30,20326,17,0,20326,0,30,0,"35-39 "
1862959,22,3837,6,0,3837,0,22,0,"30-34 "
1862973,12,1682,11,0,0,1682,0,12,"40-44 "
1863017,5,483,41,0,483,0,5,0,"35-39 "
1863086,7,506,31,0,506,0,7,0,"40-44 "
1863352,10,2860,25,0,0,2860,0,10,"30-34 "
1863413,7,434,36,0,434,0,7,0,"35-39 "
1863680,19,6558,14,0,6558,0,19,0,"60-64 "
1863710,24,2782,20,1,2782,0,24,0,"35-39 "
1863734,9,384,22,0,384,0,9,0,"30-34 "
1863758,13,855,33,0,0,855,0,13,"30-34 "
1863932,3,189,18,0,0,189,0,3,">65 "
1863970,49,16276,18,0,11907,4369,29,20,"25-29 "
1864168,35,4394,3,1,3965,429,32,3,"40-44 "
1864434,10,887,18,0,0,887,0,10,"35-39 "
1864458,7,2183,24,0,2183,0,7,0,"30-34 "
1864489,1,3590,34,0,3590,0,1,0,"55-59 "
1864540,31,1884,14,0,1884,0,31,0,"25-29 "
1864625,19,3377,11,0,0,3377,0,19,"30-34 "
1865295,6,438,2,6,438,0,6,0,"40-44 "
1865332,10,1307,5,0,0,1307,0,10,"30-34 "
1865424,27,2004,17,0,2004,0,27,0,"30-34 "
1865431,24,1990,25,0,0,1990,0,24,"25-29 "
1865493,1,59,4,0,0,59,0,1,"<25 "
1865608,25,3787,12,0,0,3787,0,25,"35-39 "
1865653,8,1120,18,0,0,1120,0,8,"30-34 "
1865677,2,91,26,0,0,91,0,2,"45-49 "
1865707,4,363,33,0,0,363,0,4,"45-49 "
1866025,8,518,14,4,518,0,8,0,"60-64 "
1866070,1,36,10,0,36,0,1,0,"35-39 "
1866087,1,36,10,0,36,0,1,0,"40-44 "
1866131,1,210,28,0,210,0,1,0,"50-54 "
1866261,2,432,5,0,0,432,0,2,"25-29 "
1866360,4,398,5,0,0,398,0,4,"25-29 "
1866483,6,710,40,0,0,710,0,6,"35-39 "
1866742,26,1569,2,1,609,960,6,20,"35-39 "
1866773,1,389,33,0,0,389,0,1,"35-39 "
1866902,9,1739,16,0,1739,0,9,0,">65 "
1866995,7,651,42,0,651,0,7,0,"25-29 "
1867107,13,963,34,0,963,0,13,0,"40-44 "
1867183,26,3010,4,1,0,3010,0,26,"30-34 "
1867268,80,4934,6,0,3806,1128,62,18,"35-39 "
1867282,27,6075,11,1,318,5757,2,25,"30-34 "
1867428,10,1323,4,0,0,1323,0,10,"40-44 "
1867510,40,6666,6,1,3348,3318,17,23,">65 "
1867701,29,4794,16,1,1668,3126,12,17,"25-29 "
1867718,3,137,36,0,137,0,3,0,"25-29 "
1867756,2,248,41,0,248,0,2,0,"35-39 "
1867770,3,321,41,0,321,0,3,0,"30-34 "
1867831,15,4645,2,3,4645,0,15,0,"30-34 "
1867916,9,1777,18,0,0,1777,0,9,"35-39 "
1867923,40,4076,11,0,0,4076,0,40,"35-39 "
1867947,9,1366,20,0,1366,0,9,0,"35-39 "
1868098,2,294,18,0,0,294,0,2,"40-44 "
1868647,8,2205,5,0,1440,765,2,6,"35-39 "
1868685,9,1323,4,0,0,1323,0,9,">65 "
1868753,5,1668,7,0,1668,0,5,0,"25-29 "
1868876,16,8348,25,1,7456,892,12,4,"25-29 "
1868883,22,54982,3,1,1837,53145,12,10,">65 "
1868951,5,566,30,0,566,0,5,0,"60-64 "
1869101,7,10685,7,0,10685,0,7,0,"25-29 "
1869163,13,2311,10,1,2311,0,13,0,"60-64 "
1869231,1,129,2,0,129,0,1,0,"25-29 "
1869279,25,2186,10,1,2186,0,25,0,"30-34 "
1869347,5,2297,8,0,2297,0,5,0,"<25 "
1869422,6,521,11,0,0,521,0,6,"30-34 "
1869477,6,4497,4,0,0,4497,0,6,"25-29 "
1869507,4,2607,6,0,2607,0,4,0,"<25 "
1869514,2,43,37,0,43,0,2,0,"30-34 "
1869521,29,2029,16,0,371,1658,5,24,"40-44 "
1869538,1,3120,31,0,3120,0,1,0,"30-34 "
1869583,18,2279,17,1,584,1695,7,11,"40-44 "
1869651,10,784,7,1,784,0,10,0,"50-54 "
1869781,12,1649,2,3,1400,249,8,4,">65 "
1869798,20,1267,2,1,1267,0,20,0,"60-64 "
1869828,35,2519,11,1,0,2519,0,35,"35-39 "
1869835,25,1610,19,1,0,1610,0,25,"40-44 "
1869866,11,3250,9,1,3250,0,11,0,"50-54 "
1870022,2,1405,19,0,0,1405,0,2,"25-29 "
1870039,3,592,33,0,0,592,0,3,"40-44 "
1870183,3,214,38,0,214,0,3,0,"30-34 "
1870206,4,806,6,0,806,0,4,0,"50-54 "
1870213,23,3955,3,0,663,3292,6,17,"55-59 "
1870220,31,1680,11,1,0,1680,0,31,"30-34 "
1870268,2,174,38,0,174,0,2,0,"35-39 "
1870299,19,1473,32,0,0,1473,0,19,">65 "
1870312,1,129,4,0,0,129,0,1,"30-34 "
1870466,6,884,19,0,0,884,0,6,"30-34 "
1870527,51,3979,16,0,3481,498,44,7,"40-44 "
1870541,2,59,22,0,59,0,2,0,"30-34 "
1870619,7,5630,39,0,0,5630,0,7,"50-54 "
1870718,10,2250,2,0,2250,0,10,0,"40-44 "
1870831,26,7626,4,1,2506,5120,16,10,"45-49 "
1870855,7,1587,38,0,1587,0,7,0,"35-39 "
1870879,7,424,14,0,424,0,7,0,"35-39 "
1870893,10,1146,12,0,0,1146,0,10,"45-49 "
1870930,2,134,19,0,0,134,0,2,"35-39 "
1870992,2,7675,2,0,7675,0,2,0,"30-34 "
1871012,11,1798,5,3,551,1247,3,8,"30-34 "
1871050,3,428,21,0,428,0,3,0,">65 "
1871104,2,303,4,0,0,303,0,2,"40-44 "
1871180,18,4202,19,0,0,4202,0,18,"30-34 "
1871234,14,1430,4,2,0,1430,0,14,"30-34 "
1871241,12,646,2,2,530,116,11,1,"40-44 "
1871265,36,8478,19,0,0,8478,0,36,"50-54 "
1871272,13,4680,18,1,3685,995,8,5,"30-34 "
1871326,5,553,4,0,0,553,0,5,"<25 "
1871333,68,17303,2,0,16605,698,61,7,"55-59 "
1871449,2,148,30,0,148,0,2,0,"40-44 "
1871456,17,6074,20,1,6074,0,17,0,"40-44 "
1871722,35,4319,6,1,3849,470,34,1,"40-44 "
1871746,18,8103,13,1,7711,392,17,1,"40-44 "
1871838,11,2660,4,3,1774,886,3,8,"50-54 "
1871869,59,38618,18,0,30726,7892,35,24,"55-59 "
1871876,29,4472,18,0,0,4472,0,29,"30-34 "
1871944,7,3462,36,0,3462,0,7,0,"35-39 "
1871975,16,1129,16,2,96,1033,3,13,"50-54 "
1872088,6,1790,32,0,0,1790,0,6,"35-39 "
1872125,29,4400,23,1,4400,0,29,0,"35-39 "
1872262,3,304,38,0,304,0,3,0,"30-34 "
1872330,19,6761,18,1,0,6761,0,19,"30-34 "
1872392,15,2419,6,2,188,2231,2,13,"35-39 "
1872460,10,625,4,0,0,625,0,10,"30-34 "
1872491,18,948,18,0,0,948,0,18,"25-29 "
1872507,1,60,34,0,60,0,1,0,"30-34 "
1872538,1,10044,15,0,10044,0,1,0,"35-39 "
1872606,7,958,32,0,0,958,0,7,"40-44 "
1872668,36,9283,15,0,9283,0,36,0,"30-34 "
1872729,8,1534,25,0,0,1534,0,8,"40-44 "
1872750,8,2984,2,0,2984,0,8,0,"45-49 "
1872910,9,815,5,0,0,815,0,9,"30-34 "
1872958,11,1239,13,2,1239,0,11,0,"<25 "
1873054,24,4698,5,1,2460,2238,6,18,"30-34 "
1873092,12,2344,7,2,2344,0,12,0,"25-29 "
1873139,9,4462,29,2,4462,0,9,0,"30-34 "
1873177,14,2100,39,0,0,2100,0,14,"40-44 "
1873214,7,7295,42,0,7295,0,7,0,"40-44 "
1873252,14,1042,2,3,1042,0,14,0,"35-39 "
1873269,18,4922,4,2,3140,1782,4,14,"45-49 "
1873290,21,4108,4,1,0,4108,0,21,"60-64 "
1873306,14,2375,18,1,60,2315,1,13,"30-34 "
1873313,2,205,34,0,205,0,2,0,">65 "
1873320,4,384,5,7,60,324,1,3,">65 "
1873399,18,1777,41,0,1777,0,18,0,"35-39 "
1873405,6,557,34,0,557,0,6,0,"40-44 "
1873429,4,2584,25,0,0,2584,0,4,"60-64 "
1873436,25,4407,16,1,276,4131,4,21,"35-39 "
1873443,19,1694,11,0,0,1694,0,19,"45-49 "
1873498,23,4958,18,1,3006,1952,18,5,"40-44 "
1873528,17,1609,18,0,0,1609,0,17,"35-39 "
1873535,10,9941,20,0,9941,0,10,0,"40-44 "
1873658,6,1006,38,0,1006,0,6,0,"40-44 "
1873689,9,603,9,3,603,0,9,0,">65 "
1873726,55,12429,4,1,7771,4658,29,26,"35-39 "
1873733,1,1728,18,0,0,1728,0,1,"35-39 "
1873740,4,287,33,0,0,287,0,4,"30-34 "
1873764,14,8465,2,1,8465,0,14,0,"35-39 "
1873771,17,763,5,2,0,763,0,17,"25-29 "
1873825,3,6133,4,10,0,6133,0,3,"45-49 "
1873856,37,2888,19,0,0,2888,0,37,"35-39 "
1873870,6,10119,14,2,10119,0,6,0,"30-34 "
1873955,11,882,27,1,882,0,11,0,"25-29 "
1874044,6,3253,12,3,2997,256,4,2,"55-59 "
1874112,11,1476,34,0,1476,0,11,0,"35-39 "
1874273,1,142,30,0,142,0,1,0,"25-29 "
1874365,10,689,26,0,0,689,0,10,">65 "
1874525,3,2780,4,0,0,2780,0,3,"35-39 "
1874549,5,17888,33,0,0,17888,0,5,"50-54 "
1874624,3,141,12,9,0,141,0,3,"45-49 "
1874631,4,1084,32,0,0,1084,0,4,"40-44 "
1874648,1,60,34,0,60,0,1,0,"40-44 "
1874655,26,4461,26,0,0,4461,0,26,"30-34 "
1874914,25,10556,18,1,4906,5650,9,16,"35-39 "
1874945,6,4154,31,0,3120,1034,1,5,"40-44 "
1875041,3,296,7,11,152,144,2,1,"60-64 "
1875089,18,1641,34,0,1641,0,18,0,"35-39 "
1875249,3,450,40,0,0,450,0,3,"45-49 "
1875256,7,2492,17,0,2492,0,7,0,"50-54 "
1875270,3,800,17,0,800,0,3,0,"60-64 "
1875294,13,1569,9,0,1569,0,13,0,"55-59 "
1875317,11,1364,22,1,1364,0,11,0,"45-49 "
1875324,5,2011,18,0,0,2011,0,5,"25-29 "
1875379,51,6268,4,1,2733,3535,21,30,"50-54 "
1875393,1,923,37,0,923,0,1,0,"35-39 "
1875607,8,650,32,0,0,650,0,8,"45-49 "
1875645,1,396,14,0,396,0,1,0,"40-44 "
1875652,13,6602,7,2,2386,4216,10,3,"35-39 "
1875676,23,13284,5,1,0,13284,0,23,"55-59 "
1875720,1,396,18,0,0,396,0,1,"45-49 "
1875744,3,228,36,0,228,0,3,0,"35-39 "
1875768,5,1574,29,3,1574,0,5,0,"40-44 "
1875775,35,5812,25,0,0,5812,0,35,"30-34 "
1875836,13,1131,27,0,1131,0,13,0,">65 "
1875843,4,1305,10,0,1305,0,4,0,"30-34 "
1875898,10,1383,16,0,1383,0,10,0,"40-44 "
1875911,3,226,10,0,226,0,3,0,"35-39 "
1875928,14,1982,10,0,1982,0,14,0,"35-39 "
1876093,3,651,7,0,651,0,3,0,">65 "
1876109,15,1273,23,0,1273,0,15,0,">65 "
1876116,7,2146,33,0,0,2146,0,7,"30-34 "
1876130,7,479,29,0,479,0,7,0,"35-39 "
1876154,6,422,18,0,0,422,0,6,"45-49 "
1876192,12,1447,13,2,1447,0,12,0,"30-34 "
1876215,6,543,7,5,543,0,6,0,"50-54 "
1876222,7,869,34,0,869,0,7,0,">65 "
1876253,2,95,18,0,0,95,0,2,"50-54 "
1876307,15,1748,16,0,1748,0,15,0,"50-54 "
1876321,5,916,6,5,916,0,5,0,">65 "
1876505,9,467,7,3,467,0,9,0,"35-39 "
1876512,28,2195,33,0,0,2195,0,28,"30-34 "
1876536,34,2579,2,1,2244,335,30,4,"35-39 "
1876543,4,654,40,0,0,654,0,4,">65 "
1876567,30,5413,10,1,5413,0,30,0,"35-39 "
1876581,3,414,32,0,0,414,0,3,"30-34 "
1876642,5,105,31,0,105,0,5,0,"30-34 "
1876697,21,26094,10,0,26094,0,21,0,"35-39 "
1876727,7,1311,11,3,856,455,2,5,"35-39 "
1876734,10,651,12,2,0,651,0,10,"35-39 "
1876758,12,3447,19,0,0,3447,0,12,"25-29 "
1876765,43,24504,2,1,8257,16247,26,17,"30-34 "
1876864,1,60,35,0,60,0,1,0,"35-39 "
1876888,1,46,18,0,0,46,0,1,"55-59 "
1877090,18,1900,25,0,0,1900,0,18,"45-49 "
1877236,3,3567,41,0,3567,0,3,0,"30-34 "
1877267,7,342,16,3,342,0,7,0,">65 "
1877397,52,13978,7,0,3384,10594,22,30,"30-34 "
1877403,25,5933,10,0,5933,0,25,0,"30-34 "
1877434,2,98,21,0,98,0,2,0,"<25 "
1877441,1,36,21,0,36,0,1,0,"<25 "
1877458,2,95,21,0,95,0,2,0,"<25 "
1877502,16,2715,12,1,1566,1149,5,11,">65 "
1877557,12,904,14,1,904,0,12,0,"45-49 "
1877571,11,1202,15,0,1202,0,11,0,"35-39 "
1877663,1,396,21,0,396,0,1,0,"40-44 "
1877731,14,668,3,0,668,0,14,0,"30-34 "
1877762,43,4675,4,0,1587,3088,15,28,"35-39 "
1877779,1,396,9,0,396,0,1,0,">65 "
1877809,2,918,25,0,0,918,0,2,"35-39 "
1877823,11,1188,15,0,1188,0,11,0,"55-59 "
1877878,40,4001,7,1,2162,1839,20,20,"40-44 "
1877892,19,4030,5,2,3478,552,13,6,"45-49 "
1877953,3,947,38,0,947,0,3,0,"30-34 "
1878011,6,846,7,0,846,0,6,0,"35-39 "
1878318,14,1516,3,1,1516,0,14,0,"45-49 "
1878349,9,39212,9,2,39212,0,9,0,"45-49 "
1878448,28,3071,21,0,3071,0,28,0,"40-44 "
1878530,3,420,25,0,0,420,0,3,"40-44 "
1878561,74,40042,6,0,40042,0,74,0,"35-39 "
1878615,8,959,14,0,959,0,8,0,"45-49 "
1878622,20,4078,19,0,0,4078,0,20,"45-49 "
1878684,4,825,4,0,0,825,0,4,"25-29 "
1878738,21,1883,6,1,1883,0,21,0,"35-39 "
1878752,4,1488,35,0,1488,0,4,0,"40-44 "
1878806,7,598,11,0,0,598,0,7,"<25 "
1878813,5,1508,24,0,1508,0,5,0,"30-34 "
1878912,4,1559,36,0,1559,0,4,0,"30-34 "
1878936,1,800,32,0,0,800,0,1,"25-29 "
1878981,13,1205,40,0,0,1205,0,13,"45-49 "
1879117,15,2722,2,3,2722,0,15,0,"35-39 "
1879216,12,2335,23,0,2335,0,12,0,"25-29 "
1879285,12,7051,22,1,6205,846,10,2,"25-29 "
1879308,7,433,21,0,433,0,7,0,"30-34 "
1879315,1,116,12,0,0,116,0,1,"30-34 "
1879360,8,1911,19,0,0,1911,0,8,"50-54 "
1879414,16,19400,19,0,5148,14252,8,8,"40-44 "
1879872,14,1446,22,1,1446,0,14,0,"40-44 "
1879964,5,474,14,5,474,0,5,0,"35-39 "
1879971,8,641,26,0,0,641,0,8,"35-39 "
1880014,6,515,28,0,515,0,6,0,"25-29 "
1880038,9,3854,5,0,0,3854,0,9,"40-44 "
1880045,6,856,2,6,195,661,2,4,"40-44 "
1880137,16,2407,12,0,0,2407,0,16,"30-34 "
1880229,14,1372,39,0,0,1372,0,14,"45-49 "
1880236,14,2046,19,1,0,2046,0,14,"45-49 "
1880373,7,637,14,0,637,0,7,0,"30-34 "
1880397,2,10223,4,0,0,10223,0,2,">65 "
1880434,13,1741,22,1,1741,0,13,0,"50-54 "
1880465,36,9112,5,1,0,9112,0,36,"55-59 "
1880496,4,572,4,0,0,572,0,4,"<25 "
1880526,8,458,34,0,458,0,8,0,"35-39 "
1880670,17,2908,19,1,1561,1347,9,8,"25-29 "
1880885,6,555,20,0,555,0,6,0,"35-39 "
1880946,1,60,32,0,0,60,0,1,">65 "
1880960,1,60,32,0,0,60,0,1,"25-29 "
1881028,1,60,33,0,0,60,0,1,"60-64 "
1881110,3,400,8,0,400,0,3,0,"40-44 "
1881127,34,5518,21,0,4648,870,28,6,"<25 "
1881189,11,1508,4,2,1377,131,9,2,"35-39 "
1881240,16,2128,21,0,2128,0,16,0,"55-59 "
1881424,4,284,3,8,284,0,4,0,"<25 "
1881448,12,2411,15,0,2411,0,12,0,"<25 "
1881615,1,3924,36,0,3924,0,1,0,">65 "
1881752,4,233,28,2,233,0,4,0,"45-49 "
1881790,24,2466,39,0,0,2466,0,24,"25-29 "
1881899,6,2047,33,1,1987,60,5,1,"30-34 "
1881967,3,1933,37,0,1933,0,3,0,"30-34 "
1881974,17,4273,16,0,4273,0,17,0,"35-39 "
1882049,2,3220,12,2,36,3184,1,1,"30-34 "
1882056,14,4460,8,2,4095,365,10,4,"<25 "
1882186,17,1869,11,1,0,1869,0,17,"25-29 "
1882193,14,784,23,1,784,0,14,0,"30-34 "
1882223,10,775,8,3,775,0,10,0,"45-49 "
1882346,25,7036,6,1,7036,0,25,0,">65 "
1882353,12,24195,7,2,781,23414,9,3,"30-34 "
1882407,4,422,4,0,0,422,0,4,"35-39 "
1882421,11,1903,15,0,1903,0,11,0,"35-39 "
1882520,1,129,7,0,129,0,1,0,"25-29 "
1882537,2,308,7,0,308,0,2,0,"35-39 "
1882568,10,890,11,0,0,890,0,10,"<25 "
1882896,5,665,20,3,665,0,5,0,"35-39 "
1883381,10,842,16,2,842,0,10,0,"30-34 "
1883398,3,1779,29,0,1779,0,3,0,"45-49 "
1883411,1,249,35,0,249,0,1,0,"25-29 "
1883497,16,1908,21,1,1908,0,16,0,"35-39 "
1883527,78,9317,5,0,6343,2974,44,34,"35-39 "
1883619,9,430,29,1,430,0,9,0,"30-34 "
1883633,11,2938,32,0,0,2938,0,11,"40-44 "
1883664,59,7212,18,0,0,7212,0,59,"35-39 "
1884104,1,116,31,0,116,0,1,0,"40-44 "
1884654,6,251,3,2,251,0,6,0,"25-29 "
1884777,5,288,38,0,288,0,5,0,"25-29 "
1884807,3,285,24,0,285,0,3,0,"<25 "
1884944,13,2980,15,0,2980,0,13,0,"50-54 "
1885095,6,1275,39,0,0,1275,0,6,"30-34 "
1885170,4,910,4,0,0,910,0,4,"45-49 "
1885200,8,677,22,0,677,0,8,0,"30-34 "
1885217,5,794,18,0,0,794,0,5,"40-44 "
1885279,26,2326,10,1,876,1450,11,15,"55-59 "
1885286,5,189,22,0,189,0,5,0,"55-59 "
1885361,14,3297,20,0,3297,0,14,0,"40-44 "
1885453,5,312,26,1,213,99,4,1,"55-59 "
1885613,37,10750,32,0,7613,3137,28,9,"30-34 "
1885620,2,199,32,0,0,199,0,2,"30-34 "
1885644,15,2208,39,0,0,2208,0,15,"45-49 "
1885682,12,1835,21,2,1835,0,12,0,"35-39 "
1885705,37,2348,18,0,0,2348,0,37,"45-49 "
1885712,2,96,21,6,36,60,1,1,"55-59 "
1885767,31,2870,5,0,0,2870,0,31,"40-44 "
1885781,5,648,11,0,0,648,0,5,"35-39 "
1885866,13,2876,25,1,0,2876,0,13,"30-34 "
1885897,6,808,39,0,0,808,0,6,"40-44 "
1885910,10,870,17,2,634,236,9,1,"50-54 "
1885934,9,499,12,0,0,499,0,9,"50-54 "
1885958,12,5867,29,1,5867,0,12,0,"40-44 "
1885972,2,323,29,0,323,0,2,0,"40-44 "
1886016,21,8870,5,2,1173,7697,7,14,"<25 "
1886061,6,866,32,0,0,866,0,6,"50-54 "
1886085,7,1984,17,3,1984,0,7,0,"35-39 "
1886207,10,1410,12,3,1141,269,6,4,"30-34 "
1886245,68,6372,4,1,1653,4719,19,49,"30-34 "
1886344,2,501,2,0,501,0,2,0,"50-54 "
1886368,9,404,12,0,0,404,0,9,"30-34 "
1886405,29,3790,20,1,763,3027,4,25,">65 "
1886474,4,1255,3,0,1255,0,4,0,"45-49 "
1886481,3,5101,4,10,0,5101,0,3,"30-34 "
1886559,3,1046,32,0,0,1046,0,3,"45-49 "
1886573,8,1027,18,0,0,1027,0,8,"30-34 "
1886825,21,3471,39,0,0,3471,0,21,"45-49 "
1886931,3,2673,20,0,2673,0,3,0,"30-34 "
1886955,19,1424,4,2,0,1424,0,19,"25-29 "
1886979,10,1820,21,2,1820,0,10,0,"45-49 "
1887020,12,768,33,0,0,768,0,12,"45-49 "
1887051,27,38358,12,1,1087,37271,12,15,"<25 "
1887082,5,709,32,0,0,709,0,5,"40-44 "
1887228,15,2124,6,0,2124,0,15,0,"40-44 "
1887259,7,817,6,0,817,0,7,0,"30-34 "
1887341,18,2384,18,0,0,2384,0,18,"40-44 "
1887587,7,1748,2,5,1748,0,7,0,">65 "
1887600,12,4257,2,1,3708,549,6,6,"40-44 "
1887747,1,684,3,0,684,0,1,0,"30-34 "
1887761,6,2870,22,1,2870,0,6,0,"30-34 "
1887778,9,2066,3,0,2066,0,9,0,"30-34 "
1887785,4,597,38,0,597,0,4,0,"45-49 "
1887808,3,266,28,0,266,0,3,0,"45-49 "
1887884,10,676,8,0,676,0,10,0,"30-34 "
1887914,23,3178,14,1,3178,0,23,0,"25-29 "
1887938,2,836,3,0,836,0,2,0,"30-34 "
1888072,24,2414,15,1,2414,0,24,0,"<25 "
1888089,8,755,6,4,755,0,8,0,"30-34 "
1888096,25,3076,20,1,1659,1417,12,13,"40-44 "
1888157,2,432,4,7,0,432,0,2,"25-29 "
1888164,2,891,19,8,342,549,1,1,"30-34 "
1888201,6,699,18,0,0,699,0,6,"35-39 "
1888300,10,4231,10,1,4231,0,10,0,"55-59 "
1888317,5,599,3,0,599,0,5,0,"25-29 "
1888331,16,3238,38,0,3238,0,16,0,"<25 "
1888348,13,528,3,2,528,0,13,0,"25-29 "
1888461,2,291,3,16,291,0,2,0,">65 "
1888485,10,670,14,0,670,0,10,0,"60-64 "
1888522,1,440,36,0,440,0,1,0,"30-34 "
1888539,5,244,3,0,244,0,5,0,"60-64 "
1888577,5,1828,20,3,1828,0,5,0,"45-49 "
1888614,24,2129,14,1,1357,772,15,9,"35-39 "
1888669,1,68,5,0,0,68,0,1,">65 "
1888720,6,557,13,0,557,0,6,0,">65 "
1888737,5,1068,38,0,1068,0,5,0,"60-64 "
1888805,6,1690,17,0,1690,0,6,0,"55-59 "
1888829,5,4873,14,1,346,4527,2,3,"25-29 "
1888874,22,1649,27,1,830,819,11,11,"35-39 "
1888898,6,773,23,0,773,0,6,0,"30-34 "
1889031,9,773,5,0,0,773,0,9,"45-49 "
1889079,8,4344,37,0,4344,0,8,0,"30-34 "
1889109,7,7317,20,3,7317,0,7,0,"<25 "
1889147,31,5539,16,0,4860,679,23,8,"40-44 "
1889185,1,144,18,0,0,144,0,1,"30-34 "
1889192,11,801,19,0,0,801,0,11,"40-44 "
1889222,16,418,10,2,418,0,16,0,"<25 "
1889246,17,4153,14,1,4153,0,17,0,"40-44 "
1889284,13,6584,13,1,6584,0,13,0,"40-44 "
1889321,4,757,2,0,757,0,4,0,"45-49 "
1889338,8,1508,33,0,0,1508,0,8,"55-59 "
1889376,11,6019,20,1,6019,0,11,0,"35-39 "
1889444,6,2672,21,0,2672,0,6,0,"45-49 "
1889499,8,478,22,0,478,0,8,0,"40-44 "
1889512,15,1384,22,0,1384,0,15,0,">65 "
1889574,8,417,29,1,417,0,8,0,"30-34 "
1889635,37,3392,19,0,0,3392,0,37,"30-34 "
1889734,11,1510,2,3,884,626,5,6,"40-44 "
1889871,1,899,30,0,899,0,1,0,"25-29 "
1889895,26,11485,18,1,531,10954,5,21,"25-29 "
1889956,3,1841,30,2,1841,0,3,0,"35-39 "
1890136,15,4839,16,2,629,4210,3,12,"30-34 "
1890211,4,647,37,0,647,0,4,0,"30-34 "
1890242,22,1890,35,0,745,1145,9,13,"30-34 "
1890518,29,7626,3,1,4399,3227,14,15,"45-49 "
1890549,19,2174,2,2,1525,649,10,9,"35-39 "
1890556,1,36,18,0,0,36,0,1,"25-29 "
1890563,18,5608,17,1,5287,321,13,5,"30-34 "
1890624,6,12697,17,0,1990,10707,1,5,"25-29 "
1890631,4,968,6,7,36,932,1,3,">65 "
1890648,20,5223,16,1,5223,0,20,0,"50-54 "
1890662,6,1313,2,5,1313,0,6,0,"<25 "
1890754,4,279,17,6,127,152,3,1,">65 "
1890785,7,2355,20,0,2355,0,7,0,"40-44 "
1890808,9,863,6,0,863,0,9,0,"60-64 "
1890853,5,365,3,0,365,0,5,0,"<25 "
1890891,4,347,27,4,347,0,4,0,">65 "
1890907,14,4606,27,0,4606,0,14,0,"35-39 "
1890945,7,410,24,1,410,0,7,0,"30-34 "
1891003,10,1427,33,0,0,1427,0,10,"35-39 "
1891089,5,1575,7,6,1575,0,5,0,"50-54 "
1891096,4,528,24,0,528,0,4,0,"35-39 "
1891119,20,6747,4,1,0,6747,0,20,"30-34 "
1891218,5,577,31,0,577,0,5,0,"30-34 "
1891485,12,1785,25,0,0,1785,0,12,"25-29 "
1891492,15,8970,15,1,2992,5978,8,7,"45-49 "
1891515,2,364,13,0,364,0,2,0,"30-34 "
1891607,4,405,29,0,405,0,4,0,"<25 "
1891645,7,500,11,0,0,500,0,7,"40-44 "
1891850,3,1073,18,0,0,1073,0,3,"25-29 "
1891898,8,641,18,1,461,180,5,3,"35-39 "
1891935,34,4193,7,1,4193,0,34,0,"25-29 "
1891997,2,184,31,0,184,0,2,0,"30-34 "
1892024,2,58,19,0,0,58,0,2,"35-39 "
1892086,4,1539,4,8,60,1479,1,3,"40-44 "
1892116,9,1129,12,0,0,1129,0,9,"45-49 "
1892130,10,1920,7,3,1920,0,10,0,"<25 "
1892246,7,2406,14,4,2068,338,3,4,"25-29 "
1892277,13,709,14,1,144,565,4,9,"25-29 "
1892383,19,18711,11,1,6340,12371,7,12,"30-34 "
1892444,5,634,4,2,0,634,0,5,"35-39 "
1892468,8,718,19,1,0,718,0,8,"30-34 "
1892604,1,60,34,0,60,0,1,0,">65 "
1892611,32,4663,11,0,0,4663,0,32,"40-44 "
1892666,7,1307,8,3,724,583,2,5,"45-49 "
1892673,10,11880,20,1,11880,0,10,0,"25-29 "
1892758,17,2527,19,1,1890,637,10,7,"50-54 "
1892802,5,795,19,1,36,759,1,4,">65 "
1892833,1,36,14,0,36,0,1,0,"35-39 "
1892857,8,556,13,3,556,0,8,0,"60-64 "
1892864,6,426,13,0,426,0,6,0,"50-54 "
1892888,19,3317,29,0,3317,0,19,0,"30-34 "
1892895,3,203,25,0,0,203,0,3,"40-44 "
1892901,3,153,11,0,0,153,0,3,"30-34 "
1892994,6,302,29,0,302,0,6,0,"40-44 "
1893007,4,396,20,5,396,0,4,0,"<25 "
1893038,15,841,13,2,841,0,15,0,"45-49 "
1893168,52,5117,18,0,2576,2541,25,27,"45-49 "
1893182,4,628,21,0,628,0,4,0,"35-39 "
1893243,6,1879,20,0,1879,0,6,0,"25-29 "
1893250,32,2877,5,0,2517,360,30,2,"30-34 "
1893298,3,774,6,0,774,0,3,0,"<25 "
1893311,1,60,34,0,60,0,1,0,"35-39 "
1893342,5,317,12,4,0,317,0,5,"35-39 "
1893403,3,8472,32,0,0,8472,0,3,"25-29 "
1893410,9,161758,2,4,161500,258,1,8,"25-29 "
1893427,6,921,39,0,0,921,0,6,"50-54 "
1893434,5,284,24,0,284,0,5,0,"55-59 "
1893458,5,6520,17,0,6520,0,5,0,"50-54 "
1893472,52,12349,13,0,5578,6771,20,32,"35-39 "
1893519,15,1090,12,1,874,216,12,3,"55-59 "
1893564,11,808,11,2,505,303,8,3,"30-34 "
1893571,4,983,30,0,983,0,4,0,"35-39 "
1893632,3,566,2,0,566,0,3,0,"25-29 "
1893687,2,980,22,0,980,0,2,0,"40-44 "
1893694,2,1023,22,0,1023,0,2,0,"45-49 "
1893717,2,980,22,0,980,0,2,0,"40-44 "
1893786,2,645,7,2,249,396,1,1,"25-29 "
1893878,65,12069,2,1,10343,1726,51,14,"40-44 "
1893885,7,2765,4,2,944,1821,1,6,"50-54 "
1893908,6,2095,15,0,2095,0,6,0,"35-39 "
1893946,1,129,25,0,0,129,0,1,"30-34 "
1893984,20,2255,13,1,2255,0,20,0,"25-29 "
1894165,5,1127,38,0,1127,0,5,0,"30-34 "
1894172,1,36,20,0,36,0,1,0,"<25 "
1894240,2,151,33,0,0,151,0,2,"40-44 "
1894349,2,1189,42,0,1189,0,2,0,"45-49 "
1894479,12,3938,10,2,3796,142,9,3,"50-54 "
1894493,68,5813,2,1,2789,3024,34,34,"30-34 "
1894523,3,2254,39,0,0,2254,0,3,"<25 "
1894561,22,2847,26,1,2336,511,18,4,"40-44 "
1894608,16,2251,34,0,2251,0,16,0,"45-49 "
1894660,5,236,42,0,236,0,5,0,"55-59 "
1894738,5,787,25,0,0,787,0,5,"25-29 "
1894745,12,1385,12,0,0,1385,0,12,"45-49 "
1894813,23,2440,2,2,2440,0,23,0,"30-34 "
1894837,1,60,32,0,0,60,0,1,"45-49 "
1894882,33,1998,4,1,0,1998,0,33,"50-54 "
1894967,6,1674,8,0,1674,0,6,0,"35-39 "
1894974,8,237,5,4,0,237,0,8,"25-29 "
1894981,11,2011,15,1,2011,0,11,0,"30-34 "
1895056,13,1226,32,0,0,1226,0,13,"30-34 "
1895216,1,85,6,0,85,0,1,0,"25-29 "
1895230,1,1008,41,0,1008,0,1,0,"45-49 "
1895261,4,750,22,0,750,0,4,0,"45-49 "
1895278,14,498,28,0,498,0,14,0,"30-34 "
1895353,1,396,12,0,0,396,0,1,"<25 "
1895407,1,10044,22,0,10044,0,1,0,"30-34 "
1895421,3,650,5,0,0,650,0,3,"45-49 "
1895469,5,968,38,1,968,0,5,0,"35-39 "
1895537,13,936,12,2,0,936,0,13,"35-39 "
1895575,25,2166,8,0,2166,0,25,0,"35-39 "
1895605,2,4844,10,0,4844,0,2,0,"35-39 "
1895841,1,126,22,0,126,0,1,0,"<25 "
1895902,9,902,17,0,902,0,9,0,"<25 "
1895919,4,10905,33,0,0,10905,0,4,"25-29 "
1895933,4,561,38,0,561,0,4,0,"25-29 "
1895964,10,3105,11,3,414,2691,2,8,"40-44 "
1896008,5,3439,4,1,307,3132,2,3,"35-39 "
1896022,1,10044,22,0,10044,0,1,0,">65 "
1896039,11,2283,4,0,0,2283,0,11,"45-49 "
1896046,1,10044,22,0,10044,0,1,0,"40-44 "
1896053,3,157,4,0,0,157,0,3,"45-49 "
1896091,7,1044,5,0,0,1044,0,7,"25-29 "
1896138,4,248,12,1,164,84,2,2,"30-34 "
1896268,19,1591,25,0,0,1591,0,19,"30-34 "
1896299,2,222,18,8,60,162,1,1,"35-39 "
1896336,3,1300,6,0,1300,0,3,0,"30-34 "
1896350,5,331,6,6,331,0,5,0,"60-64 "
1896367,17,2099,19,0,0,2099,0,17,"55-59 "
1896374,1,369,42,0,369,0,1,0,"30-34 "
1896466,37,8745,10,1,8745,0,37,0,"40-44 "
1896473,9,1032,32,0,0,1032,0,9,"40-44 "
1896527,1,60,32,0,0,60,0,1,"45-49 "
1896565,9,1208,4,4,208,1000,4,5,"25-29 "
1896572,27,4461,25,0,0,4461,0,27,"<25 "
1896619,20,4000,7,2,674,3326,4,16,"<25 "
1896626,7,683,8,3,478,205,5,2,"40-44 "
1896688,2,576,33,3,0,576,0,2,"60-64 "
1896718,13,12702,6,2,12642,60,12,1,"50-54 "
1896855,3,447,22,2,447,0,3,0,"50-54 "
1896893,5,272,12,0,0,272,0,5,"25-29 "
1896992,11,1984,5,2,0,1984,0,11,"40-44 "
1897005,2,3429,21,0,3429,0,2,0,"35-39 "
1897012,3,223,33,0,0,223,0,3,"30-34 "
1897029,44,5477,25,0,0,5477,0,44,"40-44 "
1897036,9,14826,31,1,3202,11624,2,7,"35-39 "
1897067,1,79,17,0,79,0,1,0,"45-49 "
1897340,20,7235,4,1,0,7235,0,20,"35-39 "
1897357,13,1397,37,0,1397,0,13,0,"30-34 "
1897395,10,2313,14,0,2313,0,10,0,"35-39 "
1897425,2,684,10,12,684,0,2,0,"40-44 "
1897524,1,32,32,0,0,32,0,1,"30-34 "
1897555,6,591,4,0,0,591,0,6,"45-49 "
1897616,12,3220,4,0,0,3220,0,12,"35-39 "
1897807,4,960,27,0,960,0,4,0,"55-59 "
1897937,7,461,32,0,0,461,0,7,"55-59 "
1897951,4,643,18,0,0,643,0,4,"30-34 "
1898040,3,779,25,0,0,779,0,3,"40-44 "
1898163,4,5126,2,0,5126,0,4,0,"35-39 "
1898255,5,15796,17,0,15796,0,5,0,"30-34 "
1898286,19,2929,4,2,0,2929,0,19,"35-39 "
1898316,2,522,17,0,377,145,1,1,"35-39 "
1898323,1,60,33,0,0,60,0,1,">65 "
1898378,1,396,18,0,0,396,0,1,">65 "
1898408,1,396,18,0,0,396,0,1,"<25 "
1898453,12,1776,5,0,0,1776,0,12,"35-39 "
1898552,1,36,18,0,0,36,0,1,"25-29 "
1898576,6,619,11,0,0,619,0,6,"30-34 "
1898590,3,313,2,0,313,0,3,0,"45-49 "
1898637,1,839,20,0,839,0,1,0,"35-39 "
1898699,2,232,31,0,232,0,2,0,"35-39 "
1898705,7,537,12,2,151,386,2,5,"50-54 "
1898774,2,488,16,5,244,244,1,1,"45-49 "
1898927,3,213,35,0,213,0,3,0,"<25 "
1898934,4,560,10,0,560,0,4,0,"40-44 "
1898941,37,9904,4,1,5361,4543,24,13,">65 "
1898965,9,2097,35,0,2097,0,9,0,"45-49 "
1898996,17,2381,34,0,2381,0,17,0,"30-34 "
1899030,19,13968,40,0,12963,1005,17,2,"35-39 "
1899061,5,3586,7,0,3586,0,5,0,"25-29 "
1899238,46,6371,11,0,0,6371,0,46,"30-34 "
1899245,9,3235,19,2,0,3235,0,9,"<25 "
1899375,19,1420,3,2,1074,346,15,4,"35-39 "
1899474,12,2047,17,1,1819,228,9,3,"30-34 "
1899771,45,13293,24,0,13293,0,45,0,"45-49 "
1899801,37,3538,3,1,1743,1795,20,17,"40-44 "
1899818,12,3142,17,1,3142,0,12,0,"25-29 "
1899924,4,153,21,4,153,0,4,0,"45-49 "
1900064,8,969,2,0,969,0,8,0,">65 "
1900071,23,2851,2,2,2851,0,23,0,">65 "
1900095,4,2601,20,0,2601,0,4,0,"55-59 "
1900101,20,6773,2,1,5416,1357,11,9,"50-54 "
1900118,7,287,40,0,0,287,0,7,"30-34 "
1900262,4,659,22,0,659,0,4,0,">65 "
1900309,83,15950,7,0,12511,3439,75,8,"35-39 "
1900316,11,1364,14,1,1364,0,11,0,"30-34 "
1900354,16,1007,11,2,0,1007,0,16,">65 "
1900392,21,18503,2,0,297,18206,5,16,"60-64 "
1900439,1,36,18,0,0,36,0,1,">65 "
1900460,3,402,35,2,402,0,3,0,"<25 "
1900477,17,1394,2,2,1394,0,17,0,">65 "
1900637,5,311,26,0,0,311,0,5,"50-54 "
1900705,2,2648,20,0,2648,0,2,0,"25-29 "
1900736,4,723,14,0,723,0,4,0,"40-44 "
1900781,3,220,31,0,220,0,3,0,"50-54 "
1900828,1,269,19,0,0,269,0,1,"35-39 "
1900835,40,7029,2,1,6941,88,39,1,"35-39 "
1900897,28,4100,18,1,0,4100,0,28,"30-34 "
1900903,2,432,16,0,432,0,2,0,"45-49 "
1900910,2,291,4,0,0,291,0,2,"<25 "
1900927,39,11457,11,0,9140,2317,23,16,"<25 "
1900934,5,336,2,0,336,0,5,0,"45-49 "
1900941,2,432,16,0,432,0,2,0,"<25 "
1901009,2,1772,12,2,1692,80,1,1,"30-34 "
1901054,5,401,42,0,401,0,5,0,"40-44 "
1901313,8,1229,26,2,860,369,2,6,">65 "
1901658,7,485,37,0,485,0,7,0,"35-39 "
1901832,5,1508,7,1,1508,0,5,0,"35-39 "
1902082,5,469,14,3,294,175,2,3,"45-49 "
1902266,5,1015,10,0,1015,0,5,0,"35-39 "
1902433,5,278,15,4,278,0,5,0,"45-49 "
1902471,21,9187,29,0,9187,0,21,0,"30-34 "
1902563,4,1056,32,0,0,1056,0,4,"45-49 "
1902860,2,73,36,0,73,0,2,0,"45-49 "
1903003,4,825,42,0,825,0,4,0,">65 "
1903140,13,6061,2,3,4582,1479,8,5,"30-34 "
1903157,5,225,38,0,225,0,5,0,"50-54 "
1903195,13,980,41,0,980,0,13,0,"35-39 "
1903294,9,514,24,0,514,0,9,0,"50-54 "
1903379,5,578,2,0,578,0,5,0,">65 "
1903409,6,468,2,2,468,0,6,0,"<25 "
1903447,3,794,38,0,794,0,3,0,"30-34 "
1903515,4,625,19,0,0,625,0,4,"25-29 "
1903621,19,4120,13,0,4120,0,19,0,"35-39 "
1903638,9,825,17,0,825,0,9,0,"35-39 "
1903713,1,4590,39,0,0,4590,0,1,"40-44 "
1903751,2,208,6,0,208,0,2,0,"30-34 "
1903775,2,517,12,0,0,517,0,2,"<25 "
1903898,13,1247,19,2,519,728,5,8,"35-39 "
1903966,7,866,18,0,0,866,0,7,"50-54 "
1903973,14,1211,22,0,1211,0,14,0,">65 "
1904062,12,1223,4,0,854,369,8,4,"55-59 "
1904093,4,771,34,1,60,711,1,3,"30-34 "
1904116,17,2696,23,0,2696,0,17,0,"40-44 "
1904185,9,1141,14,2,583,558,6,3,"35-39 "
1904222,46,5093,2,1,4576,517,38,8,"40-44 "
1904284,2,67,29,0,67,0,2,0,"30-34 "
1904314,5,449,2,0,449,0,5,0,"35-39 "
1904390,10,1534,10,0,1534,0,10,0,"35-39 "
1904420,5,205,14,0,205,0,5,0,"40-44 "
1904444,6,1363,14,1,1363,0,6,0,"40-44 "
1904499,14,2806,12,2,1222,1584,12,2,"40-44 "
1904529,1,236,41,0,236,0,1,0,"45-49 "
1904666,2,892,4,0,0,892,0,2,">65 "
1904772,6,1136,21,0,1136,0,6,0,">65 "
1904796,2,310,19,0,0,310,0,2,"35-39 "
1904802,30,5228,12,1,1745,3483,18,12,"35-39 "
1904963,39,4012,3,1,3456,556,34,5,"25-29 "
1905038,7,1242,42,0,1242,0,7,0,"25-29 "
1905090,6,3020,12,2,1895,1125,5,1,"45-49 "
1905106,5,1149,41,0,1149,0,5,0,"40-44 "
1905113,11,533,21,2,533,0,11,0,"30-34 "
1905168,18,1398,17,0,1398,0,18,0,"<25 "
1905199,12,1148,4,3,518,630,4,8,"30-34 "
1905205,26,2577,2,1,2577,0,26,0,"25-29 "
1905212,6,722,32,2,662,60,5,1,"25-29 "
1905304,20,1429,33,0,606,823,8,12,"25-29 "
1905311,17,1015,9,0,1015,0,17,0,"45-49 "
1905434,1,122,25,0,0,122,0,1,"30-34 "
1905731,7,1507,3,5,373,1134,6,1,">65 "
1905748,1,36,21,0,36,0,1,0,">65 "
1905793,7,1004,16,0,1004,0,7,0,"60-64 "
1905816,7,884,19,0,0,884,0,7,"45-49 "
1905830,11,1941,13,2,1480,461,8,3,">65 "
1905854,2,64,1,0,64,0,2,0,">65 "
1905885,3,290,15,0,290,0,3,0,"35-39 "
1905953,26,1485,6,1,1040,445,15,11,"40-44 "
1905960,2,6264,10,0,6264,0,2,0,"30-34 "
1906011,24,3065,4,2,885,2180,8,16,"<25 "
1906028,7,1010,3,0,1010,0,7,0,"45-49 "
1906103,7,540,15,0,540,0,7,0,"40-44 "
1906271,8,933,13,4,933,0,8,0,">65 "
1906295,14,1831,19,1,0,1831,0,14,"40-44 "
1906301,1,36,18,0,0,36,0,1,"50-54 "
1906318,12,3147,9,2,3147,0,12,0,"40-44 "
1906363,54,6539,4,1,3430,3109,21,33,"55-59 "
1906431,43,17334,21,0,15507,1827,38,5,"25-29 "
1906530,15,913,28,0,298,615,5,10,"30-34 "
1906554,1,2376,20,0,2376,0,1,0,">65 "
1906592,6,398,16,0,398,0,6,0,"35-39 "
1906745,9,1429,34,1,1429,0,9,0,"35-39 "
1906783,5,729,33,0,0,729,0,5,"40-44 "
1906813,1,60,34,0,60,0,1,0,"45-49 "
1906981,3,326,32,0,0,326,0,3,"55-59 "
1907087,25,4096,13,1,1914,2182,12,13,"25-29 "
1907148,2,937,3,7,937,0,2,0,"60-64 "
1907186,5,1013,6,0,1013,0,5,0,"60-64 "
1907193,5,694,33,0,0,694,0,5,"55-59 "
1907209,13,1338,13,2,1338,0,13,0,"60-64 "
1907377,2,131,15,0,131,0,2,0,">65 "
1907414,17,2954,10,0,2954,0,17,0,"35-39 "
1907520,31,5863,12,1,4851,1012,26,5,"30-34 "
1907575,2,959,13,0,959,0,2,0,"55-59 "
1907674,4,359,3,0,359,0,4,0,"50-54 "
1907704,6,524,29,0,524,0,6,0,"30-34 "
1907803,16,1832,5,1,251,1581,4,12,"25-29 "
1907865,1,36,15,0,36,0,1,0,">65 "
1907896,2,448,4,0,0,448,0,2,"40-44 "
1908015,34,4483,11,1,3902,581,28,6,"60-64 "
1908053,9,841,8,0,841,0,9,0,">65 "
1908084,8,1042,5,4,125,917,1,7,"<25 "
1908114,7,572,11,0,0,572,0,7,"40-44 "
1908138,12,616,35,0,616,0,12,0,"<25 "
1908176,8,1304,22,0,1304,0,8,0,"35-39 "
1908244,5,471,34,0,471,0,5,0,"35-39 "
1908336,4,11597,14,0,11597,0,4,0,"30-34 "
1908343,10,3067,10,3,3067,0,10,0,"25-29 "
1908350,8,752,2,5,752,0,8,0,"40-44 "
1908398,7,3722,2,0,3722,0,7,0,"55-59 "
1908411,25,2442,11,1,0,2442,0,25,"25-29 "
1908503,29,2076,7,1,2049,27,27,2,"30-34 "
1908527,1,36,5,0,0,36,0,1,"60-64 "
1908565,16,1089,19,1,395,694,8,8,"30-34 "
1908596,2,783,26,0,0,783,0,2,"<25 "
1908602,5,429,5,0,0,429,0,5,">65 "
1908671,22,2617,11,1,0,2617,0,22,"25-29 "
1908695,27,2999,21,0,2999,0,27,0,"35-39 "
1908770,4,190,35,0,190,0,4,0,"30-34 "
1908794,16,3902,19,1,2418,1484,7,9,"35-39 "
1908817,2,939,18,0,0,939,0,2,"40-44 "
1908879,14,1231,6,0,1231,0,14,0,"35-39 "
1908886,9,662,6,0,662,0,9,0,"35-39 "
1908978,29,5835,3,1,5835,0,29,0,"25-29 "
1909067,13,1100,13,1,1100,0,13,0,">65 "
1909081,28,2224,26,0,0,2224,0,28,"35-39 "
1909104,7,1436,35,1,528,908,5,2,"40-44 "
1909111,3,6566,8,0,6566,0,3,0,"<25 "
1909159,3,350,42,0,350,0,3,0,"50-54 "
1909166,10,2468,33,1,0,2468,0,10,"40-44 "
1909258,37,33519,26,0,1518,32001,5,32,"40-44 "
1909265,8,517,20,2,383,134,6,2,"40-44 "
1909272,4,538,15,0,538,0,4,0,"30-34 "
1909326,5,771,38,0,771,0,5,0,"35-39 "
1909333,17,1826,14,0,1826,0,17,0,"35-39 "
1909357,3,977,41,0,977,0,3,0,"45-49 "
1909395,9,615,14,3,301,314,7,2,"60-64 "
1909432,4,8946,32,0,0,8946,0,4,"55-59 "
1909470,2,265,18,0,0,265,0,2,"40-44 "
1909494,2,214,12,0,0,214,0,2,"45-49 "
1909548,7,1018,41,0,1018,0,7,0,"45-49 "
1909555,2,133,40,0,0,133,0,2,"25-29 "
1909661,34,3915,11,0,2210,1705,24,10,"35-39 "
1909692,14,3615,6,0,3615,0,14,0,"25-29 "
1909722,5,507,25,0,0,507,0,5,"30-34 "
1909746,6,860,5,0,0,860,0,6,"<25 "
1909791,10,3688,18,0,0,3688,0,10,"30-34 "
1909838,1,60,32,0,0,60,0,1,"50-54 "
1909852,12,685,5,1,347,338,7,5,"50-54 "
1909999,4,426,21,0,426,0,4,0,"<25 "
1910025,15,816,2,0,568,248,11,4,"<25 "
1910032,4,2356,14,0,2356,0,4,0,"35-39 "
1910049,13,3566,19,0,0,3566,0,13,"35-39 "
1910070,1,104,30,0,104,0,1,0,"30-34 "
1910117,9,4896,14,2,4896,0,9,0,"35-39 "
1910148,3,153,26,0,0,153,0,3,"50-54 "
1910162,3,389,3,0,389,0,3,0,"30-34 "
1910223,9,1073,39,0,0,1073,0,9,"30-34 "
1910308,1,944,16,0,944,0,1,0,"40-44 "
1910469,3,27368,7,4,36,27332,1,2,"35-39 "
1910513,1,36,14,0,36,0,1,0,"40-44 "
1910537,1,36,14,0,36,0,1,0,">65 "
1910575,21,5113,5,1,2467,2646,13,8,"40-44 "
1910582,4,207,16,4,207,0,4,0,">65 "
1910674,4,253,24,0,253,0,4,0,"25-29 "
1910704,9,630,12,1,0,630,0,9,"35-39 "
1910711,26,2467,19,0,0,2467,0,26,"40-44 "
1910728,1,36,19,0,0,36,0,1,">65 "
1910827,2,976,2,0,976,0,2,0,">65 "
1910834,17,13090,39,0,0,13090,0,17,"30-34 "
1910889,11,556,9,2,556,0,11,0,"30-34 "
1911022,3,2347,18,2,169,2178,2,1,"25-29 "
1911107,13,1333,6,2,1333,0,13,0,"35-39 "
1911152,9,1559,11,0,0,1559,0,9,"25-29 "
1911268,1,36,5,0,0,36,0,1,"<25 "
1911442,1,60,32,0,0,60,0,1,"35-39 "
1911466,2,1124,14,0,1124,0,2,0,"50-54 "
1911497,8,1300,18,3,0,1300,0,8,"45-49 "
1911510,7,2004,4,2,776,1228,4,3,">65 "
1911534,10,13298,6,0,13298,0,10,0,"60-64 "
1911565,8,1732,27,0,1732,0,8,0,"35-39 "
1911664,1,60,32,0,0,60,0,1,"45-49 "
1911732,21,5106,4,1,2033,3073,7,14,"50-54 "
1911749,21,1491,4,1,0,1491,0,21,"35-39 "
1911855,6,776,28,1,527,249,2,4,"35-39 "
1911879,8,508,14,0,508,0,8,0,"45-49 "
1911954,53,4097,6,1,1544,2553,18,35,"40-44 "
1912012,12,9926,39,0,0,9926,0,12,"25-29 "
1912166,10,444,40,0,0,444,0,10,"30-34 "
1912289,4,319,21,0,319,0,4,0,"50-54 "
1912296,4,216,4,0,0,216,0,4,"<25 "
1912418,18,3080,13,0,3080,0,18,0,"40-44 "
1912432,30,6440,4,1,3637,2803,9,21,"25-29 "
1912449,5,1583,23,0,1583,0,5,0,"40-44 "
1912456,19,2528,11,1,0,2528,0,19,"35-39 "
1912494,12,862,23,1,499,363,7,5,"45-49 "
1912531,18,3051,16,1,1909,1142,6,12,"55-59 "
1912562,6,656,27,0,656,0,6,0,"45-49 "
1912609,26,2437,5,1,1785,652,16,10,"40-44 "
1912661,14,2621,14,0,2621,0,14,0,"<25 "
1912845,3,1986,34,0,1986,0,3,0,"40-44 "
1912869,4,648,21,5,492,156,3,1,"<25 "
1912968,14,1363,33,0,707,656,6,8,"25-29 "
1912982,11,1838,11,1,1802,36,10,1,"30-34 "
1913149,3,607,3,0,607,0,3,0,"50-54 "
1913224,1,9,29,0,9,0,1,0,"35-39 "
1913248,1,60,35,0,60,0,1,0,"40-44 "
1913286,20,20999,12,1,11924,9075,4,16,"45-49 "
1913293,9,819,6,1,539,280,7,2,"35-39 "
1913378,27,4971,19,1,0,4971,0,27,"30-34 "
1913453,4,347,40,0,0,347,0,4,"25-29 "
1913569,2,70,32,0,0,70,0,2,"<25 "
1913613,5,208,14,0,208,0,5,0,"<25 "
1913668,39,3901,39,0,0,3901,0,39,"25-29 "
1913705,29,2564,3,1,1785,779,17,12,"25-29 "
1913774,13,755,5,3,283,472,3,10,"25-29 "
1913798,31,2075,1,1,1838,237,25,6,"45-49 "
1913804,2,456,21,6,396,60,1,1,"55-59 "
1913811,1,60,32,0,0,60,0,1,"35-39 "
1913835,4,406,37,0,406,0,4,0,"25-29 "
1913927,1,36,12,0,0,36,0,1,"50-54 "
1914047,4,388,32,0,0,388,0,4,"35-39 "
1914054,10,14420,32,0,0,14420,0,10,"40-44 "
1914061,1,60,33,0,0,60,0,1,"<25 "
1914078,1,60,33,0,0,60,0,1,"<25 "
1914092,4,462,9,0,462,0,4,0,"30-34 "
1914108,7,987,13,0,987,0,7,0,"60-64 "
1914139,17,13066,11,2,10107,2959,11,6,"35-39 "
1914214,4,630,15,0,630,0,4,0,"40-44 "
1914375,11,926,9,0,926,0,11,0,"40-44 "
1914412,18,12213,12,0,0,12213,0,18,"40-44 "
1914436,6,3868,17,3,3868,0,6,0,"30-34 "
1914573,7,342,29,0,342,0,7,0,"45-49 "
1914702,2,628,7,0,628,0,2,0,">65 "
1914788,1,36,14,0,36,0,1,0,"45-49 "
1914832,25,1805,19,1,1319,486,20,5,"30-34 "
1914924,1,36,15,0,36,0,1,0,"55-59 "
1915006,3,290,5,0,0,290,0,3,"35-39 "
1915020,17,7639,17,1,7639,0,17,0,"40-44 "
1915082,4,1311,16,0,1311,0,4,0,">65 "
1915174,2,415,16,0,415,0,2,0,"45-49 "
1915181,4,1253,17,6,1253,0,4,0,"40-44 "
1915242,29,11007,14,0,11007,0,29,0,"<25 "
1915266,14,1138,19,0,0,1138,0,14,"40-44 "
1915280,1,218,26,0,0,218,0,1,"30-34 "
1915297,9,378,15,1,378,0,9,0,"<25 "
1915372,4,238,37,0,238,0,4,0,"35-39 "
1915426,3,350,34,0,350,0,3,0,"50-54 "
1915433,9,1052,9,1,1052,0,9,0,"35-39 "
1915440,3,2304,38,0,2304,0,3,0,"30-34 "
1915457,3,3230,18,0,0,3230,0,3,"30-34 "
1915525,1,36,12,0,0,36,0,1,"35-39 "
1915600,4,328,2,0,328,0,4,0,"30-34 "
1915617,1,36,12,0,0,36,0,1,"50-54 "
1915624,9,863,12,2,0,863,0,9,"25-29 "
1915655,1,351,30,0,351,0,1,0,"45-49 "
1915709,6,3686,11,5,69,3617,1,5,"25-29 "
1915730,8,28738,18,1,0,28738,0,8,"40-44 "
1915754,1,108,20,0,108,0,1,0,"40-44 "
1915860,16,1470,2,2,1470,0,16,0,"35-39 "
1915884,8,1721,3,5,928,793,5,3,"50-54 "
1915914,34,2616,27,0,2616,0,34,0,"40-44 "
1916003,4,4928,8,8,4928,0,4,0,">65 "
1916034,13,1347,1,0,1347,0,13,0,"30-34 "
1916041,1,35,25,0,0,35,0,1,"30-34 "
1916102,7,1046,3,0,1046,0,7,0,"50-54 "
1916119,10,491,12,2,0,491,0,10,"45-49 "
1916126,22,7907,18,1,0,7907,0,22,"55-59 "
1916164,8,2823,15,0,2823,0,8,0,"45-49 "
1916188,9,1394,32,0,0,1394,0,9,"30-34 "
1916232,4,481,11,0,0,481,0,4,"25-29 "
1916379,6,1945,32,0,0,1945,0,6,"35-39 "
1916416,3,8767,7,0,8767,0,3,0,"25-29 "
1916478,7,543,2,0,543,0,7,0,"<25 "
1916485,4,205,19,3,0,205,0,4,">65 "
1916492,10,470,4,2,289,181,7,3,"25-29 "
1916560,6,1438,9,4,948,490,5,1,"40-44 "
1916577,7,726,19,0,0,726,0,7,"30-34 "
1916584,3,1402,25,0,0,1402,0,3,"25-29 "
1916638,10,1024,5,2,0,1024,0,10,"50-54 "
1916645,56,19538,3,1,9391,10147,30,26,"40-44 "
1916676,1,36,3,0,36,0,1,0,"<25 "
1916683,2,1081,32,0,0,1081,0,2,"45-49 "
1916706,1,60,33,0,0,60,0,1,"50-54 "
1916720,56,4177,18,0,2388,1789,31,25,"40-44 "
1916751,30,5056,4,1,0,5056,0,30,"35-39 "
1916904,3,227,11,6,134,93,2,1,"30-34 "
1916966,1,36,3,0,36,0,1,0,"<25 "
1916980,10,645,18,2,0,645,0,10,"30-34 "
1916997,7,1910,20,2,1586,324,6,1,"60-64 "
1917017,60,6331,25,0,4073,2258,31,29,"40-44 "
1917154,7,673,12,0,0,673,0,7,"35-39 "
1917208,8,1223,33,0,0,1223,0,8,"25-29 "
1917215,9,1921,7,0,1921,0,9,0,"35-39 "
1917222,24,7917,17,0,7917,0,24,0,"35-39 "
1917291,9,2590,14,0,2590,0,9,0,"<25 "
1917376,13,1033,29,0,1033,0,13,0,">65 "
1917581,20,3186,25,0,0,3186,0,20,"25-29 "
1917598,11,821,11,0,0,821,0,11,"35-39 "
1917659,4,291,5,5,36,255,1,3,"50-54 "
1917697,2,111,8,0,111,0,2,0,"35-39 "
1917710,10,1728,7,0,1728,0,10,0,"30-34 "
1917758,23,1124,39,0,0,1124,0,23,"30-34 "
1917765,1,252,5,0,0,252,0,1,"<25 "
1917789,12,4656,18,2,3988,668,7,5,">65 "
1917840,17,2333,14,0,2333,0,17,0,"45-49 "
1917871,12,1390,27,0,1390,0,12,0,"<25 "
1918069,36,6911,11,1,0,6911,0,36,"30-34 "
1918106,13,36138,26,0,0,36138,0,13,"35-39 "
1918113,27,3639,5,1,0,3639,0,27,"25-29 "
1918144,4,1922,6,9,1922,0,4,0,"45-49 "
1918151,7,2005,17,0,2005,0,7,0,"25-29 "
1918267,1,36,6,0,36,0,1,0,"55-59 "
1918281,2,656,5,0,0,656,0,2,"<25 "
1918298,1,320,5,0,0,320,0,1,"<25 "
1918304,65,6515,23,0,6515,0,65,0,"30-34 "
1918540,2,2645,18,0,0,2645,0,2,"35-39 "
1918670,7,241,21,0,241,0,7,0,"35-39 "
1918687,6,4565,17,1,4565,0,6,0,"45-49 "
1918793,10,422,18,2,247,175,3,7,"35-39 "
1918854,17,1334,19,0,0,1334,0,17,"30-34 "
1918885,3,339,8,5,339,0,3,0,">65 "
1918939,15,2227,4,0,0,2227,0,15,"40-44 "
1918977,36,11476,18,0,8162,3314,13,23,"<25 "
1919011,17,2031,4,0,0,2031,0,17,"60-64 "
1919059,10,750,13,2,750,0,10,0,"40-44 "
1919141,34,4078,20,1,684,3394,7,27,"30-34 "
1919165,1,36,21,0,36,0,1,0,"25-29 "
1919264,22,1743,3,1,1743,0,22,0,"40-44 "
1919288,14,946,3,0,946,0,14,0,"40-44 "
1919332,1,956,11,0,0,956,0,1,"35-39 "
1919349,17,2845,14,0,2845,0,17,0,"30-34 "
1919370,7,503,30,0,503,0,7,0,"40-44 "
1919394,3,243,39,0,0,243,0,3,"40-44 "
1919486,1,277,25,0,0,277,0,1,"30-34 "
1919523,7,435,18,2,0,435,0,7,"35-39 "
1919820,1,396,21,0,396,0,1,0,"35-39 "
1919899,1,209,30,0,209,0,1,0,"35-39 "
1920017,3,807,37,0,807,0,3,0,"25-29 "
1920031,26,14787,21,1,12209,2578,8,18,"40-44 "
1920086,1,56,33,0,0,56,0,1,"30-34 "
1920130,40,4841,8,1,4841,0,40,0,"40-44 "
1920161,4,542,31,0,542,0,4,0,"40-44 "
1920208,7,292,15,0,292,0,7,0,"55-59 "
1920321,28,3556,28,0,3556,0,28,0,"35-39 "
1920956,2,660,20,6,660,0,2,0,"40-44 "
1921021,7,2600,6,0,2600,0,7,0,"30-34 "
1921069,3,123,2,0,123,0,3,0,"25-29 "
1921120,4,597,19,0,0,597,0,4,"60-64 "
1921304,20,13002,16,0,13002,0,20,0,"35-39 "
1921311,44,7137,4,1,0,7137,0,44,"30-34 "
1921434,2,4932,18,0,0,4932,0,2,"40-44 "
1921557,41,6416,11,1,4484,1932,30,11,"<25 "
1921663,6,1114,9,1,1114,0,6,0,"25-29 "
1921854,14,5428,42,0,5428,0,14,0,"30-34 "
1921908,8,1049,32,0,0,1049,0,8,"30-34 "
1921991,15,1468,19,0,0,1468,0,15,"40-44 "
1922158,25,12167,18,0,11692,475,21,4,"40-44 "
1922165,25,18953,11,0,18544,409,17,8,"30-34 "
1922202,1,169,37,0,169,0,1,0,"40-44 "
1922349,12,2211,21,0,2211,0,12,0,"30-34 "
1922400,27,9184,4,0,0,9184,0,27,"30-34 "
1922653,2,2624,20,0,2624,0,2,0,"40-44 "
1922776,5,917,32,0,0,917,0,5,"30-34 "
1922875,5,904,26,0,0,904,0,5,"35-39 "
1922936,13,823,29,0,823,0,13,0,"35-39 "
1923100,1,10044,5,0,0,10044,0,1,"35-39 "
1923155,4,999,40,0,0,999,0,4,"40-44 "
1923193,1,450,36,0,450,0,1,0,"40-44 "
1923346,15,2203,34,0,2203,0,15,0,"50-54 "
1923353,5,4898,20,0,4898,0,5,0,"50-54 "
1923377,2,1903,22,0,1903,0,2,0,"30-34 "
1923469,1,36,12,0,0,36,0,1,"50-54 "
1923483,18,1531,11,1,268,1263,4,14,"30-34 "
1923636,26,3351,32,0,0,3351,0,26,"30-34 "
1923681,1,60,34,0,60,0,1,0,"35-39 "
1923704,10,449,4,3,275,174,6,4,"60-64 "
1923896,5,3702,34,0,3702,0,5,0,"25-29 "
1923995,25,3091,3,1,1150,1941,12,13,"30-34 "
1924091,3,149,42,0,149,0,3,0,"35-39 "
1924305,11,1126,11,2,0,1126,0,11,"30-34 "
1924503,6,4674,6,0,4674,0,6,0,"45-49 "
1924541,8,1059,14,0,1059,0,8,0,"45-49 "
1924565,13,1619,19,1,0,1619,0,13,"60-64 "
1924619,1,60,32,0,0,60,0,1,"<25 "
1924756,9,500,5,2,0,500,0,9,"30-34 "
1924763,13,1811,31,1,1811,0,13,0,"30-34 "
1924817,11,1284,19,0,0,1284,0,11,"45-49 "
1924848,31,3498,5,0,0,3498,0,31,"30-34 "
1924992,9,15458,4,0,0,15458,0,9,"45-49 "
1925081,3,2016,19,0,0,2016,0,3,"25-29 "
1925098,15,1832,19,0,0,1832,0,15,"30-34 "
1925104,5,701,5,1,478,223,3,2,">65 "
1925364,3,243,19,0,0,243,0,3,"35-39 "
1925401,6,713,11,0,0,713,0,6,"35-39 "
1925456,2,980,16,0,980,0,2,0,"35-39 "
1925562,22,1999,23,0,1229,770,13,9,"45-49 "
1925586,4,578,9,0,578,0,4,0,"30-34 "
1925708,31,2720,5,1,1400,1320,18,13,"30-34 "
1925760,2,395,4,0,0,395,0,2,"<25 "
1925838,1,4300,32,0,0,4300,0,1,"30-34 "
1925852,13,1573,5,2,0,1573,0,13,">65 "
1925876,21,9995,7,0,9995,0,21,0,"35-39 "
1926019,10,1102,14,0,1102,0,10,0,"30-34 "
1926040,35,9373,1,1,7220,2153,27,8,"60-64 "
1926071,10,8302,19,0,0,8302,0,10,"40-44 "
1926118,6,3211,12,0,0,3211,0,6,"35-39 "
1926163,5,769,9,0,769,0,5,0,"30-34 "
1926170,11,820,14,0,820,0,11,0,"30-34 "
1926262,45,10055,4,1,2885,7170,11,34,"25-29 "
1926415,8,605,38,0,605,0,8,0,"<25 "
1926637,14,2390,32,0,0,2390,0,14,"35-39 "
1926675,30,2890,18,0,0,2890,0,30,"<25 "
1926705,7,6956,34,0,6956,0,7,0,"35-39 "
1926736,4,450,39,0,0,450,0,4,"25-29 "
1926781,40,4617,6,1,4617,0,40,0,"45-49 "
1926873,22,10967,3,0,10967,0,22,0,">65 "
1926934,52,21386,19,0,8879,12507,25,27,"25-29 "
1926972,22,3297,16,1,2609,688,16,6,"30-34 "
1926989,9,1264,26,0,0,1264,0,9,"35-39 "
1927054,13,3508,6,2,3448,60,12,1,"40-44 "
1927153,75,100728,1,1,62928,37800,55,20,"35-39 "
1927184,2,123,25,0,0,123,0,2,"30-34 "
1927191,13,1207,30,1,1207,0,13,0,"<25 "
1927559,6,658,21,0,658,0,6,0,"25-29 "
1927634,16,1333,41,0,1333,0,16,0,"40-44 "
1927665,7,465,25,0,0,465,0,7,"40-44 "
1927726,5,296,40,0,0,296,0,5,"<25 "
1927771,6,769,11,0,0,769,0,6,"25-29 "
1927788,1,396,11,0,0,396,0,1,"30-34 "
1927856,1,156,16,0,156,0,1,0,"30-34 "
1927986,8,1046,14,0,1046,0,8,0,"35-39 "
1928006,11,924,11,0,0,924,0,11,"25-29 "
1928013,1,106,11,0,0,106,0,1,"25-29 "
1928037,38,7108,25,0,0,7108,0,38,"40-44 "
1928075,36,3446,4,1,2597,849,28,8,"40-44 "
1928105,22,1794,25,0,0,1794,0,22,"40-44 "
1928235,2,377,18,0,0,377,0,2,"60-64 "
1928266,11,1318,19,2,1273,45,9,2,"30-34 "
1928280,12,2943,8,2,2943,0,12,0,"25-29 "
1928327,2,805,11,0,0,805,0,2,"35-39 "
1928365,4,705,8,0,705,0,4,0,"40-44 "
1928419,13,2403,7,2,2403,0,13,0,"35-39 "
1928495,1,3936,15,0,3936,0,1,0,"55-59 "
1928594,9,785,12,0,0,785,0,9,"30-34 "
1928716,15,1540,37,0,1540,0,15,0,"45-49 "
1928785,6,2716,6,2,2365,351,5,1,"55-59 "
1928884,5,757,40,0,0,757,0,5,"35-39 "
1928938,5,344,17,2,170,174,3,2,">65 "
1928945,8,697,38,0,697,0,8,0,"55-59 "
1929027,7,7081,29,0,6760,321,1,6,"30-34 "
1929041,2,1436,3,14,1436,0,2,0,"<25 "
1929072,4,164,29,0,164,0,4,0,"45-49 "
1929096,10,1689,7,1,323,1366,3,7,"50-54 "
1929102,10,2021,28,0,2021,0,10,0,"40-44 "
1929133,13,874,25,0,0,874,0,13,"30-34 "
1929171,4,643,2,0,643,0,4,0,"50-54 "
1929232,12,1664,4,1,0,1664,0,12,"30-34 "
1929331,13,1743,2,3,753,990,9,4,"35-39 "
1929713,18,3465,2,1,2313,1152,17,1,"25-29 "
1929775,9,562,6,2,16,546,1,8,"45-49 "
1929799,6,875,3,0,875,0,6,0,"40-44 "
1929829,4,222,22,0,222,0,4,0,"<25 "
1929843,3,84,35,0,84,0,3,0,"25-29 "
1929980,61,13110,3,1,12527,583,58,3,"25-29 "
1929997,5,1928,32,1,0,1928,0,5,"35-39 "
1930009,10,683,32,0,0,683,0,10,"25-29 "
1930139,2,1440,3,0,1440,0,2,0,">65 "
1930245,1,172,4,0,0,172,0,1,"<25 "
1930290,3,399,2,0,399,0,3,0,"35-39 "
1930351,6,518,37,0,113,405,2,4,"35-39 "
1930436,6,1795,21,0,1795,0,6,0,"25-29 "
1930443,8,607,22,0,607,0,8,0,">65 "
1930535,3,876,29,0,876,0,3,0,"25-29 "
1930566,11,2653,19,1,0,2653,0,11,"45-49 "
1930580,22,1922,6,1,1922,0,22,0,"25-29 "
1930634,40,2517,3,1,2029,488,31,9,"50-54 "
1930702,5,706,14,0,706,0,5,0,"40-44 "
1930719,4,480,8,0,480,0,4,0,"<25 "
1930726,13,5032,14,2,3514,1518,4,9,"30-34 "
1930818,16,2440,40,0,0,2440,0,16,"30-34 "
1930955,4,440,2,0,440,0,4,0,"25-29 "
1931006,6,470,32,1,410,60,5,1,"50-54 "
1931228,6,488,29,0,488,0,6,0,"30-34 "
1931297,12,595,3,0,595,0,12,0,"25-29 "
1931587,1,2548,36,0,2548,0,1,0,"45-49 "
1931594,3,431,29,0,431,0,3,0,"60-64 "
1931600,7,1218,6,3,1134,84,6,1,"35-39 "
1931648,2,138,24,0,138,0,2,0,"35-39 "
1931662,26,3374,11,1,0,3374,0,26,"50-54 "
1931747,18,1506,20,1,1506,0,18,0,"50-54 "
1931792,9,596,15,0,596,0,9,0,"<25 "
1931945,1,2844,22,0,2844,0,1,0,"55-59 "
1931969,7,1105,9,0,1105,0,7,0,"35-39 "
1931976,49,23263,20,0,23263,0,49,0,"30-34 "
1932096,35,10153,4,1,0,10153,0,35,"<25 "
1932157,3,443,19,0,369,74,1,2,"50-54 "
1932294,6,713,5,0,0,713,0,6,"50-54 "
1932331,4,539,4,0,0,539,0,4,"40-44 "
1932386,12,1519,32,0,0,1519,0,12,"<25 "
1932393,33,8944,4,0,0,8944,0,33,"35-39 "
1932744,18,1598,19,0,0,1598,0,18,"<25 "
1932799,12,1477,18,0,0,1477,0,12,"35-39 "
1932805,9,8047,41,0,8047,0,9,0,"<25 "
1932829,9,4073,18,1,293,3780,6,3,"35-39 "
1932904,10,508,36,0,508,0,10,0,"35-39 "
1932942,20,1244,23,1,1244,0,20,0,"35-39 "
1932966,6,3112,26,0,0,3112,0,6,"25-29 "
1932980,10,3495,18,0,0,3495,0,10,"30-34 "
1933093,3,243,33,0,0,243,0,3,"35-39 "
1933239,2,495,18,0,0,495,0,2,">65 "
1933444,20,5700,18,0,0,5700,0,20,"<25 "
1933529,1,540,37,0,540,0,1,0,"40-44 "
1933567,54,6297,15,0,6297,0,54,0,"30-34 "
1933598,10,2659,4,1,1019,1640,6,4,"40-44 "
1933680,16,1669,4,0,0,1669,0,16,"30-34 "
1933758,5,4557,19,0,0,4557,0,5,"25-29 "
1933802,27,7809,3,1,7421,388,22,5,"30-34 "
1933895,4,516,14,0,516,0,4,0,"35-39 "
1933918,29,6296,14,1,4725,1571,11,18,"<25 "
1933925,3,96,32,0,0,96,0,3,"<25 "
1933949,2,322,2,0,322,0,2,0,">65 "
1933963,3,216,24,0,216,0,3,0,"<25 "
1934120,5,2007,4,0,0,2007,0,5,"<25 "
1934137,15,1757,26,1,482,1275,9,6,"<25 "
1934168,18,3311,19,0,0,3311,0,18,"35-39 "
1934175,10,3746,3,0,3746,0,10,0,"25-29 "
1934205,23,4376,26,0,0,4376,0,23,"40-44 "
1934403,18,9843,25,1,9666,177,14,4,"30-34 "
1934632,25,5486,23,1,4911,575,18,7,"40-44 "
1934700,22,3186,11,1,0,3186,0,22,"40-44 "
1934724,22,1490,8,2,1490,0,22,0,"<25 "
1935028,5,824,2,0,824,0,5,0,">65 "
1935257,6,550,26,0,0,550,0,6,"30-34 "
1935288,6,3919,9,3,2200,1719,4,2,"30-34 "
1935325,2,2209,15,0,2209,0,2,0,"30-34 "
1935332,2,210,3,0,210,0,2,0,"30-34 "
1935394,17,2580,3,2,401,2179,5,12,"30-34 "
1935592,19,2358,35,0,2358,0,19,0,"35-39 "
1935615,14,1963,4,2,986,977,8,6,"<25 "
1935639,4,1033,17,0,1033,0,4,0,"30-34 "
1935752,2,165,29,0,165,0,2,0,"25-29 "
1935783,8,2613,22,0,2613,0,8,0,"<25 "
1935875,2,178,12,0,0,178,0,2,"25-29 "
1935936,24,4661,25,0,0,4661,0,24,"30-34 "
1935950,8,1265,15,1,754,511,3,5,">65 "
1935967,13,4061,2,2,4061,0,13,0,"25-29 "
1936087,7,4748,19,0,0,4748,0,7,"55-59 "
1936131,7,12836,11,0,0,12836,0,7,"30-34 "
1936155,36,12414,4,1,6539,5875,12,24,"25-29 "
1936223,1,14,10,0,14,0,1,0,"25-29 "
1936261,4,772,5,0,0,772,0,4,"<25 "
1936551,9,2907,25,0,0,2907,0,9,"35-39 "
1936605,4,717,6,0,717,0,4,0,"45-49 "
1936629,3,98,11,0,0,98,0,3,"30-34 "
1936827,18,2515,11,0,0,2515,0,18,"55-59 "
1936872,8,542,10,0,542,0,8,0,"55-59 "
1936889,13,991,16,0,991,0,13,0,"45-49 "
1937046,12,2674,19,0,0,2674,0,12,"30-34 "
1937060,4,968,39,0,0,968,0,4,"<25 "
1937107,3,115,9,8,115,0,3,0,"30-34 "
1937114,7,203,6,5,184,19,6,1,"45-49 "
1937138,7,221,21,3,185,36,6,1,"30-34 "
1937145,15,13646,6,2,4882,8764,4,11,"30-34 "
1937282,5,600,29,0,600,0,5,0,"35-39 "
1937299,3,285,3,4,285,0,3,0,"25-29 "
1937428,3,203,22,0,203,0,3,0,"50-54 "
1937459,23,2080,18,1,1337,743,10,13,"<25 "
1937497,18,1732,11,2,0,1732,0,18,"25-29 "
1937503,9,1229,17,1,1229,0,9,0,"40-44 "
1937565,4,4144,39,0,0,4144,0,4,"25-29 "
1937596,4,477,5,0,0,477,0,4,"35-39 "
1937633,17,2993,2,2,2993,0,17,0,"40-44 "
1937657,3,2176,4,0,0,2176,0,3,"40-44 "
1937701,21,2507,13,1,1051,1456,8,13,"<25 "
1937718,5,405,8,0,405,0,5,0,"45-49 "
1937732,6,4135,4,0,0,4135,0,6,"35-39 "
1937855,2,377,18,0,0,377,0,2,"30-34 "
1938012,19,4140,11,1,0,4140,0,19,"25-29 "
1938043,1,1053,26,0,0,1053,0,1,"50-54 "
1938180,1,60,34,0,60,0,1,0,">65 "
1938265,2,120,2,16,36,84,1,1,"55-59 "
1938333,1,396,21,0,396,0,1,0,"40-44 "
1938371,15,1472,8,1,1472,0,15,0,"35-39 "
1938623,33,3943,12,0,119,3824,1,32,"25-29 "
1938661,18,4559,5,0,0,4559,0,18,"45-49 "
1938739,18,1204,13,2,1204,0,18,0,"50-54 "
1938821,1,7200,1,0,7200,0,1,0,"30-34 "
1938920,5,1994,4,6,0,1994,0,5,"60-64 "
1939194,22,3044,5,0,2290,754,11,11,"35-39 "
1939224,7,695,5,0,0,695,0,7,"30-34 "
1939354,8,1287,2,0,1287,0,8,0,"35-39 "
1939538,13,3261,18,0,0,3261,0,13,"35-39 "
1939729,12,1115,29,0,1115,0,12,0,"30-34 "
1939743,3,473,10,0,473,0,3,0,"30-34 "
1939798,8,2762,2,0,2762,0,8,0,"50-54 "
1939866,37,2175,7,1,1040,1135,20,17,"50-54 "
1939989,12,13627,8,0,13627,0,12,0,"40-44 "
1940039,11,22527,11,2,5163,17364,8,3,"30-34 "
1940046,18,7571,11,0,0,7571,0,18,"45-49 "
1940176,18,3473,7,0,3473,0,18,0,">65 "
1940275,7,992,18,3,0,992,0,7,"35-39 "
1940350,11,472,34,0,472,0,11,0,"30-34 "
1940466,12,1065,6,0,1065,0,12,0,"45-49 "
1940688,1,258,22,0,258,0,1,0,"55-59 "
1940800,12,998,39,0,0,998,0,12,"45-49 "
1940824,13,1680,32,0,0,1680,0,13,"50-54 "
1940831,2,185,2,0,185,0,2,0,"40-44 "
1940930,14,3411,9,0,3411,0,14,0,"40-44 "
1940961,9,2906,19,0,0,2906,0,9,"40-44 "
1941005,5,732,38,0,732,0,5,0,"40-44 "
1941012,3,267,7,0,267,0,3,0,"<25 "
1941029,4,3822,10,0,3822,0,4,0,"25-29 "
1941104,6,470,20,0,470,0,6,0,"35-39 "
1941128,16,1552,18,0,0,1552,0,16,"30-34 "
1941135,16,1652,5,1,827,825,9,7,"30-34 "
1941265,22,3764,4,1,2598,1166,15,7,">65 "
1941272,7,1078,39,0,0,1078,0,7,"<25 "
1941319,12,3018,6,3,3018,0,12,0,"30-34 "
1941364,11,927,32,0,0,927,0,11,"35-39 "
1941388,78,10165,3,0,7799,2366,56,22,"40-44 "
1941432,7,636,12,0,0,636,0,7,"50-54 "
1941449,4,1856,3,0,1856,0,4,0,"45-49 "
1941487,9,521,42,0,521,0,9,0,"50-54 "
1941685,2,1036,25,0,0,1036,0,2,"55-59 "
1941814,24,6522,32,0,0,6522,0,24,"25-29 "
1941852,13,1912,12,1,0,1912,0,13,"25-29 "
1942071,16,3001,24,1,3001,0,16,0,"<25 "
1942088,21,2216,12,1,1735,481,17,4,"<25 "
1942125,4,1383,6,0,1383,0,4,0,"30-34 "
1942149,5,1085,25,0,0,1085,0,5,"30-34 "
1942323,4,607,17,0,607,0,4,0,">65 "
1942422,18,1673,17,0,1673,0,18,0,"25-29 "
1942453,18,1342,4,2,0,1342,0,18,"<25 "
1942477,7,1078,21,0,1078,0,7,0,"50-54 "
1942484,3,332,36,0,332,0,3,0,"50-54 "
1942514,5,347,15,0,347,0,5,0,"50-54 "
1942583,2,214,11,0,0,214,0,2,"30-34 "
1942729,11,3437,19,0,0,3437,0,11,"40-44 "
1942941,2,4364,9,0,4364,0,2,0,"35-39 "
1942958,15,1675,4,0,0,1675,0,15,"40-44 "
1943009,41,3477,21,0,3477,0,41,0,"25-29 "
1943429,2,146,34,0,146,0,2,0,">65 "
1943535,19,3207,36,0,3207,0,19,0,"30-34 "
1943542,14,1140,10,1,471,669,6,8,"40-44 "
1943726,5,3411,11,2,1721,1690,4,1,"30-34 "
1943924,26,11488,2,1,11488,0,26,0,"40-44 "
1943948,4,1359,35,1,591,768,2,2,"50-54 "
1943962,1,149,26,0,0,149,0,1,"30-34 "
1944006,11,2043,11,3,426,1617,4,7,"<25 "
1944037,10,4608,2,0,4608,0,10,0,"<25 "
1944075,12,11616,20,2,9184,2432,9,3,"<25 "
1944112,2,1148,7,0,1148,0,2,0,"<25 "
1944136,41,4555,19,0,0,4555,0,41,"35-39 "
1944211,6,748,6,4,748,0,6,0,">65 "
1944259,5,397,29,0,397,0,5,0,"35-39 "
1944457,1,460,29,0,460,0,1,0,"55-59 "
1944471,16,999,17,1,821,178,13,3,"55-59 "
1944518,9,5470,18,0,0,5470,0,9,"35-39 "
1944532,13,1229,4,0,0,1229,0,13,"45-49 "
1944549,2,439,18,0,0,439,0,2,"25-29 "
1944600,11,2276,5,0,0,2276,0,11,"40-44 "
1944617,9,1436,11,0,0,1436,0,9,"40-44 "
1944723,7,478,4,4,182,296,5,2,"40-44 "
1944785,9,747,15,3,747,0,9,0,"45-49 "
1944792,10,2315,18,0,0,2315,0,10,"25-29 "
1944990,24,8170,22,1,4957,3213,10,14,"35-39 "
1945041,18,8821,9,2,7913,908,16,2,">65 "
1945171,16,3675,19,0,0,3675,0,16,"40-44 "
1945188,10,2315,12,0,0,2315,0,10,"30-34 "
1945201,15,4603,5,1,616,3987,2,13,"40-44 "
1945218,21,2160,25,0,0,2160,0,21,"<25 "
1945249,5,293,37,0,293,0,5,0,"40-44 "
1945256,37,4209,4,1,0,4209,0,37,"45-49 "
1945300,6,443,31,0,443,0,6,0,"<25 "
1945409,24,4550,27,0,4550,0,24,0,"40-44 "
1945416,2,1353,22,0,1353,0,2,0,"30-34 "
1945621,1,88,16,0,88,0,1,0,">65 "
1945669,3,459,34,0,459,0,3,0,"55-59 "
1945744,50,3739,4,1,92,3647,2,48,"45-49 "
1945805,11,4182,3,3,4182,0,11,0,"30-34 "
1945911,7,877,26,0,0,877,0,7,"35-39 "
1945959,7,1027,10,3,818,209,6,1,"45-49 "
1946062,6,747,25,0,0,747,0,6,"40-44 "
1946086,2,224,39,0,0,224,0,2,"<25 "
1946178,4,160,12,0,0,160,0,4,">65 "
1946192,11,2767,7,0,2767,0,11,0,"35-39 "
1946314,12,1199,26,0,0,1199,0,12,"45-49 "
1946321,2,141,28,0,141,0,2,0,"25-29 "
1946345,32,8764,23,1,124,8640,3,29,"<25 "
1946482,10,1838,5,3,0,1838,0,10,"35-39 "
1946529,10,4968,3,0,4968,0,10,0,"35-39 "
1946543,12,720,35,0,720,0,12,0,"25-29 "
1946567,19,1889,22,0,1889,0,19,0,"30-34 "
1946642,1,89,28,0,89,0,1,0,"45-49 "
1946659,37,6193,7,1,3881,2312,21,16,"35-39 "
1946673,8,975,2,0,975,0,8,0,"25-29 "
1946765,9,2279,31,0,2279,0,9,0,"35-39 "
1946802,6,640,32,0,0,640,0,6,"35-39 "
1946925,20,1981,2,1,949,1032,10,10,"30-34 "
1946963,6,836,40,0,0,836,0,6,"30-34 "
1947007,4,672,28,0,672,0,4,0,"30-34 "
1947045,3,2375,10,0,2375,0,3,0,"35-39 "
1947113,3,440,28,0,440,0,3,0,"40-44 "
1947137,20,1753,20,0,1753,0,20,0,"35-39 "
1947168,23,4131,15,1,3387,744,13,10,">65 "
1947175,2,268,20,0,268,0,2,0,"30-34 "
1947335,5,277,18,0,0,277,0,5,"25-29 "
1947373,19,3464,1,0,3464,0,19,0,"40-44 "
1947427,1,21,15,0,21,0,1,0,"30-34 "
1947458,3,403,32,0,0,403,0,3,"25-29 "
1947502,14,668,2,2,577,91,11,3,"35-39 "
1947564,4,452,42,0,452,0,4,0,"45-49 "
1947762,9,875,25,0,0,875,0,9,"30-34 "
1947786,12,3210,8,1,3210,0,12,0,"50-54 "
1947809,24,7604,5,0,0,7604,0,24,">65 "
1947915,7,428,2,0,428,0,7,0,"45-49 "
1947953,2,194,30,0,194,0,2,0,"45-49 "
1948004,15,3045,22,0,3045,0,15,0,"60-64 "
1948028,6,1547,22,0,1547,0,6,0,"50-54 "
1948059,2,108,35,0,108,0,2,0,">65 "
1948066,1,60,35,0,60,0,1,0,"55-59 "
1948073,12,857,8,3,331,526,7,5,"60-64 "
1948097,7,391,14,4,376,15,6,1,"40-44 "
1948127,12,1324,26,1,431,893,3,9,"40-44 "
1948158,18,1759,19,0,0,1759,0,18,"25-29 "
1948165,8,2533,19,0,0,2533,0,8,"45-49 "
1948189,8,661,14,0,661,0,8,0,"35-39 "
1948233,5,4407,7,4,4407,0,5,0,"30-34 "
1948240,1,36,7,0,36,0,1,0,"30-34 "
1948288,9,2308,23,0,2308,0,9,0,"35-39 "
1948332,2,505,15,0,505,0,2,0,"30-34 "
1948462,7,693,8,3,693,0,7,0,"50-54 "
1948547,1,36,20,0,36,0,1,0,"35-39 "
1948622,8,1377,12,0,0,1377,0,8,"25-29 "
1948707,29,7125,23,1,5164,1961,22,7,"60-64 "
1948738,10,1018,25,1,979,39,9,1,"<25 "
1948745,2,495,13,0,495,0,2,0,"30-34 "
1948837,1,76,2,0,76,0,1,0,"35-39 "
1948851,5,649,5,5,236,413,1,4,"35-39 "
1948868,4,532,4,4,0,532,0,4,"35-39 "
1948950,5,11067,14,4,11067,0,5,0,"40-44 "
1949018,14,1672,8,1,1672,0,14,0,"35-39 "
1949070,13,682,11,0,0,682,0,13,"35-39 "
1949117,3,118,4,0,0,118,0,3,"40-44 "
1949148,41,3824,3,1,2852,972,30,11,"40-44 "
1949254,4,596,20,0,596,0,4,0,"35-39 "
1949322,21,3889,32,0,0,3889,0,21,"30-34 "
1949377,10,9135,12,2,0,9135,0,10,"35-39 "
1949858,24,2502,9,1,1143,1359,14,10,"35-39 "
1949865,1,126,34,0,126,0,1,0,"<25 "
1949872,8,1982,33,0,0,1982,0,8,"45-49 "
1949919,18,3975,31,0,3975,0,18,0,"40-44 "
1949957,3,349,5,2,0,349,0,3,"40-44 "
1949964,8,1201,25,0,0,1201,0,8,"25-29 "
1950014,3,2097,41,0,2097,0,3,0,"25-29 "
1950182,14,1373,18,2,0,1373,0,14,"35-39 "
1950335,32,10472,2,1,4249,6223,14,18,"35-39 "
1950359,3,212,5,0,0,212,0,3,"55-59 "
1950366,20,2397,14,0,2397,0,20,0,"35-39 "
1950410,11,879,37,0,879,0,11,0,"45-49 "
1950625,13,1350,20,0,1350,0,13,0,"<25 "
1950656,5,280,13,4,48,232,2,3,">65 "
1950717,12,903,25,0,0,903,0,12,"30-34 "
1950731,13,1343,20,0,1343,0,13,0,"35-39 "
1950762,7,782,26,0,0,782,0,7,"30-34 "
1950830,30,5284,4,1,4945,339,22,8,"25-29 "
1950878,17,2443,25,0,0,2443,0,17,"30-34 "
1950892,14,5674,41,0,5674,0,14,0,"35-39 "
1950908,2,307,5,0,0,307,0,2,"<25 "
1950922,10,4335,25,2,3078,1257,3,7,"25-29 "
1950946,21,2920,10,0,1572,1348,14,7,"40-44 "
1950984,41,5169,25,0,0,5169,0,41,"35-39 "
1951103,38,5782,3,0,5782,0,38,0,"<25 "
1951110,2,860,33,0,0,860,0,2,"30-34 "
1951295,4,1952,32,0,0,1952,0,4,"45-49 "
1951325,1,110,10,0,110,0,1,0,"35-39 "
1951332,1,60,34,0,60,0,1,0,"45-49 "
1951349,1,60,35,0,60,0,1,0,"30-34 "
1951356,1,36,5,0,0,36,0,1,"60-64 "
1951424,1,3008,13,0,3008,0,1,0,"35-39 "
1951479,6,1077,4,0,0,1077,0,6,"45-49 "
1951509,4,223,4,8,83,140,2,2,"30-34 "
1951523,3,146,16,3,146,0,3,0,"55-59 "
1951547,16,1728,9,2,982,746,8,8,"<25 "
1951622,28,2615,2,1,2339,276,27,1,"40-44 "
1951684,32,16651,5,1,0,16651,0,32,"40-44 "
1951868,11,1804,22,0,1804,0,11,0,"40-44 "
1951912,27,3202,4,1,1916,1286,12,15,"30-34 "
1951936,5,1489,20,3,1489,0,5,0,"<25 "
1951950,6,371,8,0,371,0,6,0,"30-34 "
1952063,4,1033,7,0,1033,0,4,0,"40-44 "
1952186,41,10742,5,0,0,10742,0,41,"30-34 "
1952230,7,5021,24,0,5021,0,7,0,">65 "
1952261,3,279,38,0,279,0,3,0,"50-54 "
1952278,8,1430,18,1,0,1430,0,8,"55-59 "
1952285,19,1784,19,0,0,1784,0,19,"50-54 "
1952322,13,2941,25,0,0,2941,0,13,"50-54 "
1952445,8,386,6,0,386,0,8,0,"<25 "
1952469,22,5466,11,0,0,5466,0,22,"25-29 "
1952476,6,864,9,4,864,0,6,0,"30-34 "
1952520,11,4496,5,1,211,4285,4,7,"40-44 "
1952674,6,273,28,0,273,0,6,0,"35-39 "
1952742,6,847,3,0,847,0,6,0,"35-39 "
1952797,12,24490,36,0,24490,0,12,0,"30-34 "
1952803,15,1557,9,2,540,1017,6,9,"30-34 "
1952964,1,54,41,0,54,0,1,0,"25-29 "
1952971,5,3241,4,3,1660,1581,1,4,"50-54 "
1953008,6,6634,11,0,0,6634,0,6,"30-34 "
1953046,7,468,7,3,468,0,7,0,">65 "
1953091,13,3340,11,1,0,3340,0,13,"50-54 "
1953220,8,1513,18,0,0,1513,0,8,"40-44 "
1953244,2,756,11,11,0,756,0,2,"<25 "
1953299,3,590,8,0,590,0,3,0,">65 "
1953329,15,1281,19,0,0,1281,0,15,"40-44 "
1953343,21,2383,5,1,1053,1330,10,11,"35-39 "
1953350,17,1688,7,0,1688,0,17,0,"50-54 "
1953534,6,323,40,0,0,323,0,6,"30-34 "
1953565,10,701,9,1,394,307,7,3,"40-44 "
1953589,10,3165,19,2,0,3165,0,10,"25-29 "
1953596,24,2559,18,0,0,2559,0,24,"50-54 "
1953657,14,976,4,2,183,793,4,10,"45-49 "
1953862,24,2024,7,1,145,1879,1,23,"50-54 "
1953985,7,1084,18,0,0,1084,0,7,"30-34 "
1953992,9,809,40,0,629,180,5,4,"40-44 "
1954029,23,2925,16,1,2925,0,23,0,"35-39 "
1954074,6,248,14,0,248,0,6,0,"35-39 "
1954173,7,914,9,4,834,80,5,2,"30-34 "
1954203,4,362,11,0,0,362,0,4,"<25 "
1954258,7,842,19,0,0,842,0,7,"35-39 "
1954296,1,624,8,0,624,0,1,0,"45-49 "
1954302,12,751,19,0,0,751,0,12,"25-29 "
1954388,6,404,4,2,179,225,3,3,"35-39 "
1954494,13,765,5,0,0,765,0,13,"30-34 "
1954616,42,6144,7,1,4579,1565,26,16,"30-34 "
1954722,1,96,30,0,96,0,1,0,"35-39 "
1954807,31,14762,6,1,11785,2977,16,15,"35-39 "
1954845,11,1895,11,0,0,1895,0,11,"30-34 "
1954951,1,60,32,0,0,60,0,1,"<25 "
1955019,4,156,4,0,0,156,0,4,"<25 "
1955057,16,6200,16,0,517,5683,3,13,"30-34 "
1955149,6,851,40,0,0,851,0,6,"25-29 "
1955156,18,1357,3,2,245,1112,4,14,"<25 "
1955262,17,2412,5,0,0,2412,0,17,"55-59 "
1955316,15,2407,11,0,0,2407,0,15,"25-29 "
1955422,5,220,30,0,220,0,5,0,"30-34 "
1955453,4,461,21,0,461,0,4,0,"30-34 "
1955590,16,2193,18,0,0,2193,0,16,"25-29 "
1955651,13,2096,10,0,2096,0,13,0,"30-34 "
1955712,10,1596,34,0,1596,0,10,0,"<25 "
1955729,9,1186,4,0,0,1186,0,9,"<25 "
1955835,10,6482,5,3,1045,5437,3,7,"60-64 "
1955873,8,650,5,0,0,650,0,8,"35-39 "
1955972,8,1075,41,0,1075,0,8,0,"50-54 "
1955996,3,2100,30,1,2100,0,3,0,"30-34 "
1956115,3,1074,5,0,0,1074,0,3,"40-44 "
1956191,4,1591,23,0,1591,0,4,0,"40-44 "
1956405,16,1285,12,2,1032,253,14,2,"50-54 "
1956580,2,424,40,0,0,424,0,2,"45-49 "
1956696,25,2647,5,1,1910,737,20,5,"45-49 "
1956771,5,669,22,0,669,0,5,0,"50-54 "
1956917,1,265,26,0,0,265,0,1,"<25 "
1956924,39,5463,28,0,5463,0,39,0,"35-39 "
1956986,3,392,12,0,0,392,0,3,"40-44 "
1957037,1,36,4,0,0,36,0,1,"25-29 "
1957099,13,2305,26,1,0,2305,0,13,"25-29 "
1957204,9,922,42,0,922,0,9,0,"25-29 "
1957211,7,1647,20,0,1647,0,7,0,"35-39 "
1957310,6,903,8,0,903,0,6,0,"40-44 "
1957327,34,5528,18,0,0,5528,0,34,"40-44 "
1957341,5,174,6,0,174,0,5,0,"30-34 "
1957358,8,2380,2,2,2380,0,8,0,">65 "
1957587,5,1390,21,0,1390,0,5,0,"30-34 "
1957716,11,726,10,0,726,0,11,0,"<25 "
1957778,5,655,16,2,655,0,5,0,"25-29 "
1957921,1,396,18,0,0,396,0,1,"40-44 "
1958089,5,242,41,0,242,0,5,0,"30-34 "
1958119,21,3191,9,0,3191,0,21,0,"45-49 "
1958140,3,887,19,8,256,631,1,2,">65 "
1958256,7,1232,2,0,1232,0,7,0,"50-54 "
1958270,2,788,2,0,788,0,2,0,"45-49 "
1958386,9,1350,20,2,1350,0,9,0,">65 "
1958447,2,151,21,0,151,0,2,0,"50-54 "
1958485,10,2208,37,0,2208,0,10,0,"40-44 "
1958690,66,8011,13,0,8011,0,66,0,"35-39 "
1958812,10,482,18,0,0,482,0,10,"<25 "
1958881,4,638,19,6,447,191,2,2,">65 "
1958898,9,1544,25,0,0,1544,0,9,"50-54 "
1958997,18,3600,32,0,0,3600,0,18,"40-44 "
1959017,17,810,11,2,744,66,15,2,"25-29 "
1959154,2,468,42,0,468,0,2,0,"55-59 "
1959277,11,2285,16,0,2285,0,11,0,"35-39 "
1959307,14,901,4,1,85,816,1,13,"30-34 "
1959321,7,1321,6,0,1321,0,7,0,"40-44 "
1959345,26,7051,12,0,0,7051,0,26,"35-39 "
1959369,36,6732,14,1,1163,5569,14,22,"<25 "
1959413,14,1001,18,0,0,1001,0,14,">65 "
1959444,16,1389,6,0,1389,0,16,0,"60-64 "
1959475,30,2477,15,0,2477,0,30,0,"35-39 "
1959536,19,3870,21,0,3870,0,19,0,"40-44 "
1959604,4,383,39,0,0,383,0,4,"50-54 "
1959819,11,4819,16,2,4819,0,11,0,"30-34 "
1959970,7,807,25,0,0,807,0,7,"40-44 "
1959987,5,942,9,1,942,0,5,0,">65 "
1959994,35,3413,14,1,2468,945,24,11,"30-34 "
1960037,1,1499,22,0,1499,0,1,0,"35-39 "
1960044,74,14529,4,0,8297,6232,52,22,"30-34 "
1960068,3,306,7,0,306,0,3,0,"35-39 "
1960112,3,272,9,0,272,0,3,0,"40-44 "
1960235,9,1056,19,0,0,1056,0,9,"35-39 "
1960297,16,896,16,0,896,0,16,0,"45-49 "
1960372,7,600,15,3,75,525,2,5,"40-44 "
1960396,3,419,25,0,0,419,0,3,"30-34 "
1960419,6,512,6,2,512,0,6,0,"<25 "
1960440,1,580,2,0,580,0,1,0,"25-29 "
1960501,5,1300,34,0,1300,0,5,0,"<25 "
1960525,6,508,14,0,508,0,6,0,"30-34 "
1960648,17,2596,26,0,0,2596,0,17,"45-49 "
1960693,5,469,4,0,0,469,0,5,"50-54 "
1960723,2,2059,7,0,2059,0,2,0,"35-39 "
1960792,30,7598,16,0,7598,0,30,0,"30-34 "
1960808,14,3917,13,1,3917,0,14,0,"40-44 "
1960839,4,543,4,0,0,543,0,4,"35-39 "
1960846,24,4665,13,1,4000,665,20,4,"35-39 "
1960938,11,5833,41,0,5833,0,11,0,"45-49 "
1960976,66,47920,25,0,47262,658,64,2,"35-39 "
1960983,45,1717,5,1,528,1189,12,33,"25-29 "
1961102,2,224,31,0,224,0,2,0,"30-34 "
1961126,3,752,34,0,752,0,3,0,"60-64 "
1961140,10,960,26,0,0,960,0,10,"30-34 "
1961195,3,151,26,0,0,151,0,3,"30-34 "
1961232,11,3631,5,1,3105,526,5,6,"30-34 "
1961263,28,20843,17,1,20843,0,28,0,"50-54 "
1961294,20,3270,19,0,0,3270,0,20,"25-29 "
1961355,26,5823,7,1,5567,256,23,3,"30-34 "
1961393,6,3494,15,0,3494,0,6,0,"30-34 "
1961409,5,955,2,3,955,0,5,0,"<25 "
1961584,10,960,5,4,644,316,7,3,"30-34 "
1961645,2,596,2,0,596,0,2,0,"45-49 "
1961676,31,3911,3,1,3911,0,31,0,"40-44 "
1961720,2,1906,22,0,1906,0,2,0,"30-34 "
1961751,13,3068,4,3,2424,644,11,2,"45-49 "
1961782,4,5054,2,0,5054,0,4,0,"45-49 "
1961799,30,4520,5,1,1614,2906,14,16,"50-54 "
1961836,10,1701,8,3,1701,0,10,0,"45-49 "
1962055,24,12371,25,0,0,12371,0,24,"30-34 "
1962147,33,5765,5,0,0,5765,0,33,"45-49 "
1962161,14,1603,10,0,1603,0,14,0,"25-29 "
1962208,11,3188,5,0,0,3188,0,11,"25-29 "
1962246,5,3352,19,0,0,3352,0,5,"35-39 "
1962277,23,3583,8,1,3583,0,23,0,"25-29 "
1962291,21,5324,39,0,0,5324,0,21,"25-29 "
1962383,4,2137,4,0,0,2137,0,4,"30-34 "
1962598,16,1716,19,1,0,1716,0,16,"40-44 "
1962635,18,3533,7,2,3407,126,16,2,"30-34 "
1962642,5,1867,4,0,0,1867,0,5,"<25 "
1962680,10,2220,8,2,323,1897,2,8,"45-49 "
1962697,9,772,12,0,0,772,0,9,"35-39 "
1962871,7,1156,9,4,1156,0,7,0,"30-34 "
1963076,7,550,18,1,99,451,1,6,"50-54 "
1963243,23,3581,5,2,995,2586,8,15,"50-54 "
1963274,3,290,12,0,0,290,0,3,"<25 "
1963519,6,6145,32,0,1875,4270,3,3,"45-49 "
1964097,5,715,8,0,715,0,5,0,"40-44 "
1964172,9,4318,31,0,4318,0,9,0,"30-34 "
1964417,36,4012,14,1,4012,0,36,0,"30-34 "
1964615,17,2783,19,0,0,2783,0,17,"25-29 "
1964691,4,268,35,0,268,0,4,0,"35-39 "
1964707,1,60,35,0,60,0,1,0,"35-39 "
1964769,8,1489,2,0,1489,0,8,0,"60-64 "
1964837,3,963,21,0,963,0,3,0,"40-44 "
1964912,12,1070,4,0,0,1070,0,12,"<25 "
1965001,9,1733,33,0,0,1733,0,9,"45-49 "
1965087,18,4110,19,0,0,4110,0,18,"30-34 "
1965124,9,1778,19,2,0,1778,0,9,"<25 "
1965223,6,941,3,0,941,0,6,0,"35-39 "
1965230,40,8102,19,0,0,8102,0,40,"60-64 "
1965643,12,600,34,0,600,0,12,0,"35-39 "
1965759,2,308,21,0,308,0,2,0,"25-29 "
1965858,40,3571,3,1,2922,649,31,9,"40-44 "
1965926,1,60,35,0,60,0,1,0,"45-49 "
1965988,20,1754,7,0,1754,0,20,0,"35-39 "
1966022,5,3429,39,0,0,3429,0,5,"50-54 "
1966145,10,864,40,0,0,864,0,10,"30-34 "
1966169,6,399,32,0,0,399,0,6,"45-49 "
1966237,2,304,6,0,304,0,2,0,"<25 "
1966473,14,997,8,2,997,0,14,0,"25-29 "
1966565,15,2082,12,1,1238,844,8,7,"25-29 "
1966657,9,1816,9,1,1816,0,9,0,"<25 "
1966664,1,752,20,0,752,0,1,0,"30-34 "
1966695,9,6704,11,3,6523,181,7,2,">65 "
1966763,2,222,42,0,222,0,2,0,"30-34 "
1966770,11,958,36,0,958,0,11,0,"<25 "
1966831,8,2149,34,0,2149,0,8,0,"60-64 "
1966848,3,230,37,0,230,0,3,0,"60-64 "
1966886,8,1106,6,4,1106,0,8,0,"35-39 "
1966893,5,446,11,6,135,311,1,4,"40-44 "
1966954,8,942,39,0,0,942,0,8,"25-29 "
1966961,12,1305,32,0,0,1305,0,12,"30-34 "
1966978,8,31850,10,4,18381,13469,5,3,">65 "
1966992,14,6665,5,2,0,6665,0,14,"45-49 "
1967012,2,263,4,0,0,263,0,2,"30-34 "
1967081,11,1046,41,0,1046,0,11,0,"25-29 "
1967098,37,4617,4,1,0,4617,0,37,"45-49 "
1967159,11,1137,20,2,568,569,9,2,">65 "
1967289,1,21,26,0,0,21,0,1,"45-49 "
1967302,1,944,16,0,944,0,1,0,"40-44 "
1967333,5,1030,27,0,1030,0,5,0,"35-39 "
1967364,44,5457,4,1,2438,3019,27,17,"40-44 "
1967401,4,2471,23,0,2471,0,4,0,"40-44 "
1967432,3,686,35,0,686,0,3,0,"35-39 "
1967548,3,188,40,0,0,188,0,3,"40-44 "
1967593,10,2815,25,0,0,2815,0,10,"30-34 "
1967609,22,4099,6,1,1520,2579,7,15,"30-34 "
1967678,24,1721,4,0,0,1721,0,24,"30-34 "
1967791,5,934,34,0,934,0,5,0,"40-44 "
1967968,9,1347,7,0,1347,0,9,0,"40-44 "
1968033,2,105,25,0,0,105,0,2,"25-29 "
1968101,3,465,21,4,465,0,3,0,"45-49 "
1968118,18,1066,19,0,0,1066,0,18,"40-44 "
1968125,29,5044,8,1,4602,442,22,7,"30-34 "
1968163,3,275,3,0,275,0,3,0,"30-34 "
1968194,11,749,9,1,749,0,11,0,"60-64 "
1968286,15,1812,8,2,1280,532,8,7,"<25 "
1968309,24,1729,19,1,0,1729,0,24,"30-34 "
1968354,33,16982,34,0,15836,1146,22,11,"30-34 "
1968392,11,1673,18,0,0,1673,0,11,"25-29 "
1968422,23,4423,16,1,3163,1260,8,15,"40-44 "
1968484,19,1438,29,1,1417,21,18,1,"25-29 "
1968514,7,1343,24,0,1343,0,7,0,"30-34 "
1968576,1,256,42,0,256,0,1,0,"40-44 "
1968750,6,1050,9,2,1050,0,6,0,"25-29 "
1968767,6,1174,12,0,0,1174,0,6,"25-29 "
1968781,3,228,14,0,228,0,3,0,"35-39 "
1968866,3,218,23,0,218,0,3,0,"30-34 "
1968903,11,5182,9,0,5182,0,11,0,"45-49 "
1968910,4,715,20,0,715,0,4,0,">65 "
1968927,7,431,41,0,431,0,7,0,"35-39 "
1968989,19,2287,37,0,2287,0,19,0,">65 "
1969009,10,1860,39,0,0,1860,0,10,"35-39 "
1969047,3,351,4,0,0,351,0,3,"25-29 "
1969085,39,5526,14,1,5526,0,39,0,"45-49 "
1969122,2,158,22,0,158,0,2,0,"35-39 "
1969184,23,2516,14,1,2516,0,23,0,"35-39 "
1969276,2,2619,32,0,0,2619,0,2,"40-44 "
1969290,6,385,8,0,385,0,6,0,"60-64 "
1969351,1,200,4,0,0,200,0,1,"40-44 "
1969450,32,3734,9,1,1528,2206,13,19,"45-49 "
1969504,6,907,11,2,871,36,5,1,"35-39 "
1969528,4,1040,39,0,0,1040,0,4,"30-34 "
1969795,25,4621,8,0,301,4320,5,20,"45-49 "
1969832,10,49001,32,0,0,49001,0,10,"25-29 "
1969870,2,109,14,0,109,0,2,0,"30-34 "
1969955,3,4331,27,0,4331,0,3,0,"35-39 "
1969993,24,2609,34,0,2609,0,24,0,"50-54 "
1970029,44,15252,15,1,6773,8479,18,26,"30-34 "
1970173,11,1033,17,0,1033,0,11,0,"40-44 "
1970210,2,3093,10,0,3093,0,2,0,"30-34 "
1970234,8,837,12,2,0,837,0,8,"30-34 "
1970265,30,4130,14,1,304,3826,1,29,"30-34 "
1970272,11,8996,13,0,8996,0,11,0,"30-34 "
1970333,10,1808,9,3,1808,0,10,0,"35-39 "
1970746,10,1565,12,0,0,1565,0,10,"45-49 "
1970753,7,3754,5,0,0,3754,0,7,"25-29 "
1970777,55,14805161,2,1,14804590,571,45,10,"35-39 "
1970920,9,747,2,0,747,0,9,0,"25-29 "
1971064,17,6613,18,1,0,6613,0,17,"<25 "
1971071,10,2021,17,2,2021,0,10,0,"35-39 "
1971156,22,1336,3,1,1067,269,16,6,"25-29 "
1971200,3,421,3,0,421,0,3,0,"25-29 "
1971217,2,708,14,0,708,0,2,0,"25-29 "
1971309,4,245,22,0,245,0,4,0,"35-39 "
1971323,23,4541,14,0,1645,2896,10,13,"35-39 "
1971477,10,2334,16,0,2334,0,10,0,"35-39 "
1971538,5,880,21,0,880,0,5,0,"30-34 "
1971552,3,158,34,0,158,0,3,0,"30-34 "
1971606,20,11604,39,0,0,11604,0,20,"25-29 "
1971644,12,1110,13,2,772,338,3,9,"<25 "
1971651,6,457,28,0,457,0,6,0,"25-29 "
1971675,14,1412,11,2,1117,295,8,6,"35-39 "
1971835,6,655,17,0,339,316,5,1,"<25 "
1971859,12,1403,2,3,1403,0,12,0,"35-39 "
1971941,14,981,8,2,419,562,7,7,"25-29 "
1972085,24,2074,4,2,1414,660,15,9,"40-44 "
1972115,5,887,5,0,0,887,0,5,"35-39 "
1972122,1,944,2,0,944,0,1,0,"35-39 "
1972177,35,3066,11,1,0,3066,0,35,"30-34 "
1972184,22,4111,4,2,3529,582,13,9,"35-39 "
1972337,75,10370,4,1,2428,7942,22,53,"30-34 "
1972344,4,1027,18,0,0,1027,0,4,"40-44 "
1972351,1,1264,12,0,0,1264,0,1,"35-39 "
1972368,1,179,29,0,179,0,1,0,">65 "
1972429,30,2753,12,1,0,2753,0,30,"40-44 "
1972481,17,1174,5,1,0,1174,0,17,"40-44 "
1972559,11,953,12,3,798,155,6,5,"60-64 "
1972702,1,79,17,0,79,0,1,0,"30-34 "
1972757,8,337,18,0,0,337,0,8,"30-34 "
1972832,10,622,31,0,622,0,10,0,"40-44 "
1972931,7,2022,22,0,2022,0,7,0,"30-34 "
1972986,11,31410,21,2,20428,10982,7,4,"55-59 "
1973013,24,2140,10,1,2140,0,24,0,"30-34 "
1973020,13,6695,32,0,6517,178,10,3,"30-34 "
1973075,50,12301,5,1,0,12301,0,50,"35-39 "
1973105,14,4184,26,0,0,4184,0,14,"30-34 "
1973136,2,673,9,0,673,0,2,0,"45-49 "
1973167,1,469,38,0,469,0,1,0,"45-49 "
1973211,32,4115,36,0,4115,0,32,0,"35-39 "
1973259,24,2046,9,1,1741,305,17,7,"35-39 "
1973266,33,10636,5,0,0,10636,0,33,"45-49 "
1973334,14,9283,15,2,9283,0,14,0,"35-39 "
1973365,2,293,42,0,293,0,2,0,"45-49 "
1973389,10,7396,8,3,7135,261,8,2,"25-29 "
1973501,5,922,13,0,922,0,5,0,"<25 "
1973532,3,167,5,0,0,167,0,3,"35-39 "
1973556,25,3186,20,1,2076,1110,17,8,"40-44 "
1973648,9,3519,10,0,3519,0,9,0,"40-44 "
1973655,2,45,27,0,45,0,2,0,"45-49 "
1973747,1,19,22,0,19,0,1,0,"50-54 "
1973754,1,1368,27,0,1368,0,1,0,"35-39 "
1973778,1,60,34,0,60,0,1,0,"<25 "
1973884,23,1420,23,0,1420,0,23,0,"30-34 "
1973891,14,1976,20,0,1976,0,14,0,"40-44 "
1973969,7,534,11,0,0,534,0,7,"30-34 "
1974003,38,5892,20,1,5892,0,38,0,"35-39 "
1974089,10,2051,6,0,2051,0,10,0,"40-44 "
1974119,13,1525,2,1,1308,217,9,4,"45-49 "
1974133,12,938,2,3,938,0,12,0,"35-39 "
1974348,22,3522,4,1,0,3522,0,22,"40-44 "
1974454,68,20685,3,1,16644,4041,41,27,"35-39 "
1974478,21,1413,4,2,0,1413,0,21,"40-44 "
1974492,2,237,18,0,0,237,0,2,"40-44 "
1974690,22,5818,10,1,5818,0,22,0,"25-29 "
1974713,1,249,21,0,249,0,1,0,"30-34 "
1974867,26,2819,10,1,2720,99,25,1,"25-29 "
1974881,11,2109,5,3,0,2109,0,11,"35-39 "
1974942,17,3693,5,0,0,3693,0,17,"40-44 "
1974973,4,693,11,0,0,693,0,4,"30-34 "
1974980,19,3113,5,0,0,3113,0,19,"35-39 "
1975024,25,3996,4,1,0,3996,0,25,"30-34 "
1975154,10,1096,12,0,0,1096,0,10,"50-54 "
1975208,14,2481,32,0,0,2481,0,14,"45-49 "
1975222,12,720,9,0,720,0,12,0,"50-54 "
1975352,3,391,42,0,391,0,3,0,"25-29 "
1975413,5,838,34,2,838,0,5,0,"45-49 "
1975420,10,523,12,3,302,221,7,3,"30-34 "
1975543,16,2964,23,1,2670,294,15,1,"30-34 "
1975666,1,36,7,0,36,0,1,0,">65 "
1975765,5,3792,14,0,3792,0,5,0,"35-39 "
1975819,11,1797,4,0,0,1797,0,11,">65 "
1975833,3,196,22,0,196,0,3,0,"30-34 "
1975895,60,10173,6,0,10173,0,60,0,"25-29 "
1975918,3,114,25,0,0,114,0,3,"25-29 "
1975963,15,2535,31,0,2535,0,15,0,"30-34 "
1976090,5,164,3,0,164,0,5,0,"30-34 "
1976236,53,10159,4,1,8372,1787,42,11,"35-39 "
1976250,45,3329,3,1,2275,1054,34,11,">65 "
1976267,45,7132,2,1,6312,820,36,9,">65 "
1976298,7,1045,27,0,1045,0,7,0,"35-39 "
1976373,18,1149,8,0,1149,0,18,0,"50-54 "
1976410,13,1490,26,0,0,1490,0,13,"55-59 "
1976458,5,4259,19,0,0,4259,0,5,"35-39 "
1976472,10,1861,6,4,1861,0,10,0,"45-49 "
1976502,20,3059,2,1,3059,0,20,0,"50-54 "
1976632,10,1284,11,0,0,1284,0,10,"25-29 "
1976700,18,1065,11,1,210,855,5,13,"35-39 "
1976786,32,19314,2,1,18263,1051,20,12,">65 "
1976847,76,14141,4,0,12774,1367,63,13,">65 "
1976861,9,2727,2,2,2727,0,9,0,">65 "
1976953,4,9574,23,0,9574,0,4,0,"35-39 "
1976977,14,869,25,1,0,869,0,14,"60-64 "
1977004,4,1766,17,5,1766,0,4,0,"30-34 "
1977042,5,517,12,0,0,517,0,5,"40-44 "
1977097,23,2148,32,0,0,2148,0,23,"25-29 "
1977158,7,2386,4,0,0,2386,0,7,"35-39 "
1977165,26,3280,8,1,753,2527,6,20,"25-29 "
1977349,8,984,29,2,984,0,8,0,"25-29 "
1977363,25,5753,19,1,0,5753,0,25,"25-29 "
1977370,22,2261,2,2,601,1660,11,11,"30-34 "
1977387,4,318,5,5,245,73,3,1,"25-29 "
1977400,3,542,4,0,0,542,0,3,"30-34 "
1977523,39,4267,3,1,4103,164,37,2,"30-34 "
1977622,11,772,14,2,772,0,11,0,"25-29 "
1977639,3,17892,6,5,17892,0,3,0,"40-44 "
1977646,3,17892,6,5,17892,0,3,0,"40-44 "
1977707,8,2791,19,0,0,2791,0,8,"30-34 "
1977721,1,516,39,0,0,516,0,1,"45-49 "
1977882,27,4179,7,1,3298,881,14,13,"35-39 "
1977905,9,943,12,0,0,943,0,9,"45-49 "
1977929,21,3213,4,0,0,3213,0,21,"35-39 "
1977998,3,3176,26,0,0,3176,0,3,"25-29 "
1978025,7,4593,12,0,0,4593,0,7,"<25 "
1978087,10,15434,11,2,0,15434,0,10,"30-34 "
1978100,3,382,4,0,0,382,0,3,"25-29 "
1978117,24,2636,2,1,1616,1020,16,8,"45-49 "
1978179,56,7728,2,1,3305,4423,28,28,"45-49 "
1978193,13,12211,29,0,12211,0,13,0,"50-54 "
1978209,5,1740,4,0,0,1740,0,5,"40-44 "
1978230,10,844,34,0,844,0,10,0,">65 "
1978278,1,36,15,0,36,0,1,0,"35-39 "
1978285,1,85,5,0,0,85,0,1,"45-49 "
1978346,12,1632,5,2,974,658,9,3,"30-34 "
1978407,6,391,31,0,391,0,6,0,"45-49 "
1978414,15,3769,9,1,3569,200,10,5,"50-54 "
1978735,3,216,35,0,216,0,3,0,"30-34 "
1978766,35,5190,14,0,5190,0,35,0,"40-44 "
1978773,2,1076,4,0,0,1076,0,2,"25-29 "
1978896,14,15858,8,2,13888,1970,7,7,"45-49 "
1978988,9,992,20,0,992,0,9,0,"35-39 "
1979084,11,5214,3,3,5214,0,11,0,"30-34 "
1979145,1,60,34,0,60,0,1,0,">65 "
1979213,4,163,26,0,0,163,0,4,"40-44 "
1979237,1,396,6,0,396,0,1,0,"30-34 "
1979244,36,2629,2,1,2629,0,36,0,"<25 "
1979282,27,3271,40,0,854,2417,10,17,"40-44 "
1979367,8,1529,7,0,1529,0,8,0,"45-49 "
1979473,37,3846,5,0,0,3846,0,37,"40-44 "
1979527,6,348,41,0,348,0,6,0,"50-54 "
1979589,6,526,38,0,526,0,6,0,"60-64 "
1979596,9,2812,28,0,2812,0,9,0,"50-54 "
1979633,14,1177,18,0,0,1177,0,14,"<25 "
1979640,17,2720,25,0,0,2720,0,17,"55-59 "
1979657,14,5579,14,0,5579,0,14,0,"35-39 "
1979732,5,751,6,5,136,615,2,3,"45-49 "
1979886,15,1201,18,0,0,1201,0,15,"50-54 "
1979961,23,3980,26,1,0,3980,0,23,"30-34 "
1980073,21,2332,6,2,2332,0,21,0,"<25 "
1980103,6,1063,40,0,0,1063,0,6,"25-29 "
1980110,62,11795,2,1,6080,5715,34,28,"35-39 "
1980134,14,1684,7,2,1543,141,11,3,">65 "
1980165,13,58712,7,2,58712,0,13,0,">65 "
1980196,3,414,29,0,414,0,3,0,"25-29 "
1980226,7,1957,6,2,1957,0,7,0,"45-49 "
1980271,17,890,23,0,890,0,17,0,"40-44 "
1980295,11,1378,8,1,1378,0,11,0,"45-49 "
1980325,2,190,32,0,0,190,0,2,"25-29 "
1980387,9,827,24,0,827,0,9,0,"35-39 "
1980684,37,2221,7,1,1182,1039,18,19,"30-34 "
1980691,9,1173,15,0,1173,0,9,0,"35-39 "
1980769,21,4144,3,1,4144,0,21,0,"30-34 "
1980776,1,89,27,0,89,0,1,0,"25-29 "
1980783,8,1163,2,2,673,490,5,3,"55-59 "
1980844,13,599,11,0,343,256,7,6,"50-54 "
1980868,6,326,26,0,0,326,0,6,"<25 "
1981018,13,9044,30,0,9044,0,13,0,"25-29 "
1981131,1,8244,40,0,0,8244,0,1,"60-64 "
1981179,18,22543,12,1,22084,459,14,4,"<25 "
1981186,3,392,8,0,392,0,3,0,"55-59 "
1981292,8,602,5,0,0,602,0,8,"35-39 "
1981315,14,1445,40,0,0,1445,0,14,"35-39 "
1981353,21,8286,25,0,0,8286,0,21,"35-39 "
1981377,21,1372,20,1,1372,0,21,0,"25-29 "
1981421,39,2823,4,1,1634,1189,23,16,"30-34 "
1981605,18,2703,12,0,0,2703,0,18,"25-29 "
1981827,28,4924,18,0,0,4924,0,28,"40-44 "
1981872,11,312,32,0,0,312,0,11,"35-39 "
1981896,7,12157,25,2,0,12157,0,7,"30-34 "
1981926,16,3386,9,1,3386,0,16,0,"35-39 "
1981995,7,2093,21,3,2093,0,7,0,"50-54 "
1982008,10,1392,10,0,1392,0,10,0,"40-44 "
1982091,3,161,4,0,0,161,0,3,"40-44 "
1982190,3,254,32,0,0,254,0,3,"30-34 "
1982237,5,302,25,0,0,302,0,5,"40-44 "
1982251,10,632,33,0,0,632,0,10,"30-34 "
1982268,11,585,39,0,0,585,0,11,"25-29 "
1982404,4,629,6,2,629,0,4,0,"30-34 "
1982442,30,11582,5,1,0,11582,0,30,"30-34 "
1982480,35,5093,9,1,5093,0,35,0,"30-34 "
1982541,15,1361,32,0,0,1361,0,15,"30-34 "
1982640,200,55015,2,0,32027,22988,127,73,">65 "
1982848,3,199,4,0,0,199,0,3,"45-49 "
1982879,5,1928,22,0,1928,0,5,0,"<25 "
1982886,3,584,4,9,0,584,0,3,">65 "
1982985,4,783,12,0,0,783,0,4,"50-54 "
1983197,4,92,29,0,92,0,4,0,"30-34 "
1983203,7,681,32,0,0,681,0,7,"25-29 "
1983234,10,1237,12,0,0,1237,0,10,"30-34 "
1983272,11,986,4,0,0,986,0,11,"40-44 "
1983333,13,84979,2,2,84979,0,13,0,"45-49 "
1983388,10,898,37,0,898,0,10,0,"50-54 "
1983395,14,1536,26,1,638,898,4,10,"30-34 "
1983456,6,1986,28,0,1986,0,6,0,"55-59 "
1983463,7,633,16,0,633,0,7,0,"<25 "
1983470,4,389,4,0,0,389,0,4,"25-29 "
1983487,3,677,20,0,677,0,3,0,"30-34 "
1983500,2,850,26,0,0,850,0,2,"35-39 "
1983531,17,5697,3,1,5697,0,17,0,"25-29 "
1983593,3,285,6,0,285,0,3,0,"30-34 "
1983616,23,2599,2,2,1904,695,18,5,"25-29 "
1983630,27,3392,6,1,2349,1043,20,7,"50-54 "
1983777,12,3511,7,3,2267,1244,7,5,"30-34 "
1983791,5,5848,3,0,5848,0,5,0,"35-39 "
1983913,14,1048,7,2,988,60,13,1,"35-39 "
1983937,2,206,25,0,0,206,0,2,"25-29 "
1983951,4,1015,18,0,89,926,1,3,"25-29 "
1984064,2,135,38,0,135,0,2,0,"<25 "
1984194,42,14860,6,0,2306,12554,9,33,"40-44 "
1984217,72,13392,2,1,5153,8239,27,45,"35-39 "
1984248,20,5206,5,1,0,5206,0,20,"30-34 "
1984255,3,1400,19,4,0,1400,0,3,"35-39 "
1984316,10,1094,18,0,0,1094,0,10,"35-39 "
1984385,1,149,37,0,149,0,1,0,"30-34 "
1984408,10,3234,18,1,0,3234,0,10,"<25 "
1984491,14,1959,26,0,0,1959,0,14,"50-54 "
1984699,54,11748,9,0,11748,0,54,0,"45-49 "
1984736,1,60,35,0,60,0,1,0,"30-34 "
1984767,20,4034,19,1,500,3534,6,14,"30-34 "
1984781,8,2087,36,0,2087,0,8,0,"35-39 "
1984828,19,2759,22,0,2759,0,19,0,"25-29 "
1984873,17,2992,4,2,0,2992,0,17,">65 "
1984927,11,1115,4,0,0,1115,0,11,"45-49 "
1984934,8,3625,19,0,0,3625,0,8,"30-34 "
1985023,12,2433,22,2,2433,0,12,0,"45-49 "
1985030,14,1250,17,0,1250,0,14,0,"45-49 "
1985054,92,11719,3,0,4845,6874,65,27,"50-54 "
1985078,8,1757,8,0,1757,0,8,0,"30-34 "
1985108,3,178,34,0,178,0,3,0,">65 "
1985115,7,281,17,3,232,49,5,2,">65 "
1985139,18,7360,3,1,4163,3197,4,14,"60-64 "
1985214,15,5515,12,0,0,5515,0,15,"30-34 "
1985276,18,1951,19,0,469,1482,8,10,"60-64 "
1985306,10,755,8,0,755,0,10,0,"35-39 "
1985320,4,484,24,0,484,0,4,0,"35-39 "
1985337,7,2238,14,0,2238,0,7,0,"50-54 "
1985351,23,3989,11,1,3050,939,16,7,"<25 "
1985375,12,11818,19,1,0,11818,0,12,"30-34 "
1985405,15,7480,2,0,7480,0,15,0,"35-39 "
1985467,3,317,4,0,0,317,0,3,"50-54 "
1985498,8,1745,18,0,0,1745,0,8,"<25 "
1985542,11,1362,26,1,404,958,5,6,">65 "
1985580,5,307,2,0,307,0,5,0,"40-44 "
1985634,27,3031,12,0,0,3031,0,27,"50-54 "
1985702,1,560,5,0,0,560,0,1,"25-29 "
1985733,19,4585,8,0,4585,0,19,0,"30-34 "
1985757,21,6523,11,1,203,6320,3,18,"35-39 "
1985801,32,4385,7,1,3407,978,19,13,"30-34 "
1985900,2,69,16,8,9,60,1,1,"60-64 "
1985948,20,1085,38,0,1085,0,20,0,"25-29 "
1986020,32,4919,39,0,0,4919,0,32,"40-44 "
1986082,8,1667,2,0,610,1057,5,3,"<25 "
1986105,14,2335,33,0,0,2335,0,14,"30-34 "
1986242,18,1585,14,0,1585,0,18,0,"25-29 "
1986259,2,157,26,0,0,157,0,2,"35-39 "
1986273,8,1097,2,0,1097,0,8,0,"30-34 "
1986327,6,1145,4,0,0,1145,0,6,"40-44 "
1986419,6,1735,9,1,1735,0,6,0,"30-34 "
1986440,7,2025,12,4,0,2025,0,7,"50-54 "
1986556,6,811,31,0,811,0,6,0,"30-34 "
1986570,3,270,19,0,0,270,0,3,"60-64 "
1986648,5,1952,16,0,1952,0,5,0,"50-54 "
1986693,2,107,41,0,107,0,2,0,"35-39 "
1986822,15,2356,7,1,2356,0,15,0,"30-34 "
1986860,13,1422,25,0,0,1422,0,13,"40-44 "
1986891,5,2776,11,0,0,2776,0,5,">65 "
1986907,15,1584,39,0,0,1584,0,15,"40-44 "
1986938,2,3164,10,0,3164,0,2,0,"25-29 "
1987010,7,7787,41,0,7787,0,7,0,"35-39 "
1987027,1,10044,19,0,0,10044,0,1,"40-44 "
1987065,6,5896,2,4,5896,0,6,0,"35-39 "
1987072,7,6128,2,3,6128,0,7,0,"25-29 "
1987164,1,159,10,0,159,0,1,0,"40-44 "
1987225,5,660,32,0,0,660,0,5,"25-29 "
1987287,22,2655,22,0,2655,0,22,0,"45-49 "
1987324,9,1920,27,0,1920,0,9,0,"40-44 "
1987355,10,2611,12,0,0,2611,0,10,"40-44 "
1987362,24,2162,11,0,0,2162,0,24,"35-39 "
1987379,3,844,35,0,844,0,3,0,"25-29 "
1987539,27,14887,17,0,14887,0,27,0,"40-44 "
1987584,14,2657,33,0,0,2657,0,14,"35-39 "
1987652,28,5525,12,0,0,5525,0,28,"25-29 "
1987720,2,76,14,0,76,0,2,0,"35-39 "
1987744,6,428,17,0,428,0,6,0,"25-29 "
1987751,7,216,4,0,0,216,0,7,"<25 "
1987782,37,2440,3,1,1784,656,23,14,"35-39 "
1987812,2,320,6,0,320,0,2,0,"45-49 "
1987829,7,4661,22,0,4661,0,7,0,"40-44 "
1987935,37,5336,22,0,843,4493,8,29,"30-34 "
1987973,44,3992,9,0,3992,0,44,0,"50-54 "
1988031,6,646,19,0,0,646,0,6,"30-34 "
1988048,30,4085,14,0,2478,1607,16,14,"45-49 "
1988161,34,4269,37,0,4269,0,34,0,"35-39 "
1988185,6,1444,19,0,0,1444,0,6,"45-49 "
1988192,2,207,19,0,0,207,0,2,"40-44 "
1988406,9,771,19,2,169,602,4,5,"35-39 "
1988444,2,116,2,16,116,0,2,0,">65 "
1988468,8,2428,8,4,196,2232,1,7,"55-59 "
1988574,15,1620,34,0,1620,0,15,0,"30-34 "
1988611,2,96,20,6,36,60,1,1,"60-64 "
1988727,9,768,23,0,768,0,9,0,"30-34 "
1988758,5,883,26,0,0,883,0,5,"40-44 "
1989014,38,38392,15,0,38392,0,38,0,"30-34 "
1989021,1,36,15,0,36,0,1,0,"30-34 "
1989038,40,4748,32,0,0,4748,0,40,"35-39 "
1989052,10,1784,25,1,0,1784,0,10,"30-34 "
1989151,12,3188,4,3,476,2712,6,6,">65 "
1989168,25,7913,8,1,7323,590,22,3,"35-39 "
1989175,7,799,3,0,799,0,7,0,"30-34 "
1989236,16,1364,2,2,961,403,13,3,"35-39 "
1989274,3,536,37,0,536,0,3,0,"30-34 "
1989397,8,528,31,0,528,0,8,0,"35-39 "
1989472,14,1118,9,2,635,483,7,7,"40-44 "
1989526,35,19902,19,1,9673,10229,21,14,"40-44 "
1989564,1,15,11,0,0,15,0,1,"35-39 "
1989595,32,3356,3,1,3073,283,28,4,">65 "
1989601,55,7998,4,1,4663,3335,36,19,">65 "
1989694,3,734,15,0,734,0,3,0,"45-49 "
1989748,2,232,39,0,0,232,0,2,"<25 "
1989809,4,694,10,0,694,0,4,0,"50-54 "
1989854,36,8275,5,1,969,7306,9,27,"35-39 "
1989885,16,4733,31,0,4733,0,16,0,"40-44 "
1989946,6,987,2,0,987,0,6,0,"30-34 "
1990003,31,7586,11,0,0,7586,0,31,"30-34 "
1990164,2,1196,4,0,0,1196,0,2,"35-39 "
1990171,32,2738,5,1,1049,1689,7,25,"30-34 "
1990294,4,1276,5,8,698,578,2,2,"50-54 "
1990331,25,5358,3,1,3816,1542,11,14,"25-29 "
1990355,19,1142,20,1,1142,0,19,0,"30-34 "
1990362,15,5104,18,1,3978,1126,6,9,"40-44 "
1990416,15,2147,10,0,850,1297,6,9,">65 "
1990423,20,2521,18,1,1387,1134,8,12,"45-49 "
1990454,16,1984,20,1,1984,0,16,0,"40-44 "
1990492,24,13318,16,0,13318,0,24,0,"30-34 "
1990508,20,3019,11,1,776,2243,6,14,"30-34 "
1990515,17,4253,20,0,4253,0,17,0,"25-29 "
1990546,56,5414,7,1,1238,4176,15,41,"50-54 "
1990553,23,5212,2,1,3358,1854,16,7,"35-39 "
1990713,20,1807,10,1,1807,0,20,0,"<25 "
1990720,6,885,2,1,885,0,6,0,"25-29 "
1990805,8,1859,15,0,1859,0,8,0,"35-39 "
1990836,27,2661,18,0,0,2661,0,27,"50-54 "
1990881,10,1381,17,0,1381,0,10,0,"55-59 "
1990935,26,7431,10,1,1724,5707,10,16,"30-34 "
1991147,5,232,33,0,0,232,0,5,"25-29 "
1991178,13,3791,11,2,0,3791,0,13,"50-54 "
1991208,5,549,10,0,549,0,5,0,"25-29 "
1991239,22,12523,12,1,0,12523,0,22,"35-39 "
1991475,12,1477,7,2,1477,0,12,0,"50-54 "
1991499,3,172,22,0,172,0,3,0,"<25 "
1991505,15,2496,6,1,2496,0,15,0,"50-54 "
1991536,17,2846,4,1,758,2088,7,10,"35-39 "
1991567,9,4221,21,0,4221,0,9,0,"35-39 "
1991642,2,82,34,0,82,0,2,0,"35-39 "
1991741,31,7757,3,1,7613,144,24,7,"30-34 "
1991833,21,3834,4,2,1416,2418,9,12,"55-59 "
1991857,18,3322,17,0,3322,0,18,0,"25-29 "
1991895,7,2310,22,0,2310,0,7,0,"40-44 "
1991925,6,513,30,0,513,0,6,0,"35-39 "
1991932,11,1049,14,2,920,129,7,4,"40-44 "
1991949,14,904,25,0,0,904,0,14,"30-34 "
1991963,10,4480,20,0,4480,0,10,0,"30-34 "
1991987,7,5274,33,0,0,5274,0,7,"40-44 "
1992076,6,1888,14,5,1888,0,6,0,"<25 "
1992090,4,393,22,2,393,0,4,0,"<25 "
1992106,19,8108,2,2,8108,0,19,0,">65 "
1992113,14,1675,16,2,720,955,6,8,"30-34 "
1992151,5,7098,28,0,7098,0,5,0,"25-29 "
1992298,10,812,20,0,812,0,10,0,"25-29 "
1992335,17,2831,6,1,1668,1163,12,5,"25-29 "
1992342,11,1108,21,0,396,712,1,10,"35-39 "
1992359,11,2687,21,0,2687,0,11,0,"30-34 "
1992366,12,4230,33,0,0,4230,0,12,"25-29 "
1992380,2,401,21,0,401,0,2,0,"55-59 "
1992403,1,36,17,0,36,0,1,0,"45-49 "
1992410,1,60,34,0,60,0,1,0,"25-29 "
1992441,6,724,22,0,724,0,6,0,"30-34 "
1992458,1,60,32,0,0,60,0,1,">65 "
1992465,12,3477,12,1,1094,2383,8,4,"35-39 "
1992489,17,796,2,2,796,0,17,0,"<25 "
1992502,2,196,27,0,196,0,2,0,"25-29 "
1992557,7,494,31,0,494,0,7,0,"30-34 "
1992564,7,819,20,0,819,0,7,0,"25-29 "
1992762,17,4538,14,1,4470,68,16,1,"25-29 "
1992786,11,684,33,0,0,684,0,11,"25-29 "
1992793,26,1869,10,1,670,1199,9,17,"55-59 "
1992816,13,1494,12,0,344,1150,8,5,"35-39 "
1992847,3,124,12,0,0,124,0,3,">65 "
1992861,15,7734,6,2,6713,1021,10,5,"<25 "
1992908,7,2407,11,0,0,2407,0,7,"25-29 "
1992915,36,13573,6,1,13165,408,30,6,">65 "
1992946,40,2531,2,1,1286,1245,24,16,"<25 "
1992953,20,1341,2,2,1341,0,20,0,"35-39 "
1992977,15,2919,6,0,2919,0,15,0,"60-64 "
1992991,7,1546,5,5,1394,152,3,4,"<25 "
1993127,20,2376,16,1,2376,0,20,0,"35-39 "
1993134,2,465,12,0,0,465,0,2,"<25 "
1993189,5,892,15,0,892,0,5,0,"25-29 "
1993219,6,1189,17,0,1189,0,6,0,"30-34 "
1993226,1,60,32,0,0,60,0,1,"25-29 "
1993349,3,492,19,5,60,432,1,2,"35-39 "
1993370,1,60,32,0,0,60,0,1,"50-54 "
1993387,1,36,17,0,36,0,1,0,"40-44 "
1993448,4,423,11,0,0,423,0,4,"35-39 "
1993455,14,6903,8,2,6695,208,11,3,"50-54 "
1993523,25,4168,21,1,3400,768,18,7,"35-39 "
1993547,4,475,32,0,0,475,0,4,"<25 "
1993653,2,504,12,0,0,504,0,2,"35-39 "
1993660,10,3489,3,0,3489,0,10,0,"45-49 "
1993684,1,2628,31,0,2628,0,1,0,">65 "
1993721,13,1959,6,2,1712,247,8,5,"50-54 "
1993813,31,7662,4,0,5456,2206,21,10,"25-29 "
1993837,3,254,5,5,0,254,0,3,">65 "
1993844,7,4221,40,0,0,4221,0,7,"40-44 "
1993851,3,266,20,0,266,0,3,0,">65 "
1993875,1,396,9,0,396,0,1,0,"<25 "
1993912,33,2221,3,0,2221,0,33,0,"<25 "
1993950,3,145,26,0,0,145,0,3,"<25 "
1993981,2,100,32,0,0,100,0,2,"55-59 "
1994049,3,271,25,0,0,271,0,3,">65 "
1994063,1,2952,38,0,2952,0,1,0,"30-34 "
1994131,15,2223,12,2,764,1459,11,4,"<25 "
1994155,3,492,20,5,492,0,3,0,"25-29 "
1994209,25,5132,12,1,1491,3641,7,18,"25-29 "
1994308,10,1279,19,0,0,1279,0,10,"35-39 "
1994391,4,1348,3,0,1348,0,4,0,"<25 "
1994490,8,2519,19,0,0,2519,0,8,"45-49 "
1994513,1,21888,6,0,21888,0,1,0,"45-49 "
1994551,8,577,12,3,0,577,0,8,"<25 "
1994612,12,1586,20,0,1586,0,12,0,"40-44 "
1994636,4,5220,41,0,5220,0,4,0,"35-39 "
1994650,32,4823,6,1,4437,386,26,6,"35-39 "
1994674,11,2402,6,1,2402,0,11,0,"35-39 "
1994773,9,938,10,1,938,0,9,0,"50-54 "
1994803,6,296,30,0,296,0,6,0,"35-39 "
1994872,21,4513,3,0,4513,0,21,0,"25-29 "
1994926,42,9403,23,0,9403,0,42,0,"45-49 "
1995077,22,3177,6,0,3177,0,22,0,"35-39 "
1995169,29,2277,26,0,51,2226,2,27,"30-34 "
1995206,7,523,42,0,523,0,7,0,"45-49 "
1995237,2,559,19,0,0,559,0,2,"35-39 "
1995244,13,12196,3,2,11917,279,12,1,"35-39 "
1995312,12,697,39,0,0,697,0,12,"30-34 "
1995398,6,1943,29,0,1943,0,6,0,"35-39 "
1995411,9,588,14,0,588,0,9,0,"30-34 "
1995503,10,1393,22,0,1393,0,10,0,"30-34 "
1995602,3,3319,18,0,0,3319,0,3,"40-44 "
1995640,24,7048,5,1,1369,5679,6,18,"30-34 "
1995732,6,510,15,4,510,0,6,0,"30-34 "
1995787,1,1690,39,0,0,1690,0,1,"40-44 "
1995800,13,1096,7,2,1096,0,13,0,"50-54 "
1995831,6,3794,19,0,0,3794,0,6,"40-44 "
1995855,1,36,17,0,36,0,1,0,"45-49 "
1995916,7,652,26,0,0,652,0,7,">65 "
1995923,12,5749,5,2,0,5749,0,12,"30-34 "
1996012,3,697,33,0,0,697,0,3,"25-29 "
1996036,10,874,4,2,0,874,0,10,"25-29 "
1996050,4,10756,19,0,0,10756,0,4,"40-44 "
1996173,66,7863,4,1,6424,1439,51,15,"40-44 "
1996388,33,5001,3,1,4386,615,29,4,"40-44 "
1996456,16,999,6,0,999,0,16,0,"45-49 "
1996463,15,1856,13,1,1856,0,15,0,"40-44 "
1996487,24,1417,11,1,859,558,10,14,"<25 "
1996500,2,96,8,13,96,0,2,0,"<25 "
1996548,3,532,10,0,532,0,3,0,"40-44 "
1996630,4,306,5,7,152,154,2,2,"60-64 "
1996685,2,157,24,0,157,0,2,0,"35-39 "
1996739,1,108,4,0,0,108,0,1,">65 "
1996807,1,76,9,0,76,0,1,0,"<25 "
1996869,4,214,35,2,214,0,4,0,">65 "
1996883,14,3037,17,0,3037,0,14,0,"40-44 "
1997040,4,246,32,0,0,246,0,4,"45-49 "
1997057,21,4920,5,2,219,4701,1,20,"30-34 "
1997088,8,13079,7,4,13079,0,8,0,"50-54 "
1997125,15,2617,17,1,2109,508,6,9,"60-64 "
1997255,9,1861,29,0,1861,0,9,0,"30-34 "
1997262,6,12123,28,2,12123,0,6,0,"40-44 "
1997392,28,2250,9,1,2051,199,25,3,"35-39 "
1997521,3,125,8,0,125,0,3,0,"35-39 "
1997736,19,1889,22,1,1889,0,19,0,"40-44 "
1997859,8,4549,16,0,4549,0,8,0,"30-34 "
1997873,25,1854,11,0,0,1854,0,25,"40-44 "
1997927,16,1348,12,0,0,1348,0,16,"35-39 "
1997965,17,958,17,1,958,0,17,0,"60-64 "
1998108,16,3505,22,0,3505,0,16,0,"35-39 "
1998115,4,349,21,0,349,0,4,0,"30-34 "
1998146,5,420,20,0,420,0,5,0,"35-39 "
1998160,39,12031,2,1,11416,615,35,4,"60-64 "
1998207,42,8995,10,1,8995,0,42,0,"35-39 "
1998214,15,2083,14,1,2083,0,15,0,"45-49 "
1998238,9,1276,27,2,1276,0,9,0,"50-54 "
1998269,5,230,13,0,230,0,5,0,"45-49 "
1998283,19,8695,21,0,8695,0,19,0,"35-39 "
1998368,4,1897,28,0,1897,0,4,0,"35-39 "
1998429,2,75,16,0,75,0,2,0,"45-49 "
1998467,1,60,35,0,60,0,1,0,"30-34 "
1998511,25,1670,10,1,1670,0,25,0,"45-49 "
1998542,7,213,17,2,213,0,7,0,"35-39 "
1998566,5,308,20,0,308,0,5,0,">65 "
1998658,4,280,10,0,280,0,4,0,">65 "
1998702,1,290,6,0,290,0,1,0,"<25 "
1998771,17,5656,2,1,5131,525,12,5,"<25 "
1998795,26,5239,5,1,3687,1552,18,8,"40-44 "
1998818,3,6124,6,0,6124,0,3,0,"30-34 "
1998917,5,2270,7,0,2270,0,5,0,"<25 "
1998931,37,6712,14,1,2224,4488,13,24,"35-39 "
1999167,26,1486,2,2,1262,224,22,4,"50-54 "
1999211,2,120,19,7,0,120,0,2,"<25 "
1999259,5,1026,35,1,336,690,4,1,"<25 "
1999488,11,951,38,0,951,0,11,0,"<25 "
1999532,5,553,11,0,0,553,0,5,"35-39 "
1999600,9,1354,41,0,1354,0,9,0,"<25 "
1999624,9,763,19,2,0,763,0,9,"60-64 "
1999716,17,1351,11,2,0,1351,0,17,"30-34 "
1999785,10,557,42,0,557,0,10,0,"25-29 "
1999976,4,751,38,0,751,0,4,0,"35-39 "
1999990,7,285,26,0,0,285,0,7,"30-34 "
2000329,27,14691,4,1,4105,10586,21,6,"60-64 "
2000442,15,971,3,2,93,878,2,13,"40-44 "
2000558,16,1378,7,2,1150,228,12,4,"25-29 "
2000619,10,937,17,0,937,0,10,0,"25-29 "
2000763,6,345,39,0,0,345,0,6,"40-44 "
2000879,3,241,19,0,0,241,0,3,"30-34 "
2000909,14,1210,21,0,1210,0,14,0,"30-34 "
2000916,3,595,5,0,0,595,0,3,"35-39 "
2000961,9,846,32,0,0,846,0,9,"30-34 "
2000992,1,189,4,0,0,189,0,1,"<25 "
2001074,31,4252,3,1,3466,786,20,11,"35-39 "
2001166,8,2544,36,0,2544,0,8,0,"25-29 "
2001234,27,36843,12,0,0,36843,0,27,"55-59 "
2001241,30,15818,5,1,0,15818,0,30,"40-44 "
2001371,10,1122,24,0,1122,0,10,0,"45-49 "
2001395,5,404,4,6,60,344,1,4,">65 "
2001487,6,884,8,0,884,0,6,0,"40-44 "
2001609,25,3895,39,0,0,3895,0,25,"50-54 "
2001623,8,1220,22,0,1220,0,8,0,"25-29 "
2001678,1,4968,18,0,0,4968,0,1,"25-29 "
2001876,2,235,8,0,235,0,2,0,"<25 "
2001906,6,1252,12,0,256,996,5,1,"35-39 "
2001968,21,6813,11,1,6497,316,20,1,"<25 "
2001975,9,1687,15,0,1687,0,9,0,"55-59 "
2001999,2,799,20,0,799,0,2,0,"40-44 "
2002002,5,233,35,0,233,0,5,0,"<25 "
2002033,10,5161,11,3,0,5161,0,10,"40-44 "
2002057,28,16611,2,1,15321,1290,12,16,"50-54 "
2002064,16,4609,35,0,4609,0,16,0,"25-29 "
2002095,3,153,39,0,0,153,0,3,"40-44 "
2002101,1,36,18,0,0,36,0,1,"<25 "
2002156,8,969,26,0,0,969,0,8,"30-34 "
2002194,5,145,9,0,145,0,5,0,"40-44 "
2002231,19,2423,18,0,0,2423,0,19,"35-39 "
2002248,18,2386,4,2,89,2297,1,17,"40-44 "
2002484,24,10757,26,0,0,10757,0,24,"40-44 "
2002491,44,8282,12,1,6365,1917,25,19,"35-39 "
2002637,2,144,3,0,144,0,2,0,"55-59 "
2002682,22,8220,10,0,8220,0,22,0,"40-44 "
2002774,14,2737,5,1,667,2070,6,8,"45-49 "
2003061,30,3200,4,0,0,3200,0,30,"30-34 "
2003092,5,245,33,0,0,245,0,5,"30-34 "
2003146,15,5428,29,1,3783,1645,8,7,"30-34 "
2003207,9,720,4,2,0,720,0,9,"35-39 "
2003306,3,3718,33,0,0,3718,0,3,"25-29 "
2003405,15,2154,6,2,2094,60,14,1,"30-34 "
2003467,11,1214,2,2,1214,0,11,0,"35-39 "
2003542,14,2313,19,2,0,2313,0,14,"30-34 "
2003559,1,32,27,0,32,0,1,0,"30-34 "
2003627,3,5408,19,0,0,5408,0,3,"40-44 "
2003726,4,476,23,0,476,0,4,0,"40-44 "
2003733,2,147,36,0,147,0,2,0,"45-49 "
2003825,35,10297,25,0,0,10297,0,35,"45-49 "
2003856,8,638,17,0,638,0,8,0,"30-34 "
2003887,33,2747,2,1,2379,368,30,3,"35-39 "
2004068,6,225,32,0,0,225,0,6,"25-29 "
2004112,17,1378,40,0,0,1378,0,17,"30-34 "
2004235,17,2710,7,1,2710,0,17,0,"30-34 "
2004259,3,1069,38,0,1069,0,3,0,"<25 "
2004273,35,4737,5,1,3522,1215,24,11,"<25 "
2004358,4,198,26,0,0,198,0,4,"30-34 "
2004372,1,10044,22,0,10044,0,1,0,">65 "
2004389,2,10113,18,0,0,10113,0,2,">65 "
2004402,10,3945,4,4,740,3205,6,4,"40-44 "
2004433,8,11706,6,0,11706,0,8,0,"30-34 "
2004495,6,822,29,0,822,0,6,0,"40-44 "
2004563,25,2291,2,2,2019,272,21,4,"40-44 "
2004792,9,1101,15,0,1101,0,9,0,"30-34 "
2004822,15,2937,7,2,2937,0,15,0,"25-29 "
2004891,20,3364,2,2,3364,0,20,0,"30-34 "
2004945,19,3076,2,1,3076,0,19,0,"60-64 "
2004983,5,233,39,0,0,233,0,5,"35-39 "
2005027,6,353,4,0,0,353,0,6,"40-44 "
2005058,8,638,4,0,0,638,0,8,"40-44 "
2005119,32,10636,18,0,0,10636,0,32,"25-29 "
2005362,2,256,32,0,0,256,0,2,"60-64 "
2005393,8,1411,6,4,1411,0,8,0,"60-64 "
2005409,29,2779,9,1,2719,60,28,1,"25-29 "
2005447,24,3410,14,1,1593,1817,8,16,"35-39 "
2005508,5,2099,11,0,0,2099,0,5,"40-44 "
2005515,32,3365,6,1,3365,0,32,0,"30-34 "
2005690,15,1360,12,2,525,835,11,4,"40-44 "
2005775,13,1473,20,1,1473,0,13,0,"30-34 "
2005805,1,143,15,0,143,0,1,0,"30-34 "
2005843,20,2140,21,1,2140,0,20,0,"30-34 "
2005959,61,4152,7,1,2650,1502,35,26,"25-29 "
2006000,14,1016,20,0,679,337,9,5,"45-49 "
2006031,28,2992,4,1,1912,1080,15,13,"50-54 "
2006055,1,94,23,0,94,0,1,0,"25-29 "
2006079,6,1329,38,0,1329,0,6,0,">65 "
2006185,2,551,11,15,356,195,1,1,"45-49 "
2006192,11,1263,10,1,430,833,3,8,"55-59 "
2006246,16,1795,29,1,1474,321,10,6,"25-29 "
2006260,5,967,9,0,967,0,5,0,"25-29 "
2006277,22,1470,19,1,639,831,8,14,"25-29 "
2006291,20,1358,3,2,1358,0,20,0,"45-49 "
2006338,11,830,29,0,830,0,11,0,"30-34 "
2006376,16,1974,4,2,0,1974,0,16,"55-59 "
2006390,23,3022,12,1,2406,616,17,6,"35-39 "
2006499,1,3420,10,0,3420,0,1,0,"50-54 "
2006543,5,448,15,5,329,119,3,2,"25-29 "
2006628,3,340,23,0,340,0,3,0,"<25 "
2006697,1,396,21,0,396,0,1,0,"<25 "
2006819,16,1112,21,0,1112,0,16,0,"25-29 "
2006826,6,2260,16,0,2260,0,6,0,"35-39 "
2006833,28,16618,9,0,16618,0,28,0,"25-29 "
2006840,9,1222,17,0,1222,0,9,0,"30-34 "
2006949,3,401,16,0,401,0,3,0,"35-39 "
2006963,8,365,19,0,0,365,0,8,"<25 "
2007007,29,9267,4,0,0,9267,0,29,"40-44 "
2007014,2,78,17,2,78,0,2,0,"35-39 "
2007021,4,4262,20,0,4262,0,4,0,"50-54 "
2007045,23,3239,16,1,3239,0,23,0,">65 "
2007052,28,7826,3,1,6926,900,20,8,"35-39 "
2007076,23,3531,19,0,2230,1301,12,11,"25-29 "
2007120,4,512,12,0,0,512,0,4,"50-54 "
2007168,21,3739,22,0,3739,0,21,0,"40-44 "
2007199,12,1340,11,2,0,1340,0,12,"<25 "
2007328,7,4411,5,2,0,4411,0,7,"35-39 "
2007403,21,2319,20,1,2319,0,21,0,"40-44 "
2007427,19,2612,39,0,0,2612,0,19,"40-44 "
2007489,35,4300,4,0,0,4300,0,35,"40-44 "
2007519,11,1783,2,2,1783,0,11,0,"35-39 "
2007526,20,3026,32,0,0,3026,0,20,"25-29 "
2007601,7,362,7,5,362,0,7,0,"40-44 "
2007700,3,688,30,0,688,0,3,0,"30-34 "
2007724,30,3135,2,1,2279,856,15,15,">65 "
2007748,22,5854,5,0,0,5854,0,22,"40-44 "
2007960,3,519,42,0,519,0,3,0,"25-29 "
2007991,13,1306,8,1,1185,121,11,2,"40-44 "
2008011,10,838,13,0,838,0,10,0,"40-44 "
2008028,17,1462,23,1,1462,0,17,0,"35-39 "
2008134,2,88,31,0,88,0,2,0,"50-54 "
2008172,2,1055,11,0,0,1055,0,2,"30-34 "
2008196,3,3776,39,0,0,3776,0,3,"35-39 "
2008301,14,3887,11,0,0,3887,0,14,"30-34 "
2008448,4,204,40,0,0,204,0,4,"45-49 "
2008585,19,2369,4,1,942,1427,8,11,"<25 "
2008615,14,7446,30,1,7446,0,14,0,"30-34 "
2008622,3,554,18,0,0,554,0,3,"<25 "
2008806,8,725,37,0,725,0,8,0,"<25 "
2008868,1,170,37,0,170,0,1,0,"25-29 "
2008936,4,521,15,1,99,422,2,2,"40-44 "
2008998,8,1213,18,0,0,1213,0,8,"40-44 "
2009001,1,60,33,0,0,60,0,1,">65 "
2009032,10,1135,3,0,1135,0,10,0,"30-34 "
2009179,36,11841,16,0,5482,6359,16,20,"25-29 "
2009186,19,7913,2,0,7913,0,19,0,"40-44 "
2009261,16,1831,37,0,825,1006,1,15,"25-29 "
2009339,24,1693,4,2,464,1229,7,17,"25-29 "
2009377,9,14825,23,0,14825,0,9,0,"30-34 "
2009575,1,460,17,0,460,0,1,0,">65 "
2009643,8,2809,29,1,1199,1610,4,4,"40-44 "
2009650,1,60,33,0,0,60,0,1,"40-44 "
2009698,1,944,20,0,944,0,1,0,"25-29 "
2009728,8,598,39,0,0,598,0,8,"40-44 "
2009735,29,4020,27,0,4020,0,29,0,"35-39 "
2009797,47,19658,5,1,0,19658,0,47,"40-44 "
2009834,2,464,16,0,464,0,2,0,"30-34 "
2010205,8,1257,12,1,0,1257,0,8,"40-44 "
2010229,8,735,6,0,735,0,8,0,"25-29 "
2010236,1,60,35,0,60,0,1,0,"25-29 "
2010328,44,5470,13,0,5470,0,44,0,"40-44 "
2010502,36,6977,3,1,5441,1536,28,8,"45-49 "
2010519,8,1872,2,0,1020,852,4,4,"<25 "
2010618,14,1600,4,1,1304,296,12,2,"45-49 "
2010625,8,596,27,0,596,0,8,0,"35-39 "
2010670,3,503,20,0,503,0,3,0,"25-29 "
2010694,9,568,19,0,0,568,0,9,"30-34 "
2010748,7,1259,16,0,1259,0,7,0,"30-34 "
2011004,2,432,11,0,0,432,0,2,"40-44 "
2011035,36,8088,21,0,8088,0,36,0,"50-54 "
2011066,13,1557,10,1,1557,0,13,0,"30-34 "
2011127,3,214,33,0,0,214,0,3,"25-29 "
2011134,27,8578,12,0,0,8578,0,27,"30-34 "
2011165,14,3316,8,0,3316,0,14,0,"35-39 "
2011349,1,36,2,0,36,0,1,0,"25-29 "
2011387,21,2900,14,1,525,2375,3,18,"30-34 "
2011417,4,891,2,6,169,722,1,3,"45-49 "
2011448,2,101,12,4,0,101,0,2,"35-39 "
2011493,66,23101,18,0,1077,22024,5,61,"25-29 "
2011509,3,2472,6,11,195,2277,1,2,"<25 "
2011554,34,32816,12,1,0,32816,0,34,"<25 "
2011646,4,218,42,0,218,0,4,0,"<25 "
2011790,1,60,33,0,0,60,0,1,"<25 "
2011844,2,135,14,0,135,0,2,0,"30-34 "
2011905,2,87,13,0,87,0,2,0,"50-54 "
2011929,7,1298,4,3,1139,159,3,4,"35-39 "
2011936,13,1337,20,0,1337,0,13,0,"45-49 "
2012018,13,4042,24,0,4042,0,13,0,"40-44 "
2012032,8,384,33,0,0,384,0,8,"30-34 "
2012131,23,1796,7,2,1668,128,21,2,"25-29 "
2012278,28,5525,19,0,0,5525,0,28,"40-44 "
2012339,6,349,11,4,0,349,0,6,"45-49 "
2012346,8,2364,10,0,2364,0,8,0,"50-54 "
2012407,20,1518,17,1,816,702,10,10,"25-29 "
2012445,10,1618,6,1,1618,0,10,0,"35-39 "
2012452,3,768,30,0,768,0,3,0,"35-39 "
2012476,22,2209,39,0,0,2209,0,22,"45-49 "
2012483,18,3175,39,0,0,3175,0,18,"45-49 "
2012506,24,1887,19,0,0,1887,0,24,"30-34 "
2012544,1,55,31,0,55,0,1,0,"30-34 "
2012582,8,780,6,0,780,0,8,0,"35-39 "
2012698,1,239,17,0,239,0,1,0,"30-34 "
2012766,39,16112,4,1,0,16112,0,39,"30-34 "
2012773,9,1485,32,0,0,1485,0,9,"30-34 "
2012797,21,1551,4,2,603,948,11,10,"40-44 "
2012810,15,2460,25,0,0,2460,0,15,"50-54 "
2012834,18,2022,36,0,2022,0,18,0,"50-54 "
2012896,12,1165,7,0,1165,0,12,0,"35-39 "
2012919,17,4705,7,1,4705,0,17,0,"25-29 "
2012988,4,303,32,0,0,303,0,4,"<25 "
2013114,1,324,38,0,324,0,1,0,"30-34 "
2013138,4,228,38,0,228,0,4,0,"40-44 "
2013145,14,1284,16,2,809,475,9,5,"40-44 "
2013213,7,1670,18,0,299,1371,5,2,"30-34 "
2013268,27,21932,34,0,2194,19738,15,12,"35-39 "
2013275,9,468,12,2,410,58,8,1,">65 "
2013282,3,627,6,0,627,0,3,0,">65 "
2013299,2,929,6,0,929,0,2,0,"60-64 "
2013329,11,466,18,0,0,466,0,11,"40-44 "
2013343,1,540,28,0,540,0,1,0,"40-44 "
2013565,51,10186,4,1,0,10186,0,51,"40-44 "
2013596,33,8078,6,1,6593,1485,23,10,"50-54 "
2013732,7,275,23,0,275,0,7,0,"30-34 "
2013817,1,3008,5,0,0,3008,0,1,"25-29 "
2013930,9,820,32,0,0,820,0,9,"35-39 "
2014081,2,96,2,16,36,60,1,1,"35-39 "
2014098,2,96,2,16,36,60,1,1,"60-64 "
2014135,7,582,18,0,0,582,0,7,"30-34 "
2014173,7,1390,9,4,1271,119,6,1,"35-39 "
2014265,5,777,5,0,0,777,0,5,"40-44 "
2014302,3,4516,26,0,0,4516,0,3,"35-39 "
2014357,1,396,10,0,396,0,1,0,">65 "
2014364,1,396,10,0,396,0,1,0,">65 "
2014388,1,396,10,0,396,0,1,0,">65 "
2014395,1,60,33,0,0,60,0,1,">65 "
2014418,1,60,34,0,60,0,1,0,">65 "
2014425,15,2867,18,0,0,2867,0,15,"25-29 "
2014432,8,636,3,2,636,0,8,0,"40-44 "
2014456,32,3012,12,1,0,3012,0,32,"25-29 "
2014524,41,3902,4,1,3640,262,36,5,"30-34 "
2014616,11,2046,18,0,0,2046,0,11,"25-29 "
2014654,10,3689,2,3,3402,287,7,3,"25-29 "
2014746,2,6741,20,0,6741,0,2,0,"50-54 "
2014784,2,167,7,0,167,0,2,0,"30-34 "
2014791,5,7235,6,3,1655,5580,4,1,"25-29 "
2014838,3,1822,7,0,1822,0,3,0,"40-44 "
2014845,44,38575,3,0,1064,37511,11,33,"40-44 "
2014883,10,1795,43,0,1795,0,10,0,"25-29 "
2014920,11,1401,8,0,1401,0,11,0,"40-44 "
2014975,22,5267,8,2,5267,0,22,0,"30-34 "
2015026,19,17139,6,2,17139,0,19,0,"30-34 "
2015040,8,1521,42,0,1521,0,8,0,"35-39 "
2015064,27,3756,3,0,3756,0,27,0,"45-49 "
2015071,9,1389,18,3,1237,152,8,1,"35-39 "
2015088,2,124,14,12,124,0,2,0,"40-44 "
2015187,12,17850,38,0,17850,0,12,0,"30-34 "
2015224,2,3283,31,0,3283,0,2,0,"45-49 "
2015231,4,1754,8,0,1754,0,4,0,"25-29 "
2015293,10,4077,17,2,4077,0,10,0,"25-29 "
2015323,17,1409,11,1,1081,328,10,7,"25-29 "
2015354,4,684,32,0,0,684,0,4,"25-29 "
2015408,4,145,17,0,145,0,4,0,"45-49 "
2015415,5,447,34,0,447,0,5,0,"30-34 "
2015422,1,324,38,0,324,0,1,0,">65 "
2015491,1,36,2,0,36,0,1,0,"40-44 "
2015507,17,1897,6,1,802,1095,10,7,"30-34 "
2015569,19,3602,5,1,2674,928,10,9,"50-54 "
2015606,10,1678,33,0,0,1678,0,10,"40-44 "
2015613,8,2912,11,2,1360,1552,6,2,"40-44 "
2015651,23,6274,4,1,378,5896,4,19,"30-34 "
2015682,19,13080,5,0,0,13080,0,19,"40-44 "
2015743,27,3077,17,1,1787,1290,20,7,"50-54 "
2015835,48,4546,4,1,3557,989,40,8,"30-34 "
2015842,7,14275,9,0,14275,0,7,0,"30-34 "
2015897,105,54818,5,0,53059,1759,80,25,"25-29 "
2016092,8,3206,12,2,2139,1067,2,6,"30-34 "
2016221,10,1867,26,0,0,1867,0,10,"<25 "
2016269,9,1188,12,0,0,1188,0,9,"35-39 "
2016306,10,1702,18,0,0,1702,0,10,"35-39 "
2016481,9,1017,30,1,1017,0,9,0,"<25 "
2016566,13,2241,11,0,0,2241,0,13,"35-39 "
2016603,9,3141,10,0,3141,0,9,0,"30-34 "
2016719,8,705,40,0,0,705,0,8,"35-39 "
2016726,5,9289,4,0,0,9289,0,5,"35-39 "
2016764,56,28489,4,1,0,28489,0,56,"45-49 "
2016795,2,293,33,0,0,293,0,2,"30-34 "
2016894,2,144,6,0,144,0,2,0,"30-34 "
2016900,17,2451,3,2,2451,0,17,0,"25-29 "
2016948,24,6515,2,1,4148,2367,11,13,"25-29 "
2017006,1,2496,17,0,2496,0,1,0,"35-39 "
2017105,21,1704,4,2,940,764,8,13,"<25 "
2017112,2,212,17,0,212,0,2,0,"40-44 "
2017181,21,1289,8,1,952,337,14,7,"30-34 "
2017235,6,1805,34,1,1805,0,6,0,"40-44 "
2017266,1,636,26,0,0,636,0,1,"40-44 "
2017303,1,752,23,0,752,0,1,0,"40-44 "
2017341,3,68,2,0,68,0,3,0,"25-29 "
2017372,2,5496,32,0,0,5496,0,2,"25-29 "
2017501,4,117,17,0,117,0,4,0,"25-29 "
2017631,13,2106,8,2,2106,0,13,0,"<25 "
2017679,3,6176,10,0,6176,0,3,0,"25-29 "
2017686,1,620,14,0,620,0,1,0,"35-39 "
2017785,1,619,25,0,0,619,0,1,"30-34 "
2017808,10,1897,20,2,1897,0,10,0,"60-64 "
2017839,10,3069,22,0,3069,0,10,0,"30-34 "
2017884,13,3897,28,1,3897,0,13,0,"25-29 "
2017907,20,3687,21,0,3687,0,20,0,"50-54 "
2017990,6,743,36,0,743,0,6,0,"40-44 "
2018041,10,1272,5,0,0,1272,0,10,"50-54 "
2018072,2,318,32,0,0,318,0,2,"25-29 "
2018140,29,3801,5,1,2152,1649,17,12,"50-54 "
2018362,5,388,19,4,0,388,0,5,"40-44 "
2018393,3,303,38,0,303,0,3,0,">65 "
2018423,15,658,11,2,205,453,5,10,"30-34 "
2018430,3,389,34,0,389,0,3,0,"30-34 "
2018447,12,3361,26,1,1033,2328,2,10,"35-39 "
2018539,54,6380,39,0,0,6380,0,54,"40-44 "
2018607,41,9018,3,1,7097,1921,25,16,"35-39 "
2018782,29,8134,15,1,7779,355,25,4,"25-29 "
2018799,17,4034,8,1,3264,770,6,11,"25-29 "
2018874,2,249,6,0,249,0,2,0,"<25 "
2018959,1,456,4,0,0,456,0,1,"45-49 "
2019161,1,312,10,0,312,0,1,0,"25-29 "
2019239,4,233,10,8,233,0,4,0,">65 "
2019260,1,944,41,0,944,0,1,0,"30-34 "
2019284,21,34197,2,2,34030,167,18,3,"35-39 "
2019291,3,5834,16,0,5834,0,3,0,"25-29 "
2019321,17,893,9,1,161,732,5,12,"<25 "
2019352,15,1020,8,1,1020,0,15,0,"30-34 "
2019406,5,1632,11,0,0,1632,0,5,"<25 "
2019505,12,919,21,1,919,0,12,0,"25-29 "
2019581,2,343,2,0,343,0,2,0,"40-44 "
2019598,9,34167,9,1,34167,0,9,0,"<25 "
2019604,127,16504,2,0,11627,4877,87,40,"25-29 "
2019659,4,628,4,7,0,628,0,4,"60-64 "
2019727,7,620,8,0,620,0,7,0,"35-39 "
2019758,9,896,3,4,896,0,9,0,"45-49 "
2019765,10,2182,8,0,2182,0,10,0,"30-34 "
2019840,13,3644,3,2,3644,0,13,0,"50-54 "
2019932,19,1817,16,1,1817,0,19,0,"35-39 "
2019963,45,2923,4,1,1317,1606,23,22,"30-34 "
2020006,49,6423,17,1,6423,0,49,0,"<25 "
2020013,4,713,12,0,0,713,0,4,"25-29 "
2020020,19,1255,19,1,878,377,11,8,"40-44 "
2020037,15,1578,9,2,1290,288,11,4,"60-64 "
2020150,10,888,14,3,888,0,10,0,"30-34 "
2020167,7,504,13,0,504,0,7,0,"45-49 "
2020211,6,222,10,0,222,0,6,0,"<25 "
2020228,4,573,35,0,573,0,4,0,"25-29 "
2020259,10,541,38,0,541,0,10,0,"25-29 "
2020266,23,1218,5,2,445,773,9,14,"<25 "
2020273,7,481,14,0,481,0,7,0,"35-39 "
2020372,24,10422,8,0,10422,0,24,0,"55-59 "
2020471,9,2212,41,0,2212,0,9,0,"30-34 "
2020631,3,1692,22,0,1692,0,3,0,"55-59 "
2020730,8,889,23,0,889,0,8,0,"<25 "
2020785,67,5746,27,0,3785,1961,40,27,"25-29 "
2020839,13,1760,11,2,38,1722,1,12,"40-44 "
2021096,10,1176,15,0,1176,0,10,0,">65 "
2021140,3,276,15,0,276,0,3,0,">65 "
2021188,3,612,16,0,612,0,3,0,"35-39 "
2021218,7,943,35,0,943,0,7,0,"<25 "
2021331,39,12064,14,1,7830,4234,31,8,"30-34 "
2021423,10,1029,14,0,1029,0,10,0,"45-49 "
2021485,7,3989,8,2,3989,0,7,0,"40-44 "
2021546,3,303,8,0,303,0,3,0,"40-44 "
2021553,35,7432,5,1,0,7432,0,35,"35-39 "
2021584,1,60,34,0,60,0,1,0,"40-44 "
2021591,8,2129,5,0,0,2129,0,8,"25-29 "
2021607,10,1645,11,1,0,1645,0,10,"25-29 "
2021645,4,311,4,0,0,311,0,4,"25-29 "
2021676,1,60,35,0,60,0,1,0,"35-39 "
2021768,2,99,26,0,0,99,0,2,"45-49 "
2021775,4,1278,26,1,1016,262,3,1,"45-49 "
2021911,13,2290,6,3,2290,0,13,0,"30-34 "
2022017,2,547,36,0,547,0,2,0,"30-34 "
2022031,24,14498,19,0,0,14498,0,24,"40-44 "
2022130,1,60,32,0,0,60,0,1,"40-44 "
2022147,21,933,17,0,933,0,21,0,"30-34 "
2022345,8,2032,4,0,0,2032,0,8,"40-44 "
2022529,69,7420,1,1,7420,0,69,0,"30-34 "
2022628,8,3006,16,2,3006,0,8,0,"45-49 "
2022802,15,1978,19,0,0,1978,0,15,"25-29 "
2022819,3,409,42,0,409,0,3,0,"40-44 "
2022901,10,751,11,0,0,751,0,10,"30-34 "
2022987,3,191,30,0,191,0,3,0,"25-29 "
2023052,8,521,39,0,0,521,0,8,"30-34 "
2023106,7,739,32,0,0,739,0,7,"30-34 "
2023175,4,753,3,0,753,0,4,0,">65 "
2023199,4,3208,32,0,0,3208,0,4,"40-44 "
2023267,11,2097,11,0,0,2097,0,11,"35-39 "
2023373,2,212,33,0,0,212,0,2,"55-59 "
2023595,38,6800,18,0,4835,1965,23,15,"40-44 "
2023649,15,2336,31,1,425,1911,2,13,"<25 "
2023670,22,9631,7,1,9631,0,22,0,"35-39 "
2023700,12,10243,5,1,0,10243,0,12,"35-39 "
2023717,40,7083,2,1,4892,2191,31,9,"30-34 "
2023793,56,8669,3,1,4374,4295,35,21,">65 "
2023854,13,3241,19,0,2213,1028,6,7,"30-34 "
2023915,8,1052,26,0,0,1052,0,8,"25-29 "
2023939,174,29125,1,0,17745,11380,125,49,"<25 "
2024011,14,2191,22,0,2191,0,14,0,"40-44 "
2024059,8,1263,13,0,1263,0,8,0,"55-59 "
2024080,24,2873,3,1,2873,0,24,0,"30-34 "
2024141,21,1603,10,1,1603,0,21,0,"45-49 "
2024172,72,7342,2,0,5378,1964,50,22,"30-34 "
2024219,6,2608,27,0,2608,0,6,0,"40-44 "
2024417,2,537,15,0,537,0,2,0,"60-64 "
2024431,15,2870,4,0,0,2870,0,15,"40-44 "
2024462,6,518,8,6,518,0,6,0,">65 "
2024561,4,329,16,0,329,0,4,0,"40-44 "
2024646,4,613,14,0,613,0,4,0,"35-39 "
2024714,3,251,36,0,251,0,3,0,"35-39 "
2024783,17,11778,10,2,11778,0,17,0,"30-34 "
2024950,17,2599,6,1,2599,0,17,0,"40-44 "
2024974,19,2960,5,2,0,2960,0,19,"35-39 "
2025049,9,727,11,2,0,727,0,9,"25-29 "
2025056,29,2902,2,0,2902,0,29,0,"25-29 "
2025070,7,856,35,0,856,0,7,0,">65 "
2025087,34,5645,2,1,4701,944,26,8,"30-34 "
2025148,7,745,30,0,745,0,7,0,"40-44 "
2025155,17,2841,15,0,2841,0,17,0,"30-34 "
2025193,8,1170,35,1,1170,0,8,0,"25-29 "
2025520,1,36,7,0,36,0,1,0,"<25 "
2025605,1,169,2,0,169,0,1,0,"45-49 "
2025759,1,60,34,0,60,0,1,0,"30-34 "
2025780,26,2938,39,0,0,2938,0,26,"35-39 "
2025810,9,1256,8,4,846,410,5,4,"45-49 "
2025902,27,2144,18,0,0,2144,0,27,"25-29 "
2026053,13,1116,30,1,1116,0,13,0,"25-29 "
2026084,14,1472,22,0,1472,0,14,0,"50-54 "
2026121,13,928,42,0,928,0,13,0,"25-29 "
2026190,10,915,31,0,915,0,10,0,"30-34 "
2026251,12,945,4,2,0,945,0,12,"25-29 "
2026350,17,1913,21,1,1913,0,17,0,"45-49 "
2026381,1,60,32,0,0,60,0,1,">65 "
2026404,11,640,39,0,0,640,0,11,"55-59 "
2026435,5,706,18,0,0,706,0,5,"<25 "
2026480,14,4261,10,0,4261,0,14,0,"35-39 "
2026541,10,1329,16,2,1329,0,10,0,"50-54 "
2026671,8,1804,22,0,1804,0,8,0,">65 "
2026732,1,36,18,0,0,36,0,1,"30-34 "
2026831,19,3827,41,0,3827,0,19,0,"35-39 "
2026855,2,74,25,0,0,74,0,2,"<25 "
2026879,34,4620,26,0,0,4620,0,34,"40-44 "
2027050,22,5493,24,1,5493,0,22,0,"35-39 "
2027166,68,34770,6,0,34770,0,68,0,"50-54 "
2027234,33,6501,2,1,4596,1905,24,9,"45-49 "
2027418,24,3363,26,0,0,3363,0,24,"35-39 "
2027425,11,2921,7,1,2921,0,11,0,"40-44 "
2027463,4,474,12,0,0,474,0,4,"45-49 "
2027555,1,516,39,0,0,516,0,1,"40-44 "
2027562,12,3654,4,2,147,3507,2,10,"45-49 "
2027609,4,1190,40,0,0,1190,0,4,"35-39 "
2027616,1,279,41,0,279,0,1,0,"40-44 "
2027647,11,732,2,0,732,0,11,0,"45-49 "
2027661,17,509,20,1,283,226,8,9,"35-39 "
2027944,10,455,15,0,455,0,10,0,"35-39 "
2028095,8,1282,42,0,1282,0,8,0,"25-29 "
2028248,16,1884,35,0,1884,0,16,0,"45-49 "
2028309,1,396,21,0,396,0,1,0,">65 "
2028316,7,643,11,0,0,643,0,7,"30-34 "
2028378,10,1033,39,0,0,1033,0,10,"30-34 "
2028422,7,598,19,0,0,598,0,7,"40-44 "
2028446,10,613,24,0,613,0,10,0,"40-44 "
2028460,21,5225,26,0,0,5225,0,21,"25-29 "
2028477,19,9799,2,0,9799,0,19,0,">65 "
2028507,4,865,20,0,865,0,4,0,"45-49 "
2028545,22,1458,5,0,1109,349,19,3,"45-49 "
2028552,12,1605,22,1,90,1515,1,11,"45-49 "
2028569,5,4409,14,5,409,4000,3,2,"<25 "
2028590,1,36,17,0,36,0,1,0,">65 "
2028613,19,4377,5,0,0,4377,0,19,"35-39 "
2028842,21,10920,6,2,10920,0,21,0,"<25 "
2028910,7,430,19,0,0,430,0,7,"35-39 "
2028927,2,3384,15,13,3384,0,2,0,"25-29 "
2029009,10,6455,14,0,6455,0,10,0,"25-29 "
2029122,13,1212,37,0,1212,0,13,0,"45-49 "
2029214,9,1376,3,4,1376,0,9,0,"25-29 "
2029238,20,3313,6,2,1587,1726,9,11,"<25 "
2029252,3,277,30,0,277,0,3,0,"45-49 "
2029276,7,17516,16,4,17516,0,7,0,"45-49 "
2029498,7,1382,5,0,0,1382,0,7,"40-44 "
2029566,26,3728,16,1,3644,84,25,1,"30-34 "
2029672,11,13442,25,0,0,13442,0,11,"30-34 "
2029702,1,78,24,0,78,0,1,0,"40-44 "
2029726,14,937,8,1,635,302,8,6,"40-44 "
2029979,12,4054,3,1,3180,874,2,10,"25-29 "
2029986,23,2438,25,0,0,2438,0,23,"30-34 "
2030081,3,83,34,2,45,38,2,1,"30-34 "
2030104,22,4929,18,0,0,4929,0,22,"35-39 "
2030128,7,1395,16,0,1395,0,7,0,"40-44 "
2030203,31,2940,25,0,0,2940,0,31,"40-44 "
2030227,1,152,22,0,152,0,1,0,"35-39 "
2030234,9,3805,33,0,0,3805,0,9,"45-49 "
2030258,18,3253,2,2,3253,0,18,0,"40-44 "
2030289,16,2102,10,0,2102,0,16,0,"45-49 "
2030296,9,1953,16,0,1953,0,9,0,"45-49 "
2030326,1,378,11,0,0,378,0,1,"35-39 "
2030333,3,486,21,3,486,0,3,0,">65 "
2030371,2,78,19,0,0,78,0,2,"45-49 "
2030395,32,3791,4,1,0,3791,0,32,"30-34 "
2030401,23,2168,18,1,0,2168,0,23,"30-34 "
2030432,41,2819,10,0,2819,0,41,0,"45-49 "
2030456,16,6529,11,2,1580,4949,1,15,"35-39 "
2030562,13,2356,38,0,2356,0,13,0,"25-29 "
2030616,19,4062,19,1,1604,2458,5,14,"40-44 "
2030654,9,2478,6,4,2478,0,9,0,"<25 "
2030678,14,4926,38,0,4926,0,14,0,"40-44 "
2030715,13,7773,5,0,0,7773,0,13,"30-34 "
2030760,7,824,17,0,824,0,7,0,"45-49 "
2030791,2,104,25,0,0,104,0,2,"50-54 "
2030876,15,2753,5,0,0,2753,0,15,"35-39 "
2030920,21,2262,11,0,0,2262,0,21,"35-39 "
2030968,45,7542,1,1,4575,2967,28,17,"35-39 "
2030975,2,44,2,0,44,0,2,0,"40-44 "
2030982,2,432,5,0,0,432,0,2,"40-44 "
2031019,8,2131,25,0,0,2131,0,8,"40-44 "
2031118,4,473,17,0,473,0,4,0,"<25 "
2031125,2,89,2,0,89,0,2,0,"30-34 "
2031149,1,60,32,0,0,60,0,1,"25-29 "
2031231,9,10197,3,0,10197,0,9,0,"35-39 "
2031279,10,6854,18,0,0,6854,0,10,"25-29 "
2031408,44,5170,2,1,4923,247,39,5,"30-34 "
2031453,6,264,24,0,264,0,6,0,"35-39 "
2031460,21,1224,15,1,1224,0,21,0,"30-34 "
2031484,4,540,5,0,0,540,0,4,"25-29 "
2031668,17,1531,18,0,0,1531,0,17,"30-34 "
2031699,38,8755,10,1,8755,0,38,0,"35-39 "
2031750,3,1884,21,0,1884,0,3,0,"35-39 "
2031774,9,861,27,1,861,0,9,0,"<25 "
2031804,17,1917,5,1,0,1917,0,17,"30-34 "
2031828,8,842,19,0,0,842,0,8,"25-29 "
2031842,1,36,15,0,36,0,1,0,"30-34 "
2031866,59,7908,9,1,3935,3973,29,30,"30-34 "
2031934,9,843,26,0,0,843,0,9,"35-39 "
2031958,26,2468,7,1,2468,0,26,0,"35-39 "
2032023,11,5625,32,0,0,5625,0,11,"35-39 "
2032085,39,17864,5,1,0,17864,0,39,"35-39 "
2032153,7,2470,16,3,87,2383,2,5,"35-39 "
2032177,6,5313,20,1,5313,0,6,0,"30-34 "
2032184,7,2769,21,2,1877,892,4,3,"35-39 "
2032207,104,44789,2,0,31979,12810,72,32,"35-39 "
2032269,8,1279,8,0,1279,0,8,0,"25-29 "
2032283,21,2686,19,0,1384,1302,12,9,"45-49 "
2032320,10,1078,1,4,361,717,4,6,"35-39 "
2032474,3,207,4,0,0,207,0,3,"<25 "
2032498,5,1064,4,0,0,1064,0,5,"<25 "
2032504,33,5942,6,1,5942,0,33,0,"35-39 "
2032542,27,1883,9,0,1883,0,27,0,"55-59 "
2032573,4,905,19,0,0,905,0,4,"35-39 "
2032665,2,130,40,0,0,130,0,2,">65 "
2032733,25,2410,34,0,2410,0,25,0,"35-39 "
2032764,3,225,39,0,0,225,0,3,"40-44 "
2032818,6,876,19,0,0,876,0,6,"<25 "
2032849,25,6254,19,1,0,6254,0,25,"50-54 "
2032948,5,241,32,0,0,241,0,5,"40-44 "
2032955,19,3106,33,0,1500,1606,6,13,"30-34 "
2033037,30,6008,18,0,1177,4831,5,25,"40-44 "
2033082,12,1156,12,2,218,938,2,10,"<25 "
2033204,2,424,42,0,424,0,2,0,"40-44 "
2033365,10,1126,18,0,0,1126,0,10,"30-34 "
2033488,2,7848,7,18,7848,0,2,0,"<25 "
2033518,18,1241,19,1,458,783,8,10,"<25 "
2033600,2,55,21,0,55,0,2,0,"55-59 "
2033624,4,2661,15,0,2661,0,4,0,"45-49 "
2033631,6,2480,18,0,0,2480,0,6,"30-34 "
2033693,11,2171,13,1,2171,0,11,0,"30-34 "
2033778,46,10030,5,1,0,10030,0,46,"25-29 "
2033792,8,3310,39,0,0,3310,0,8,"55-59 "
2033808,6,1020,15,4,859,161,4,2,"30-34 "
2033839,34,11640,4,1,10654,986,26,8,"45-49 "
2033860,13,4428,7,3,2302,2126,8,5,"35-39 "
2033891,12,2557,4,1,0,2557,0,12,"30-34 "
2033990,13,864,23,1,665,199,10,3,"55-59 "
2034034,3,358,29,4,358,0,3,0,"30-34 "
2034041,5,539,25,3,402,137,3,2,"30-34 "
2034058,7,3019,14,0,3019,0,7,0,"60-64 "
2034072,13,1408,6,2,1408,0,13,0,"40-44 "
2034126,68,13942,9,0,12803,1139,62,6,"40-44 "
2034393,13,1314,5,1,376,938,4,9,"55-59 "
2034485,15,4766,9,2,4766,0,15,0,"40-44 "
2034515,11,6839,5,3,4267,2572,2,9,"25-29 "
2034577,3,2330,12,1,944,1386,1,2,"30-34 "
2034607,21,4380,4,1,323,4057,3,18,"30-34 "
2034638,7,1259,38,1,1259,0,7,0,"<25 "
2034690,17,2511,34,0,2511,0,17,0,"45-49 "
2034713,13,6671,29,0,6671,0,13,0,"35-39 "
2034782,14,1351,10,1,1351,0,14,0,"25-29 "
2034799,6,5130,15,0,5130,0,6,0,"45-49 "
2034829,9,1655,39,0,0,1655,0,9,"45-49 "
2034911,26,1194,14,0,1194,0,26,0,"40-44 "
2034997,23,2818,5,0,0,2818,0,23,"35-39 "
2035024,10,1955,12,2,1033,922,6,4,"25-29 "
2035161,13,3481,11,1,0,3481,0,13,"45-49 "
2035185,2,1680,21,0,1680,0,2,0,"35-39 "
2035192,3,228,8,0,228,0,3,0,"<25 "
2035260,47,26532,3,0,26349,183,44,3,"50-54 "
2035277,28,3773,28,0,3773,0,28,0,"35-39 "
2035291,1,36,14,0,36,0,1,0,"35-39 "
2035345,25,3378,25,0,0,3378,0,25,"40-44 "
2035406,5,812,32,0,0,812,0,5,"25-29 "
2035437,11,1334,39,0,0,1334,0,11,"50-54 "
2035550,13,3100,4,0,0,3100,0,13,"35-39 "
2035567,12,1457,40,0,0,1457,0,12,"30-34 "
2035598,3,237,23,0,237,0,3,0,"40-44 "
2035727,8,1078,33,0,0,1078,0,8,"35-39 "
2035789,25,4118,18,0,0,4118,0,25,"30-34 "
2035864,3,444,15,0,444,0,3,0,"45-49 "
2035895,4,643,26,0,0,643,0,4,"55-59 "
2035918,1,1584,28,0,1584,0,1,0,"<25 "
2035970,2,432,18,0,0,432,0,2,"60-64 "
2035994,1,720,38,0,720,0,1,0,"35-39 "
2036014,21,3420,18,1,1702,1718,16,5,"45-49 "
2036038,47,13806,4,0,0,13806,0,47,"30-34 "
2036069,29,4383,6,1,3867,516,26,3,"40-44 "
2036151,18,3828,15,0,3828,0,18,0,"<25 "
2036175,17,1607,33,0,1147,460,14,3,"40-44 "
2036281,2,687,20,0,687,0,2,0,"40-44 "
2036328,3,796,32,0,0,796,0,3,"40-44 "
2036359,6,355,32,0,0,355,0,6,"35-39 "
2036366,2,148,21,0,148,0,2,0,"<25 "
2036434,24,3235,11,1,0,3235,0,24,"30-34 "
2036489,41,3389,8,1,3010,379,31,10,"25-29 "
2036588,42,4646,25,0,0,4646,0,42,"45-49 "
2036618,8,423,11,3,0,423,0,8,"35-39 "
2036762,20,6391,19,0,0,6391,0,20,"45-49 "
2036816,3,192,16,6,192,0,3,0,"<25 "
2036922,12,3528,34,0,60,3468,1,11,"25-29 "
2036946,9,2311,27,2,2311,0,9,0,"50-54 "
2036984,13,1789,18,0,0,1789,0,13,"30-34 "
2037011,7,2878,11,0,0,2878,0,7,"30-34 "
2037073,4,1166,35,0,1166,0,4,0,"30-34 "
2037103,5,1850,19,0,0,1850,0,5,"25-29 "
2037134,3,153,18,0,0,153,0,3,"<25 "
2037240,2,101,2,0,101,0,2,0,"<25 "
2037325,8,1565,25,0,0,1565,0,8,"35-39 "
2037356,5,6676,18,0,0,6676,0,5,"30-34 "
2037387,1,10044,20,0,10044,0,1,0,"35-39 "
2037431,10,2775,32,0,0,2775,0,10,"30-34 "
2037455,1,2844,6,0,2844,0,1,0,"35-39 "
2037462,18,24041,12,0,9760,14281,6,12,"30-34 "
2037561,7,561,5,0,0,561,0,7,"25-29 "
2037585,8,1281,14,2,294,987,1,7,"25-29 "
2037592,6,1826,37,0,1826,0,6,0,"<25 "
2037660,12,1608,34,0,1608,0,12,0,"35-39 "
2037714,10,3877,21,1,3877,0,10,0,"30-34 "
2037738,1,60,34,0,60,0,1,0,"35-39 "
2037769,2,415,4,0,0,415,0,2,"30-34 "
2037820,17,1680,21,1,969,711,8,9,"25-29 "
2037868,7,749,18,0,0,749,0,7,"45-49 "
2037974,6,3190,8,0,3190,0,6,0,">65 "
2037998,8,43561,16,0,43561,0,8,0,">65 "
2038025,28,24407,21,0,24407,0,28,0,"30-34 "
2038056,14,1461,11,0,0,1461,0,14,"40-44 "
2038117,1,324,38,0,324,0,1,0,"35-39 "
2038124,1,324,38,0,324,0,1,0,"30-34 "
2038186,1,324,38,0,324,0,1,0,"<25 "
2038230,18,1974,22,0,1974,0,18,0,"25-29 "
2038247,29,3766,18,0,0,3766,0,29,"60-64 "
2038261,13,3566,18,1,0,3566,0,13,"30-34 "
2038278,3,1483,3,0,1483,0,3,0,"45-49 "
2038315,7,910,10,3,910,0,7,0,"35-39 "
2038353,31,4598,3,1,4452,146,27,4,">65 "
2038438,9,495,25,0,0,495,0,9,"<25 "
2038445,15,12967,28,1,4667,8300,10,5,"30-34 "
2038520,3,4305,7,6,961,3344,2,1,"30-34 "
2038605,5,832,2,0,832,0,5,0,"25-29 "
2038650,31,6278,8,1,6278,0,31,0,"40-44 "
2038681,3,253,36,0,253,0,3,0,"30-34 "
2038797,105,31258,6,0,29605,1653,94,11,"35-39 "
2038810,7,501,7,0,501,0,7,0,"40-44 "
2038889,27,3418,27,0,3418,0,27,0,"25-29 "
2038940,2,78,39,0,0,78,0,2,"<25 "
2038971,16,1221,12,1,0,1221,0,16,"50-54 "
2038988,4,1197,37,0,1197,0,4,0,"35-39 "
2039046,6,630,26,0,0,630,0,6,"30-34 "
2039060,3,122,26,0,0,122,0,3,"45-49 "
2039077,8,4061,32,0,195,3866,3,5,"30-34 "
2039138,1,26,5,0,0,26,0,1,"<25 "
2039190,3,952,32,0,0,952,0,3,"45-49 "
2039213,6,482,25,0,0,482,0,6,"45-49 "
2039220,7,4063,35,1,60,4003,1,6,"<25 "
2039275,2,696,7,0,696,0,2,0,"40-44 "
2039398,1,44,33,0,0,44,0,1,"25-29 "
2039428,7,643,19,0,0,643,0,7,"25-29 "
2039466,6,2784,16,4,2784,0,6,0,"35-39 "
2039619,4,4147,19,0,0,4147,0,4,"25-29 "
2039633,6,2545,2,4,2545,0,6,0,"25-29 "
2039640,1,60,33,0,0,60,0,1,"<25 "
2039763,25,13202,7,1,9275,3927,21,4,"35-39 "
2039800,1,36,18,0,0,36,0,1,"30-34 "
2039831,8,7169,13,2,7169,0,8,0,"30-34 "
2039985,3,146,17,0,146,0,3,0,"25-29 "
2040059,9,674,22,0,674,0,9,0,"25-29 "
2040097,17,2400,11,0,0,2400,0,17,"25-29 "
2040103,1,138,4,0,0,138,0,1,"45-49 "
2040141,11,1237,23,1,1237,0,11,0,"30-34 "
2040189,11,1327,13,2,1327,0,11,0,"30-34 "
2040240,6,1774,19,1,0,1774,0,6,"45-49 "
2040424,10,437,10,0,437,0,10,0,"30-34 "
2040462,8,581,31,0,581,0,8,0,"25-29 "
2040561,6,508,11,4,0,508,0,6,"<25 "
2040646,11,522,42,0,522,0,11,0,"30-34 "
2040653,5,617,41,0,617,0,5,0,"30-34 "
2040677,44,5003,15,1,5003,0,44,0,"40-44 "
2040691,4,614,38,0,614,0,4,0,"30-34 "
2040707,1,516,39,0,0,516,0,1,"30-34 "
2040752,34,4750,12,1,2315,2435,11,23,"30-34 "
2040783,12,1252,34,0,1252,0,12,0,"50-54 "
2040820,2,432,19,0,0,432,0,2,"55-59 "
2040837,16,1187,2,0,306,881,5,11,"40-44 "
2040868,3,75,39,0,0,75,0,3,"35-39 "
2040905,14,4904,20,0,4904,0,14,0,"35-39 "
2041032,17,1004,24,1,1004,0,17,0,"30-34 "
2041056,3,1142,42,0,1142,0,3,0,">65 "
2041063,62,4285,5,1,3850,435,52,10,"35-39 "
2041124,8,416,17,0,416,0,8,0,"25-29 "
2041155,21,2743,16,1,2743,0,21,0,"35-39 "
2041193,15,12847,5,0,0,12847,0,15,"25-29 "
2041285,31,8668,2,1,8668,0,31,0,"50-54 "
2041360,2,518,27,6,119,399,1,1,"25-29 "
2041384,1,396,21,0,396,0,1,0,"40-44 "
2041407,3,347,26,0,0,347,0,3,"30-34 "
2041421,3,607,32,0,0,607,0,3,"30-34 "
2041513,22,2993,7,1,2993,0,22,0,"30-34 "
2041537,16,1608,6,0,1608,0,16,0,"40-44 "
2041605,2,5248,24,0,5248,0,2,0,"30-34 "
2041629,1,139,17,0,139,0,1,0,"<25 "
2041803,4,322,18,0,0,322,0,4,"<25 "
2042145,48,3696,5,1,2815,881,33,15,"40-44 "
2042206,6,584,31,0,584,0,6,0,"50-54 "
2042237,15,5622,19,1,0,5622,0,15,"35-39 "
2042244,8,1006,19,2,0,1006,0,8,"45-49 "
2042282,15,1920,16,2,796,1124,5,10,"35-39 "
2042343,4,2113,22,0,2113,0,4,0,"30-34 "
2042374,1,260,4,0,0,260,0,1,"25-29 "
2042428,7,639,27,0,639,0,7,0,"30-34 "
2042480,15,823,13,1,48,775,1,14,"25-29 "
2042565,19,3363,23,1,3363,0,19,0,"25-29 "
2042589,4,784,14,0,784,0,4,0,">65 "
2042596,7,387,14,3,132,255,3,4,"45-49 "
2042657,24,2495,1,0,2495,0,24,0,"45-49 "
2042671,34,3332,4,0,0,3332,0,34,"35-39 "
2042862,2,108,24,3,108,0,2,0,"30-34 "
2042886,5,2125,2,0,2125,0,5,0,"40-44 "
2042978,42,4435,5,0,1419,3016,14,28,"40-44 "
2043043,9,1205,11,0,0,1205,0,9,"35-39 "
2043098,31,4177,25,0,1712,2465,16,15,"25-29 "
2043234,6,2219,31,0,2219,0,6,0,"35-39 "
2043258,17,2597,22,0,2597,0,17,0,"55-59 "
2043319,6,518,2,2,518,0,6,0,"40-44 "
2043326,10,2383,30,0,2383,0,10,0,"25-29 "
2043364,83,28908,2,0,7925,20983,47,36,"40-44 "
2043401,4,350,3,0,350,0,4,0,"25-29 "
2043432,15,1061,4,2,446,615,7,8,"<25 "
2043524,11,888,19,0,0,888,0,11,"30-34 "
2043531,8,6148,39,0,0,6148,0,8,"35-39 "
2043562,8,419,25,0,0,419,0,8,"30-34 "
2043609,19,18363,18,0,1040,17323,8,11,"30-34 "
2043661,11,1458,22,1,1458,0,11,0,"25-29 "
2043715,22,4811,18,0,1456,3355,5,17,"35-39 "
2043753,15,4893,3,3,4893,0,15,0,"25-29 "
2043913,15,1616,16,2,1616,0,15,0,"25-29 "
2043982,7,1248,32,0,0,1248,0,7,"45-49 "
2043999,11,1794,4,3,0,1794,0,11,"50-54 "
2044026,6,356,15,0,356,0,6,0,"40-44 "
2044200,20,1131,10,2,848,283,15,5,"35-39 "
2044286,21,2176,3,1,562,1614,5,16,"35-39 "
2044323,8,1921,15,0,1921,0,8,0,"35-39 "
2044446,8,441,18,0,0,441,0,8,"45-49 "
2044477,10,13350,17,2,13350,0,10,0,"40-44 "
2044521,15,2045,18,0,0,2045,0,15,"30-34 "
2044606,18,1660,16,1,940,720,8,10,"45-49 "
2044729,4,812,23,0,812,0,4,0,"30-34 "
2044736,12,6538,2,3,6380,158,10,2,"<25 "
2044767,1,36,11,0,0,36,0,1,"30-34 "
2044842,8,302,40,0,0,302,0,8,"35-39 "
2044866,17,11302,4,2,4096,7206,14,3,"40-44 "
2044927,8,2287,15,1,2287,0,8,0,"40-44 "
2045054,6,1041,27,0,1041,0,6,0,">65 "
2045122,5,777,28,0,777,0,5,0,"40-44 "
2045160,3,2334,18,0,0,2334,0,3,"<25 "
2045221,13,918,8,0,918,0,13,0,"25-29 "
2045283,8,363,8,3,363,0,8,0,"<25 "
2045337,2,125,21,0,125,0,2,0,">65 "
2045504,9,539,25,1,0,539,0,9,"<25 "
2045535,15,1551,4,2,0,1551,0,15,"35-39 "
2045559,14,3464,10,1,188,3276,5,9,"55-59 "
2045566,6,1335,6,4,1335,0,6,0,"<25 "
2045627,9,414,14,0,414,0,9,0,"50-54 "
2045672,2,497,9,0,497,0,2,0,"30-34 "
2045689,15,1571,11,2,1024,547,10,5,"30-34 "
2045719,6,263,3,3,263,0,6,0,"25-29 "
2045764,13,618,25,0,0,618,0,13,"40-44 "
2045832,17,2779,12,1,1240,1539,6,11,"35-39 "
2045849,19,1733,12,1,327,1406,4,15,"30-34 "
2045894,15,1394,11,0,0,1394,0,15,"35-39 "
2045917,19,965,18,1,430,535,6,13,"30-34 "
2045931,11,1509,11,0,0,1509,0,11,"40-44 "
2046044,22,1816,4,2,786,1030,6,16,"35-39 "
2046075,3,185,25,0,0,185,0,3,"<25 "
2046204,7,1811,4,0,0,1811,0,7,"30-34 "
2046211,1,702,5,0,0,702,0,1,"40-44 "
2046419,12,409,33,0,0,409,0,12,"45-49 "
2046501,4,173,39,0,0,173,0,4,"25-29 "
2046525,36,3327,12,1,2273,1054,19,17,"<25 "
2046563,1,516,40,0,0,516,0,1,"25-29 "
2046570,5,212,37,0,212,0,5,0,"40-44 "
2046594,16,10443,10,0,10443,0,16,0,"30-34 "
2046648,12,880,24,0,880,0,12,0,"30-34 "
2046662,15,2725,29,0,2725,0,15,0,"30-34 "
2046686,7,780,39,0,0,780,0,7,"40-44 "
2046761,18,4635,20,1,4635,0,18,0,"45-49 "
2046808,10,484,16,2,385,99,7,3,">65 "
2046846,2,87,17,0,87,0,2,0,"35-39 "
2046907,24,5770,12,1,1885,3885,9,15,"35-39 "
2047089,10,11106,19,0,0,11106,0,10,"25-29 "
2047102,4,328,12,4,194,134,2,2,"25-29 "
2047140,2,128,7,0,128,0,2,0,"<25 "
2047188,19,1945,11,0,0,1945,0,19,"<25 "
2047324,12,5234,30,0,5234,0,12,0,"60-64 "
2047355,8,367,40,0,0,367,0,8,"25-29 "
2047409,8,305,4,0,0,305,0,8,"30-34 "
2047539,55,16720,4,0,0,16720,0,55,"40-44 "
2047607,12,1726,28,0,1726,0,12,0,"<25 "
2047768,9,786,30,0,786,0,9,0,"35-39 "
2047829,11,742,14,1,540,202,6,5,"30-34 "
2047867,1,990,15,0,990,0,1,0,"<25 "
2047935,31,5704,12,1,2903,2801,6,25,"<25 "
2047942,16,1796,23,0,1796,0,16,0,"30-34 "
2047959,17,1295,10,1,438,857,9,8,"40-44 "
2048079,33,11187,11,1,0,11187,0,33,"30-34 "
2048086,9,1943,4,0,0,1943,0,9,"<25 "
2048130,3,1447,35,2,1447,0,3,0,"30-34 "
2048147,10,1703,14,0,1703,0,10,0,"30-34 "
2048246,1,94,34,0,94,0,1,0,">65 "
2048277,6,709,25,0,0,709,0,6,"25-29 "
2048284,13,1086,39,0,0,1086,0,13,"25-29 "
2048369,1,1881,26,0,0,1881,0,1,"35-39 "
2048413,1,396,21,0,396,0,1,0,"45-49 "
2048420,31,4745,34,0,4745,0,31,0,"45-49 "
2048543,10,1051,19,0,83,968,2,8,"30-34 "
2048567,10,728,18,0,0,728,0,10,"45-49 "
2048581,16,2001,6,1,1326,675,15,1,">65 "
2048611,8,1555,11,0,0,1555,0,8,"25-29 "
2048642,1,2400,12,0,0,2400,0,1,"25-29 "
2048673,18,10354,6,1,9898,456,17,1,"40-44 "
2048710,35,5154,7,1,2989,2165,20,15,"40-44 "
2048727,17,788,14,1,788,0,17,0,"25-29 "
2048734,1,196,2,0,196,0,1,0,"<25 "
2048796,3,194,31,2,194,0,3,0,"<25 "
2048840,4,1095,32,0,0,1095,0,4,"25-29 "
2048901,6,417,6,1,417,0,6,0,"35-39 "
2048963,3,289,19,0,0,289,0,3,"35-39 "
2048987,20,1244,25,0,0,1244,0,20,"35-39 "
2049038,28,8564,15,1,7834,730,26,2,"25-29 "
2049090,23,783,6,1,470,313,14,9,"25-29 "
2049137,6,472,20,0,472,0,6,0,"25-29 "
2049212,22,2175,11,0,0,2175,0,22,"<25 "
2049250,10,1325,34,0,1325,0,10,0,"<25 "
2049298,1,23,10,0,23,0,1,0,"<25 "
2049304,44,6674,3,1,2328,4346,15,29,"40-44 "
2049335,12,1115,39,0,0,1115,0,12,"<25 "
2049397,2,673,37,0,673,0,2,0,"30-34 "
2049472,1,60,34,0,60,0,1,0,">65 "
2049489,18,2600,2,2,2400,200,15,3,"35-39 "
2049496,42,3566,30,0,3566,0,42,0,"35-39 "
2049519,31,4547,39,0,0,4547,0,31,"30-34 "
2049526,9,1249,8,3,1249,0,9,0,"30-34 "
2049533,4,148,7,0,148,0,4,0,"35-39 "
2049557,72,9672,2,0,3724,5948,29,43,"45-49 "
2049625,8,350,42,0,350,0,8,0,"<25 "
2049670,2,720,10,0,720,0,2,0,"40-44 "
2049687,13,1401,25,0,0,1401,0,13,"30-34 "
2049694,2,720,10,0,720,0,2,0,"45-49 "
2049717,2,325,12,0,0,325,0,2,"60-64 "
2049748,6,1016,3,0,1016,0,6,0,">65 "
2049762,5,2036,16,0,2036,0,5,0,"25-29 "
2049786,2,88,16,0,88,0,2,0,"30-34 "
2049793,17,5858,9,0,5858,0,17,0,"40-44 "
2049823,1,60,34,0,60,0,1,0,"60-64 "
2049847,4,609,6,8,373,236,3,1,"35-39 "
2049861,13,743,39,0,0,743,0,13,"30-34 "
2049915,2,257,15,0,257,0,2,0,"<25 "
2049939,1,100,32,0,0,100,0,1,"<25 "
2050041,19,7498,2,2,7498,0,19,0,">65 "
2050119,5,4063,16,0,4063,0,5,0,"50-54 "
2050140,6,237,2,0,237,0,6,0,"25-29 "
2050157,8,536,16,0,536,0,8,0,"25-29 "
2050188,19,1691,5,1,0,1691,0,19,"40-44 "
2050256,5,853,29,0,853,0,5,0,"40-44 "
2050294,3,142,19,3,36,106,1,2,"45-49 "
2050331,14,4988,17,1,2367,2621,1,13,"30-34 "
2050409,1,119,34,0,119,0,1,0,"35-39 "
2050416,6,427,31,0,427,0,6,0,"45-49 "
2050461,3,582,26,0,0,582,0,3,"45-49 "
2050478,9,748,29,0,748,0,9,0,"30-34 "
2050515,7,592,28,1,267,325,3,4,"30-34 "
2050539,13,3110,23,1,3110,0,13,0,"35-39 "
2050553,15,1980,2,3,962,1018,7,8,"30-34 "
2050621,2,1859,13,4,1859,0,2,0,"30-34 "
2050638,69,1623046,2,0,1488929,134117,29,40,"30-34 "
2050713,5,188,12,0,0,188,0,5,"<25 "
2050720,7,3585,25,1,2259,1326,1,6,"35-39 "
2050744,2,80,22,0,80,0,2,0,"45-49 "
2050799,3,1400,19,4,0,1400,0,3,">65 "
2050829,17,3818,4,0,0,3818,0,17,"50-54 "
2050874,1,944,7,0,944,0,1,0,"<25 "
2050928,3,622,5,0,0,622,0,3,"30-34 "
2051000,10,1259,23,0,1259,0,10,0,"35-39 "
2051024,3,346,36,0,346,0,3,0,"25-29 "
2051154,18,2181,5,2,891,1290,1,17,"30-34 "
2051161,29,1755,2,1,1211,544,19,10,"35-39 "
2051178,2,310,25,0,0,310,0,2,"25-29 "
2051260,19,2931,2,2,1808,1123,12,7,"35-39 "
2051291,9,4365,28,0,4365,0,9,0,"45-49 "
2051307,15,6315,2,1,5542,773,5,10,"30-34 "
2051345,11,607,20,0,607,0,11,0,"<25 "
2051406,8,515,37,0,515,0,8,0,"<25 "
2051437,7,471,11,0,0,471,0,7,"30-34 "
2051482,4,2201,25,0,0,2201,0,4,"30-34 "
2051505,15,3075,4,0,0,3075,0,15,"45-49 "
2051529,31,6406,13,0,6406,0,31,0,"35-39 "
2051550,16,7950,14,2,6873,1077,13,3,"60-64 "
2051598,12,1378,17,0,1378,0,12,0,"35-39 "
2051628,1,159,26,0,0,159,0,1,"25-29 "
2051710,44,18177,11,1,6454,11723,30,14,"35-39 "
2051840,7,392,32,1,0,392,0,7,"30-34 "
2051857,23,7085,5,1,519,6566,9,14,"<25 "
2051864,2,172,41,0,172,0,2,0,"25-29 "
2051918,1,285,6,0,285,0,1,0,"35-39 "
2051932,15,3737,6,2,149,3588,3,12,"40-44 "
2051994,6,1115,2,0,1115,0,6,0,"50-54 "
2052045,5,157,32,0,0,157,0,5,"25-29 "
2052083,10,1340,16,0,1340,0,10,0,"40-44 "
2052106,15,4213,14,0,4213,0,15,0,"30-34 "
2052120,4,118,34,0,118,0,4,0,"50-54 "
2052137,59,6358,10,1,1872,4486,24,35,"35-39 "
2052144,11,1210,6,0,1210,0,11,0,"30-34 "
2052175,5,4077,8,3,4077,0,5,0,"25-29 "
2052243,4,197,16,0,197,0,4,0,"35-39 "
2052427,2,312,35,0,312,0,2,0,"<25 "
2052458,22,5590,5,1,178,5412,3,19,"45-49 "
2052472,83,12165,12,0,9684,2481,56,27,">65 "
2052496,16,584,9,2,584,0,16,0,"30-34 "
2052526,3,590,22,0,590,0,3,0,"30-34 "
2052649,48,4722,4,0,0,4722,0,48,"40-44 "
2052687,2,1084,11,0,0,1084,0,2,"40-44 "
2052731,37,6367,17,1,5890,477,27,10,"30-34 "
2052755,11,1719,4,0,0,1719,0,11,"40-44 "
2052823,2,158,42,0,158,0,2,0,"<25 "
2052847,2,415,20,0,415,0,2,0,"35-39 "
2052854,2,157,8,0,157,0,2,0,"25-29 "
2052861,1,36,18,0,0,36,0,1,"30-34 "
2053035,14,2798,17,2,2641,157,12,2,"40-44 "
2053196,14,3764,16,2,3445,319,10,4,">65 "
2053226,11,6223,19,2,0,6223,0,11,"30-34 "
2053240,19,1991,5,0,0,1991,0,19,"30-34 "
2053288,4,314,32,0,0,314,0,4,"60-64 "
2053370,6,1388,4,4,0,1388,0,6,"50-54 "
2053431,1,36,11,0,0,36,0,1,"50-54 "
2053462,9,369,31,0,369,0,9,0,"30-34 "
2053486,36,3362,21,0,3362,0,36,0,"35-39 "
2053578,5,498,18,0,0,498,0,5,"30-34 "
2053806,38,6737,8,1,5235,1502,24,14,"35-39 "
2053820,39,7312,4,1,3987,3325,23,16,"35-39 "
2053844,8,1382,4,0,0,1382,0,8,"35-39 "
2053851,9,1792,16,2,728,1064,4,5,"35-39 "
2053981,12,2837,16,1,1588,1249,6,6,"50-54 "
2054001,13,2952,15,0,2952,0,13,0,"50-54 "
2054056,8,1002,26,0,0,1002,0,8,"40-44 "
2054070,7,708,19,0,0,708,0,7,"25-29 "
2054087,1,202,14,0,202,0,1,0,"<25 "
2054100,26,2647,9,1,2647,0,26,0,"<25 "
2054124,18,22669,42,0,22669,0,18,0,"45-49 "
2054162,13,2282,16,0,2282,0,13,0,"40-44 "
2054247,6,250,23,0,250,0,6,0,"35-39 "
2054285,6,310,35,0,310,0,6,0,"30-34 "
2054308,6,792,14,4,792,0,6,0,"40-44 "
2054513,5,1073,34,0,1073,0,5,0,"55-59 "
2054537,19,2851,33,0,0,2851,0,19,"40-44 "
2054544,11,723,18,0,0,723,0,11,"25-29 "
2054551,8,4628,6,0,4628,0,8,0,"25-29 "
2054599,6,601,25,2,277,324,3,3,"<25 "
2054629,28,3784,24,0,3784,0,28,0,"50-54 "
2054650,5,505,7,0,505,0,5,0,"<25 "
2054780,7,253,17,4,175,78,5,2,"35-39 "
2054827,21,3556,15,1,3556,0,21,0,"30-34 "
2054919,27,2133,12,1,1062,1071,20,7,"50-54 "
2054988,19,13901,29,0,9960,3941,1,18,"30-34 "
2054995,10,858,19,0,0,858,0,10,"45-49 "
2055008,4,5872,16,0,5872,0,4,0,"30-34 "
2055077,15,1333,13,0,1333,0,15,0,"50-54 "
2055107,24,2524,39,0,0,2524,0,24,"45-49 "
2055206,7,1163,23,0,1163,0,7,0,"35-39 "
2055220,5,915,22,2,915,0,5,0,"35-39 "
2055411,17,637,32,0,0,637,0,17,"45-49 "
2055466,10,522,32,0,0,522,0,10,"30-34 "
2055480,15,1967,4,1,0,1967,0,15,"25-29 "
2055589,14,2011,19,0,0,2011,0,14,"35-39 "
2055664,1,1264,18,0,0,1264,0,1,"35-39 "
2055787,15,1894,40,0,0,1894,0,15,"<25 "
2055817,19,2655,26,0,0,2655,0,19,"45-49 "
2055831,21,2155,11,0,0,2155,0,21,"45-49 "
2055879,38,5126,13,1,5126,0,38,0,"25-29 "
2055909,14,5247,6,2,5173,74,11,3,"<25 "
2055947,8,437,39,0,0,437,0,8,"30-34 "
2055961,8,412,18,0,0,412,0,8,"45-49 "
2056012,13,3703,11,1,1017,2686,7,6,"55-59 "
2056081,3,408,42,0,408,0,3,0,"45-49 "
2056098,11,6475,26,0,0,6475,0,11,"35-39 "
2056135,18,1664,39,0,0,1664,0,18,"45-49 "
2056234,21,4372,5,1,0,4372,0,21,"<25 "
2056296,5,3689,7,0,3689,0,5,0,"<25 "
2056388,18,15286,17,1,2785,12501,13,5,"35-39 "
2056425,10,679,2,0,679,0,10,0,"35-39 "
2056517,10,14589,19,0,0,14589,0,10,"35-39 "
2056623,4,901,5,0,0,901,0,4,"30-34 "
2056777,36,3819,7,1,3819,0,36,0,"30-34 "
2056791,19,4146,7,0,4146,0,19,0,"30-34 "
2056876,2,1420,13,0,1420,0,2,0,"25-29 "
2056951,10,586,16,0,586,0,10,0,"35-39 "
2056975,4,10451,19,0,0,10451,0,4,"35-39 "
2057118,6,838,8,6,838,0,6,0,"30-34 "
2057200,12,2214,20,1,2214,0,12,0,">65 "
2057231,22,26093,20,0,26093,0,22,0,"30-34 "
2057248,17,1133,13,0,1133,0,17,0,"45-49 "
2057316,12,1241,21,0,1241,0,12,0,"40-44 "
2057583,9,477,43,0,477,0,9,0,"45-49 "
2057705,1,36,19,0,0,36,0,1,"40-44 "
2057835,8,989,25,0,0,989,0,8,"35-39 "
2057842,4,2459,27,0,2459,0,4,0,"<25 "
2057934,13,2404,19,0,0,2404,0,13,"25-29 "
2057958,23,8370,14,1,5012,3358,10,13,"25-29 "
2058030,1,60,35,0,60,0,1,0,"40-44 "
2058092,5,17392,2,0,17392,0,5,0,"30-34 "
2058412,6,10619,22,0,10619,0,6,0,"55-59 "
2058436,6,457,13,0,457,0,6,0,"25-29 "
2058481,14,1659,38,0,1659,0,14,0,"30-34 "
2058535,5,610,18,0,0,610,0,5,"35-39 "
2058603,77,5910,2,1,4177,1733,54,23,"35-39 "
2058665,9,2651,18,0,0,2651,0,9,"30-34 "
2058740,20,1541,7,1,1541,0,20,0,"25-29 "
2058764,5,470,36,0,470,0,5,0,"30-34 "
2058887,22,12024,14,1,12024,0,22,0,"25-29 "
2058955,13,3571,3,0,3571,0,13,0,"30-34 "
2059006,2,98,7,0,98,0,2,0,"50-54 "
2059068,3,2848,22,0,2848,0,3,0,"40-44 "
2059327,2,241,25,0,0,241,0,2,"30-34 "
2059457,1,580,18,0,0,580,0,1,"<25 "
2059501,13,13096,18,0,0,13096,0,13,"40-44 "
2059617,16,1813,22,1,1200,613,13,3,"<25 "
2059716,14,3194,25,0,0,3194,0,14,"30-34 "
2059754,10,1270,17,2,1270,0,10,0,"35-39 "
2059761,16,949,10,2,597,352,11,5,"30-34 "
2059907,7,615,33,0,0,615,0,7,"30-34 "
2059914,25,2129,17,0,2129,0,25,0,"30-34 "
2059921,3,754,31,0,754,0,3,0,"35-39 "
2059945,5,718,23,0,718,0,5,0,"25-29 "
2059976,3,223,37,0,223,0,3,0,"30-34 "
2059983,13,1293,9,2,1293,0,13,0,"45-49 "
2060002,2,871,17,0,871,0,2,0,"30-34 "
2060033,6,4141,32,0,0,4141,0,6,"25-29 "
2060224,2,5957,24,0,5957,0,2,0,"40-44 "
2060347,6,3505,7,0,3505,0,6,0,"55-59 "
2060354,11,5416,21,0,5416,0,11,0,"30-34 "
2060415,6,610,14,1,214,396,5,1,"55-59 "
2060422,4,1051,19,0,0,1051,0,4,"25-29 "
2060446,22,6105,18,0,0,6105,0,22,"25-29 "
2060460,16,1421,10,2,799,622,6,10,"45-49 "
2060514,16,3716,41,0,3716,0,16,0,"45-49 "
2060590,4,2159,6,9,2159,0,4,0,"30-34 "
2060613,1,8900,9,0,8900,0,1,0,"50-54 "
2060637,86,14734,6,0,5065,9669,61,25,"35-39 "
2060668,3,256,24,0,256,0,3,0,"30-34 "
2060675,1,63,36,0,63,0,1,0,">65 "
2060705,27,482499,4,0,474567,7932,16,11,"40-44 "
2060712,1,60,33,0,0,60,0,1,">65 "
2060798,31,4400,9,1,1496,2904,11,20,"40-44 "
2060828,6,310,1,5,97,213,2,4,"<25 "
2060859,2,987,15,0,987,0,2,0,"40-44 "
2060927,11,2548,5,0,0,2548,0,11,"30-34 "
2060965,2,84,40,0,0,84,0,2,"30-34 "
2061030,4,727,2,0,727,0,4,0,"55-59 "
2061078,18,1867,2,2,916,951,12,6,"<25 "
2061092,1,60,35,0,60,0,1,0,"30-34 "
2061122,3,383,33,0,0,383,0,3,"35-39 "
2061153,4,326,14,0,326,0,4,0,"<25 "
2061160,4,8423,10,2,8423,0,4,0,"<25 "
2061184,3,581,18,0,0,581,0,3,"45-49 "
2061269,8,961,26,0,0,961,0,8,"30-34 "
2061276,2,135,25,0,0,135,0,2,"30-34 "
2061306,19,1367,29,0,223,1144,3,16,"30-34 "
2061313,8,1017,30,0,1017,0,8,0,"50-54 "
2061337,20,2589,19,0,0,2589,0,20,"45-49 "
2061351,8,1590,4,0,0,1590,0,8,"45-49 "
2061382,1,3120,31,0,3120,0,1,0,"30-34 "
2061399,14,1409,18,1,679,730,6,8,"40-44 "
2061412,4,492,38,0,492,0,4,0,"<25 "
2061511,11,1519,3,0,1519,0,11,0,"35-39 "
2061580,7,1264,11,0,0,1264,0,7,"35-39 "
2061740,10,875,40,0,0,875,0,10,"50-54 "
2061788,9,1712,5,0,0,1712,0,9,"30-34 "
2061795,12,689,4,0,0,689,0,12,"25-29 "
2062075,37,8972,1,1,2017,6955,17,20,"30-34 "
2062099,4,451,26,0,0,451,0,4,"25-29 "
2062204,7,3219,3,4,3176,43,5,2,"25-29 "
2062259,12,8856,34,0,8856,0,12,0,"30-34 "
2062297,32,3202,20,0,3202,0,32,0,"25-29 "
2062334,6,434,8,0,434,0,6,0,"40-44 "
2062365,8,353,21,0,95,258,1,7,"25-29 "
2062372,8,491,35,0,491,0,8,0,"30-34 "
2062723,3,317,33,0,0,317,0,3,"35-39 "
2062761,3,132,13,0,132,0,3,0,"45-49 "
2062785,18,2835,20,1,2835,0,18,0,"30-34 "
2062815,18,1335,25,0,0,1335,0,18,"<25 "
2062839,9,684,7,0,684,0,9,0,"40-44 "
2062860,6,394,12,0,0,394,0,6,"30-34 "
2062891,2,256,31,0,256,0,2,0,"25-29 "
2062921,52,6797,10,1,6797,0,52,0,"40-44 "
2063126,21,1217,8,1,862,355,14,7,"25-29 "
2063164,28,6279,11,0,2426,3853,3,25,"35-39 "
2063188,22,3890,9,1,3890,0,22,0,"30-34 "
2063232,17,1436,41,0,1436,0,17,0,"<25 "
2063249,9,483,32,0,0,483,0,9,"<25 "
2063263,20,1403,19,0,0,1403,0,20,"30-34 "
2063379,3,199,5,0,0,199,0,3,"35-39 "
2063461,5,398,5,0,0,398,0,5,"45-49 "
2063508,4,362,26,0,0,362,0,4,"55-59 "
2063553,13,4935,11,2,4710,225,9,4,"30-34 "
2063652,9,2152,27,1,1821,331,6,3,"35-39 "
2063690,7,1739,16,1,1739,0,7,0,"25-29 "
2063706,46,7687,3,0,7687,0,46,0,"30-34 "
2063737,36,9079,1,1,8134,945,28,8,"40-44 "
2063768,17,4235,18,0,0,4235,0,17,"30-34 "
2063829,17,3509,15,1,3509,0,17,0,"40-44 "
2063928,12,3087,15,0,3087,0,12,0,"50-54 "
2064000,5,763,18,0,0,763,0,5,"25-29 "
2064161,6,20614,22,0,20614,0,6,0,"40-44 "
2064192,26,6174,22,0,6174,0,26,0,"35-39 "
2064222,9,1740,11,0,0,1740,0,9,"50-54 "
2064239,14,1039,13,0,1039,0,14,0,"35-39 "
2064253,16,4032,19,0,0,4032,0,16,"25-29 "
2064345,4,1025,27,0,1025,0,4,0,">65 "
2064413,13,2236,19,0,1402,834,8,5,"45-49 "
2064550,2,904,18,0,0,904,0,2,"60-64 "
2064574,6,1924,4,5,1788,136,4,2,"45-49 "
2064598,10,2018,12,3,1347,671,5,5,"35-39 "
2064628,9,1855,10,3,1690,165,7,2,"55-59 "
2064741,1,1904,12,0,0,1904,0,1,"55-59 "
2064789,20,10767,18,1,6311,4456,3,17,"40-44 "
2064826,8,4634,27,2,4634,0,8,0,"25-29 "
2064901,6,277,22,0,277,0,6,0,"35-39 "
2064963,2,40,24,0,40,0,2,0,"35-39 "
2064994,2,66,22,0,66,0,2,0,"55-59 "
2065014,6,293,29,1,293,0,6,0,"35-39 "
2065069,8,503,39,0,0,503,0,8,"30-34 "
2065205,3,2304,13,7,2304,0,3,0,"45-49 "
2065236,7,405,19,0,0,405,0,7,"35-39 "
2065274,6,674,32,0,0,674,0,6,"35-39 "
2065304,1,1904,6,0,1904,0,1,0,"30-34 "
2065380,2,127,4,0,0,127,0,2,"60-64 "
2065458,30,21233,4,1,6165,15068,10,20,"30-34 "
2065526,4,614,20,0,614,0,4,0,"50-54 "
2065557,4,323,21,0,323,0,4,0,"55-59 "
2065571,13,19427,4,1,11013,8414,7,6,"25-29 "
2065588,1,36,10,0,36,0,1,0,"25-29 "
2065717,7,454,14,0,454,0,7,0,"40-44 "
2065724,2,117,21,4,117,0,2,0,"40-44 "
2065731,58,17438,11,0,0,17438,0,58,"40-44 "
2065755,23,3392,5,2,0,3392,0,23,"55-59 "
2065779,7,452,20,2,452,0,7,0,"25-29 "
2065830,13,1636,18,0,0,1636,0,13,"35-39 "
2065854,15,1498,5,0,0,1498,0,15,"35-39 "
2065861,5,390,32,0,0,390,0,5,"45-49 "
2065878,2,1440,16,2,1440,0,2,0,"30-34 "
2065915,1,49,26,0,0,49,0,1,"45-49 "
2065960,4,385,19,0,0,385,0,4,"30-34 "
2065977,8,468,2,3,468,0,8,0,">65 "
2066028,5,1839,12,4,0,1839,0,5,"40-44 "
2066103,5,183,13,0,183,0,5,0,"<25 "
2066141,2,584,2,0,584,0,2,0,"<25 "
2066158,1,2376,16,0,2376,0,1,0,"50-54 "
2066196,22,4042,32,0,0,4042,0,22,"35-39 "
2066202,27,5068,18,1,0,5068,0,27,"35-39 "
2066301,4,336,9,0,336,0,4,0,"25-29 "
2066325,15,2081,19,0,0,2081,0,15,"40-44 "
2066462,3,1836,11,3,432,1404,2,1,"45-49 "
2066523,1,60,34,0,60,0,1,0,"55-59 "
2066547,2,96,21,7,96,0,2,0,"45-49 "
2066592,5,3084,40,0,0,3084,0,5,"35-39 "
2066622,19,4514,8,2,4446,68,17,2,"25-29 "
2066684,14,1679,2,2,1619,60,13,1,"<25 "
2066691,41,4123,21,0,2565,1558,30,11,"40-44 "
2066707,1,49,41,0,49,0,1,0,"30-34 "
2066752,29,2346,3,1,1256,1090,14,15,">65 "
2066783,45,4298,18,0,3705,593,36,9,"45-49 "
2066844,19,1650,14,1,1650,0,19,0,">65 "
2066882,9,1152,3,3,881,271,7,2,"<25 "
2066899,5,200,20,0,200,0,5,0,"30-34 "
2066943,18,2462,6,0,2462,0,18,0,"40-44 "
2066974,68,6921,4,1,1443,5478,20,48,"40-44 "
2067056,18,5609,9,1,5609,0,18,0,">65 "
2067070,1,236,11,0,0,236,0,1,"30-34 "
2067100,14,3058,21,0,3058,0,14,0,"35-39 "
2067179,43,4730,16,1,4730,0,43,0,"45-49 "
2067285,6,1068,24,0,1068,0,6,0,"30-34 "
2067377,29,5191,4,1,0,5191,0,29,">65 "
2067421,25,2115,16,1,2115,0,25,0,"<25 "
2067438,2,239,37,0,239,0,2,0,"<25 "
2067445,6,379,3,4,379,0,6,0,"<25 "
2067506,11,609,13,1,609,0,11,0,"<25 "
2067544,4,687,35,0,687,0,4,0,"25-29 "
2067568,15,4191,29,0,4191,0,15,0,"30-34 "
2067575,14,2907,9,1,1995,912,12,2,">65 "
2067599,12,6568,17,0,6568,0,12,0,"35-39 "
2067681,1,516,39,0,0,516,0,1,"55-59 "
2067766,11,1548,26,1,833,715,5,6,"30-34 "
2067780,5,373,19,1,0,373,0,5,"35-39 "
2067865,1,36,3,0,36,0,1,0,"50-54 "
2067872,14,1299,2,3,1299,0,14,0,"<25 "
2067896,4,7740,13,0,7740,0,4,0,"25-29 "
2067919,24,4445,6,1,4445,0,24,0,"40-44 "
2067940,14,1796,38,0,1796,0,14,0,"<25 "
2067995,10,1404,16,2,1177,227,6,4,"<25 "
2068046,16,2890,5,2,2400,490,14,2,"25-29 "
2068053,12,1937,10,2,1354,583,6,6,"25-29 "
2068084,23,4517,12,1,3369,1148,12,11,"50-54 "
2068091,7,1659,3,0,1659,0,7,0,"30-34 "
2068107,11,1359,19,0,0,1359,0,11,"40-44 "
2068176,34,3279,12,1,2043,1236,16,18,"<25 "
2068190,6,4153,28,0,4153,0,6,0,">65 "
2068206,4,754,11,3,259,495,1,3,"<25 "
2068237,7,1843,14,0,1843,0,7,0,"35-39 "
2068244,11,1652,32,1,168,1484,2,9,"35-39 "
2068275,10,970,32,0,0,970,0,10,"35-39 "
2068367,1,93,34,0,93,0,1,0,"35-39 "
2068404,1,75,2,0,75,0,1,0,"50-54 "
2068459,20,3962,8,1,2688,1274,11,9,"25-29 "
2068534,26,3616,18,1,838,2778,5,21,"50-54 "
2068671,1,199,12,0,0,199,0,1,"30-34 "
2068688,23,3381,5,2,2720,661,16,7,"55-59 "
2068718,71,13020,12,0,3852,9168,27,44,"55-59 "
2068725,5,786,9,0,786,0,5,0,"40-44 "
2068732,12,1410,2,0,1410,0,12,0,"50-54 "
2068756,6,6451,5,0,0,6451,0,6,"<25 "
2068770,47,11106,2,1,10504,602,35,12,"40-44 "
2068787,26,2579,3,1,2579,0,26,0,"55-59 "
2068817,6,449,28,0,449,0,6,0,"50-54 "
2068855,1,36,10,0,36,0,1,0,"30-34 "
2068930,4,283,4,0,0,283,0,4,"25-29 "
2069012,5,659,2,0,659,0,5,0,"25-29 "
2069074,13,9612,25,1,529,9083,8,5,"30-34 "
2069081,16,1524,20,0,1524,0,16,0,"45-49 "
2069104,12,2026,9,2,2026,0,12,0,"40-44 "
2069111,5,424,13,0,424,0,5,0,"40-44 "
2069142,16,2376,23,0,2376,0,16,0,"45-49 "
2069241,12,688,12,0,0,688,0,12,"30-34 "
2069364,20,1965,41,0,1965,0,20,0,"35-39 "
2069449,11,2877,4,0,0,2877,0,11,"50-54 "
2069470,17,1611,17,1,1611,0,17,0,"30-34 "
2069487,9,413,10,2,413,0,9,0,"30-34 "
2069579,8,755,32,0,0,755,0,8,">65 "
2069609,23,12047,7,1,12047,0,23,0,"25-29 "
2069616,13,1082,15,0,581,501,10,3,"25-29 "
2069630,5,1293,6,0,1293,0,5,0,"30-34 "
2069685,46,8051,4,1,3242,4809,37,9,"50-54 "
2069708,7,3379,25,0,0,3379,0,7,"55-59 "
2069715,23,4818,2,1,4818,0,23,0,"35-39 "
2069760,24,3477,5,1,580,2897,6,18,"35-39 "
2069784,13,2091,19,0,0,2091,0,13,"40-44 "
2069890,4,1140,3,0,1140,0,4,0,"<25 "
2069913,14,1283,11,0,719,564,7,7,"35-39 "
2069968,8,381,21,2,381,0,8,0,"50-54 "
2069975,4,156,30,2,156,0,4,0,"25-29 "
2070001,37,4389,2,0,1405,2984,13,24,"35-39 "
2070087,24,6915,32,0,0,6915,0,24,"35-39 "
2070100,2,1121,35,0,1121,0,2,0,"25-29 "
2070223,11,3158,5,3,0,3158,0,11,"40-44 "
2070230,3,134,21,0,134,0,3,0,"<25 "
2070315,3,3720,40,0,0,3720,0,3,"35-39 "
2070346,11,926,4,0,0,926,0,11,">65 "
2070421,4,2352,3,10,2352,0,4,0,"25-29 "
2070438,9,4011,8,1,4011,0,9,0,"40-44 "
2070445,11,1127,2,1,1127,0,11,0,">65 "
2070483,7,1272,13,0,1272,0,7,0,"30-34 "
2070490,4,941,21,5,396,545,1,3,"45-49 "
2070513,13,5718,21,0,5718,0,13,0,"25-29 "
2070544,4,2724,26,0,0,2724,0,4,"<25 "
2070612,2,1440,15,2,1440,0,2,0,"35-39 "
2070636,3,238,37,0,238,0,3,0,"35-39 "
2070698,7,939,8,4,939,0,7,0,">65 "
2070827,1,2390,19,0,0,2390,0,1,"<25 "
2070841,16,2806,12,0,0,2806,0,16,"30-34 "
2070858,25,5160,5,1,1488,3672,4,21,"40-44 "
2070865,16,2415,11,2,0,2415,0,16,"35-39 "
2070902,22,2529,7,1,2529,0,22,0,"25-29 "
2070957,15,3126,27,0,3126,0,15,0,"30-34 "
2070964,51,5187,22,0,4031,1156,37,14,"35-39 "
2070988,18,1185,4,2,0,1185,0,18,"30-34 "
2071107,10,3631,17,1,3263,368,8,2,"<25 "
2071138,11,21882,15,0,21882,0,11,0,"50-54 "
2071152,17,1520,2,0,1520,0,17,0,"45-49 "
2071213,19,2401,11,1,912,1489,4,15,"45-49 "
2071237,20,15414,15,1,7016,8398,7,13,"30-34 "
2071251,5,552,3,7,552,0,5,0,"30-34 "
2071275,1,60,33,0,0,60,0,1,"40-44 "
2071299,17,774,14,2,774,0,17,0,"25-29 "
2071336,4,2691,16,0,2691,0,4,0,"30-34 "
2071367,7,1138,34,0,1138,0,7,0,"35-39 "
2071398,18,2152,20,0,2152,0,18,0,"60-64 "
2071480,122,10920,2,0,7183,3737,84,38,"30-34 "
2071497,3,988,40,0,0,988,0,3,"45-49 "
2071503,5,606,5,5,230,376,4,1,"25-29 "
2071541,23,2148,2,1,2148,0,23,0,"60-64 "
2071558,3,360,5,0,0,360,0,3,"45-49 "
2071657,5,433,9,0,433,0,5,0,"25-29 "
2071695,46,6578,21,0,6578,0,46,0,"30-34 "
2071725,7,2715,34,0,2715,0,7,0,"30-34 "
2071749,3,492,6,9,432,60,2,1,"30-34 "
2071770,6,433,20,0,433,0,6,0,"55-59 "
2071855,39,6050,2,1,5824,226,33,6,"30-34 "
2071879,15,3834,7,1,3834,0,15,0,"<25 "
2071886,5,405,2,0,405,0,5,0,">65 "
2071916,12,5659,14,2,5242,417,9,3,"40-44 "
2071954,9,648,27,0,648,0,9,0,"45-49 "
2071985,8,578,25,0,0,578,0,8,"<25 "
2072005,13,3622,18,0,0,3622,0,13,"25-29 "
2072012,3,8616,19,0,0,8616,0,3,"35-39 "
2072043,8,536,14,1,140,396,1,7,"25-29 "
2072074,13,2340,4,1,0,2340,0,13,"40-44 "
2072098,29,3333,16,0,3333,0,29,0,"55-59 "
2072104,3,724,25,0,0,724,0,3,"35-39 "
2072135,62,16061,19,0,260,15801,6,56,"30-34 "
2072142,14,965,25,0,0,965,0,14,"35-39 "
2072166,32,8144,11,0,0,8144,0,32,"25-29 "
2072173,1,1044,18,0,0,1044,0,1,"35-39 "
2072203,21,12731,22,0,12731,0,21,0,"30-34 "
2072210,1,214,5,0,0,214,0,1,"25-29 "
2072227,43,5659,7,1,1098,4561,9,34,"25-29 "
2072265,7,1365,21,0,1365,0,7,0,"30-34 "
2072302,11,1514,11,0,0,1514,0,11,"30-34 "
2072319,17,45474,9,2,45474,0,17,0,"40-44 "
2072333,20,1385,32,0,0,1385,0,20,"40-44 "
2072364,8,9958,27,0,9958,0,8,0,"<25 "
2072371,1,3120,27,0,3120,0,1,0,"25-29 "
2072388,2,973,40,0,0,973,0,2,"40-44 "
2072395,5,593,14,0,593,0,5,0,"30-34 "
2072494,17,18548,19,0,0,18548,0,17,"35-39 "
2072524,1,36,18,0,0,36,0,1,"30-34 "
2072593,5,446,25,0,0,446,0,5,"30-34 "
2072692,1,60,34,0,60,0,1,0,"25-29 "
2072760,33,4342,19,0,0,4342,0,33,"40-44 "
2072784,1,9,19,0,0,9,0,1,"50-54 "
2072821,9,851,12,0,0,851,0,9,"35-39 "
2072852,6,535,10,0,535,0,6,0,"25-29 "
2072869,15,1780,32,0,0,1780,0,15,"40-44 "
2072883,1,3590,39,0,0,3590,0,1,"30-34 "
2072890,6,4119,39,0,0,4119,0,6,"30-34 "
2072913,6,441,13,0,441,0,6,0,"60-64 "
2073019,6,6098,4,2,1390,4708,1,5,"<25 "
2073095,20,1487,28,0,85,1402,1,19,"35-39 "
2073118,2,157,7,0,157,0,2,0,"60-64 "
2073163,4,664,16,6,521,143,3,1,"35-39 "
2073224,9,1655,16,0,1655,0,9,0,"35-39 "
2073408,13,1704,4,0,0,1704,0,13,"30-34 "
2073446,8,361,33,0,0,361,0,8,"30-34 "
2073491,25,2837,40,0,0,2837,0,25,"40-44 "
2073538,34,1909,17,1,1909,0,34,0,"<25 "
2073545,7,1427,3,0,1427,0,7,0,"60-64 "
2073590,11,4518,27,0,4518,0,11,0,"35-39 "
2073637,44,3548,3,1,2339,1209,27,17,"35-39 "
2073651,4,362,12,0,0,362,0,4,"25-29 "
2073699,5,414,3,0,414,0,5,0,"30-34 "
2073835,31,2828,5,1,2343,485,25,6,">65 "
2073941,3,124,14,0,124,0,3,0,"40-44 "
2073958,13,729,10,2,729,0,13,0,"25-29 "
2073965,19,3055,40,0,0,3055,0,19,"25-29 "
2073989,4,1311,21,0,1311,0,4,0,"30-34 "
2074009,5,7980,12,0,0,7980,0,5,"30-34 "
2074023,4,1130,31,0,1130,0,4,0,">65 "
2074054,37,6039,2,1,5841,198,35,2,"35-39 "
2074078,21,5760,6,2,5244,516,20,1,"45-49 "
2074146,9,2188,4,2,829,1359,5,4,"30-34 "
2074153,14,3133,23,0,2015,1118,7,7,"30-34 "
2074269,29,2705,8,1,631,2074,9,20,"40-44 "
2074276,10,2372,31,0,2372,0,10,0,"40-44 "
2074337,1,36,12,0,0,36,0,1,"45-49 "
2074375,19,2850,39,0,0,2850,0,19,"40-44 "
2074412,6,286,12,4,60,226,1,5,">65 "
2074443,6,386,25,2,188,198,4,2,">65 "
2074474,12,1643,33,0,0,1643,0,12,">65 "
2074481,26,5168,24,1,5168,0,26,0,"35-39 "
2074498,20,1885,5,2,1581,304,16,4,"50-54 "
2074528,1,236,33,0,0,236,0,1,"30-34 "
2074634,3,137,38,0,137,0,3,0,"<25 "
2074665,3,959,42,0,959,0,3,0,"35-39 "
2074771,6,1191,9,0,1191,0,6,0,"55-59 "
2074788,24,6759,18,1,1044,5715,5,19,"30-34 "
2074818,24,3845,8,1,3443,402,20,4,"25-29 "
2074832,2,82,5,0,0,82,0,2,"<25 "
2074856,10,858,15,0,858,0,10,0,"45-49 "
2074917,6,408,6,1,408,0,6,0,"45-49 "
2074924,6,516,32,0,0,516,0,6,"25-29 "
2074931,52,4987,8,1,4987,0,52,0,"35-39 "
2074948,28,2192,32,0,0,2192,0,28,"40-44 "
2074955,22,1971,11,0,0,1971,0,22,"30-34 "
2074962,5,653,18,3,132,521,2,3,">65 "
2074993,33,5259,23,0,5259,0,33,0,"45-49 "
2075006,9,9576,18,0,0,9576,0,9,"40-44 "
2075297,2,215,22,4,215,0,2,0,"<25 "
2075310,25,2832,3,1,2832,0,25,0,"50-54 "
2075389,2,1493,15,0,1493,0,2,0,"60-64 "
2075396,6,1530,15,3,1530,0,6,0,"55-59 "
2075419,8,331,19,2,197,134,3,5,"40-44 "
2075457,3,320,34,0,320,0,3,0,"50-54 "
2075495,4,540,29,0,540,0,4,0,"35-39 "
2075617,20,4035,20,1,4035,0,20,0,"30-34 "
2075624,9,1860,3,0,1860,0,9,0,"30-34 "
2075686,58,83806,33,0,0,83806,0,58,"25-29 "
2075747,2,105,40,0,0,105,0,2,"<25 "
2075778,10,625,4,0,0,625,0,10,"25-29 "
2075792,17,1512,20,1,1317,195,15,2,">65 "
2075846,11,2253,7,1,1638,615,7,4,"60-64 "
2075853,1,60,32,0,0,60,0,1,">65 "
2075877,5,385,17,0,194,191,3,2,"40-44 "
2075891,19,8622,3,1,5618,3004,13,6,"<25 "
2075921,12,1216,30,0,1216,0,12,0,"35-39 "
2075938,2,840,4,0,0,840,0,2,"<25 "
2075952,9,993,25,0,0,993,0,9,"50-54 "
2075976,3,283,10,0,283,0,3,0,"45-49 "
2076010,8,541,9,0,541,0,8,0,"45-49 "
2076041,6,9645,7,4,681,8964,5,1,"<25 "
2076232,9,969,37,0,969,0,9,0,"40-44 "
2076263,12,1205,14,1,1205,0,12,0,"35-39 "
2076270,6,311,20,1,311,0,6,0,"35-39 "
2076393,6,470,40,0,0,470,0,6,"<25 "
2076416,3,263,16,0,263,0,3,0,"55-59 "
2076423,33,5093,9,1,5093,0,33,0,"30-34 "
2076508,9,1017,38,0,1017,0,9,0,"35-39 "
2076539,16,1798,14,0,1798,0,16,0,"45-49 "
2076614,3,447,19,0,0,447,0,3,"<25 "
2076621,13,1543,19,1,962,581,6,7,"30-34 "
2076645,1,256,2,0,256,0,1,0,"55-59 "
2076706,4,500,6,0,500,0,4,0,"60-64 "
2076713,6,1834,40,0,0,1834,0,6,"30-34 "
2076744,19,2287,12,0,0,2287,0,19,"35-39 "
2076768,5,414,38,0,109,305,1,4,"55-59 "
2076775,12,1861,12,0,948,913,2,10,"35-39 "
2076812,17,6646,32,0,2663,3983,12,5,"45-49 "
2076867,9,2994,23,1,2994,0,9,0,"<25 "
2076898,4,1673,22,1,749,924,2,2,"35-39 "
2076959,1,2160,42,0,2160,0,1,0,"35-39 "
2077093,1,10044,4,0,0,10044,0,1,"35-39 "
2077123,4,486,34,0,486,0,4,0,"40-44 "
2077147,1,66,26,0,0,66,0,1,"30-34 "
2077239,26,3105,38,0,3105,0,26,0,"45-49 "
2077246,21,3199,18,1,260,2939,3,18,"40-44 "
2077260,19,3525,4,0,0,3525,0,19,"30-34 "
2077352,7,1415,31,0,1415,0,7,0,"40-44 "
2077383,7,1408,4,4,60,1348,1,6,"25-29 "
2077413,5,415,22,0,415,0,5,0,"25-29 "
2077420,2,352,20,0,352,0,2,0,"35-39 "
2077468,5,430,22,0,430,0,5,0,"<25 "
2077475,6,782,4,0,0,782,0,6,"30-34 "
2077512,26,1905,11,1,449,1456,9,17,"45-49 "
2077529,62,5434,8,1,2775,2659,39,23,"35-39 "
2077543,4,798,10,0,798,0,4,0,"50-54 "
2077567,15,1205,4,1,0,1205,0,15,"30-34 "
2077611,8,1736,4,0,0,1736,0,8,"45-49 "
2077659,3,491,7,0,491,0,3,0,"30-34 "
2077703,1,129,12,0,0,129,0,1,"<25 "
2077765,7,1943,32,0,0,1943,0,7,"45-49 "
2077840,1,396,20,0,396,0,1,0,"35-39 "
2077949,4,187,10,0,187,0,4,0,"50-54 "
2077963,10,363,23,0,363,0,10,0,"30-34 "
2077987,7,923,18,1,400,523,3,4,"<25 "
2078007,2,96,18,8,0,96,0,2,">65 "
2078069,2,96,18,8,0,96,0,2,"55-59 "
2078175,10,378,20,0,378,0,10,0,"<25 "
2078236,4,316,39,0,0,316,0,4,"<25 "
2078311,34,3432,11,0,0,3432,0,34,"35-39 "
2078328,11,790,27,1,260,530,4,7,"50-54 "
2078403,5,152,6,7,124,28,4,1,"35-39 "
2078434,3,211,28,0,211,0,3,0,">65 "
2078465,1,88,11,0,0,88,0,1,"<25 "
2078502,4,445,3,0,445,0,4,0,"25-29 "
2078649,1,225,8,0,225,0,1,0,"25-29 "
2078687,11,2865,9,2,993,1872,10,1,"30-34 "
2078694,8,4047,41,0,4047,0,8,0,"25-29 "
2078700,14,1370,27,1,1370,0,14,0,"30-34 "
2078779,3,2979,12,0,0,2979,0,3,"25-29 "
2078809,9,451,33,1,112,339,3,6,"50-54 "
2078830,3,2285,42,0,2285,0,3,0,"35-39 "
2078946,4,341,23,0,341,0,4,0,"45-49 "
2078953,5,1314,18,0,0,1314,0,5,"<25 "
2079066,58,8840,2,1,5932,2908,38,20,"<25 "
2079110,4,2996,20,0,2996,0,4,0,"30-34 "
2079127,17,1114,25,1,752,362,11,6,"<25 "
2079172,23,1749,40,0,0,1749,0,23,"35-39 "
2079196,4,1283,40,0,848,435,3,1,"50-54 "
2079257,4,280,18,0,0,280,0,4,"25-29 "
2079288,74,18054,14,0,18054,0,74,0,"<25 "
2079332,3,148,36,0,148,0,3,0,">65 "
2079356,8,630,2,4,630,0,8,0,"30-34 "
2079370,7,3431,18,0,0,3431,0,7,"30-34 "
2079387,7,566,18,0,0,566,0,7,"40-44 "
2079455,11,3610,24,0,3610,0,11,0,"25-29 "
2079462,1,60,32,0,0,60,0,1,">65 "
2079486,6,729,19,2,0,729,0,6,">65 "
2079516,1,109,25,0,0,109,0,1,"40-44 "
2079530,17,1341,1,1,1341,0,17,0,"30-34 "
2079561,3,110,11,0,0,110,0,3,"35-39 "
2079578,15,1637,25,0,0,1637,0,15,"35-39 "
2079615,23,3344,4,2,0,3344,0,23,"35-39 "
2079646,13,1567,19,0,0,1567,0,13,"35-39 "
2079677,3,322,35,0,322,0,3,0,"25-29 "
2079707,4,346,17,4,69,277,1,3,"<25 "
2079776,10,791,24,0,791,0,10,0,"<25 "
2079783,6,731,32,0,0,731,0,6,"<25 "
2079790,1,60,32,0,0,60,0,1,"<25 "
2079837,4,1111,31,0,1111,0,4,0,"35-39 "
2079882,3,1729,18,0,0,1729,0,3,"<25 "
2079974,5,765,4,0,0,765,0,5,"45-49 "
2080055,11,860,8,2,860,0,11,0,"30-34 "
2080086,1,152,14,0,152,0,1,0,"45-49 "
2080161,4,582,30,0,582,0,4,0,"50-54 "
2080185,7,265,16,2,265,0,7,0,"55-59 "
2080246,57,7505,7,1,4725,2780,43,14,"30-34 "
2080291,9,1509,2,1,754,755,5,4,"45-49 "
2080314,7,1093,8,1,1093,0,7,0,"45-49 "
2080345,15,1148,10,2,512,636,4,11,"25-29 "
2080352,5,3994,22,1,3994,0,5,0,"35-39 "
2080529,7,891,4,4,247,644,3,4,"45-49 "
2080536,5,387,6,0,387,0,5,0,"35-39 "
2080574,1,944,22,0,944,0,1,0,"35-39 "
2080598,2,95,22,0,95,0,2,0,">65 "
2080703,11,6174,17,0,444,5730,9,2,"30-34 "
2080727,14,3240,6,1,2641,599,9,5,"40-44 "
2080758,4,732,29,0,732,0,4,0,"25-29 "
2080772,1,3120,29,0,3120,0,1,0,"45-49 "
2080833,1,15,32,0,0,15,0,1,"30-34 "
2080925,9,7289,8,3,1031,6258,2,7,"40-44 "
2080949,7,344,25,0,0,344,0,7,"60-64 "
2081038,16,1802,3,1,1344,458,9,7,"25-29 "
2081090,3,556,2,0,556,0,3,0,"40-44 "
2081205,8,799,32,0,0,799,0,8,"40-44 "
2081267,4,1584,37,0,1584,0,4,0,"<25 "
2081359,3,429,3,0,429,0,3,0,"<25 "
2081434,62,10798,2,1,10798,0,62,0,"25-29 "
2081571,19,2708,8,1,752,1956,1,18,"40-44 "
2081670,31,2377,3,1,2377,0,31,0,"<25 "
2081830,12,693,22,0,693,0,12,0,"<25 "
2081847,17,9454,12,1,4792,4662,10,7,"30-34 "
2081854,5,704,4,0,0,704,0,5,"25-29 "
2081922,19,3088,16,1,3088,0,19,0,"40-44 "
2081939,3,631,17,0,631,0,3,0,"45-49 "
2082073,17,25385,40,0,0,25385,0,17,"40-44 "
2082134,48,13900,6,0,7748,6152,39,9,"35-39 "
2082257,20,1998,26,0,844,1154,8,12,"50-54 "
2082349,6,316,35,0,316,0,6,0,"25-29 "
2082424,24,8945,4,1,738,8207,14,10,"50-54 "
2082431,18,3643,8,1,3643,0,18,0,"<25 "
2082622,8,1020,16,2,1020,0,8,0,"30-34 "
2082653,8,657,3,5,578,79,7,1,">65 "
2082745,24,3484,33,0,0,3484,0,24,">65 "
2082837,6,1037,36,0,1037,0,6,0,"30-34 "
2082844,1,199,38,0,199,0,1,0,"40-44 "
2082851,1,21,26,0,0,21,0,1,"<25 "
2082950,7,381,24,0,381,0,7,0,"25-29 "
2082967,9,468,34,0,468,0,9,0,"30-34 "
2082974,6,255,38,0,255,0,6,0,"<25 "
2083094,3,333,21,0,333,0,3,0,"35-39 "
2083124,1,3999,32,0,0,3999,0,1,"40-44 "
2083209,14,16061,6,2,16061,0,14,0,"30-34 "
2083223,5,381,5,3,0,381,0,5,"<25 "
2083230,25,1465,10,1,1305,160,22,3,"25-29 "
2083407,21,2180,4,2,1194,986,13,8,"30-34 "
2083445,5,285,41,0,285,0,5,0,"25-29 "
2083483,5,535,29,0,535,0,5,0,"40-44 "
2083629,7,534,12,2,320,214,4,3,"45-49 "
2083674,20,48641,29,0,1664,46977,6,14,"30-34 "
2083742,1,10,18,0,0,10,0,1,"40-44 "
2083797,5,893,27,0,893,0,5,0,"30-34 "
2083865,29,4328,11,1,0,4328,0,29,"35-39 "
2083889,8,1238,2,0,1238,0,8,0,"40-44 "
2083896,5,1076,24,0,1076,0,5,0,"35-39 "
2083926,8,1343,21,0,1343,0,8,0,"40-44 "
2084008,22,3341,4,2,2956,385,18,4,"<25 "
2084053,27,9710,3,1,9710,0,27,0,"25-29 "
2084077,12,1301,8,3,1301,0,12,0,"<25 "
2084107,10,966,12,0,0,966,0,10,"45-49 "
2084176,1,318,25,0,0,318,0,1,"<25 "
2084183,8,518,14,0,518,0,8,0,"35-39 "
2084206,9,669,19,2,238,431,3,6,"40-44 "
2084220,44,10117,7,1,3173,6944,17,27,"40-44 "
2084251,7,982,39,0,0,982,0,7,"30-34 "
2084299,4,848,29,0,848,0,4,0,"35-39 "
2084343,6,1005,4,4,237,768,3,3,"45-49 "
2084367,3,2729,9,7,2729,0,3,0,"40-44 "
2084381,8,1875,19,0,0,1875,0,8,"35-39 "
2084411,8,2746,18,0,0,2746,0,8,"25-29 "
2084527,35,5008,25,0,136,4872,3,32,"35-39 "
2084725,10,633,20,2,633,0,10,0,"50-54 "
2084732,11,2335,2,1,2042,293,7,4,"30-34 "
2084749,26,6831,5,0,0,6831,0,26,"40-44 "
2084824,1,4728,32,0,0,4728,0,1,"30-34 "
2084831,14,2214,18,1,486,1728,4,10,"40-44 "
2084848,13,450,13,0,450,0,13,0,"55-59 "
2084879,17,1343,10,0,1343,0,17,0,"<25 "
2084886,7,734,16,0,734,0,7,0,"45-49 "
2084916,44,4570,3,1,4570,0,44,0,"<25 "
2084954,13,1057,21,1,1057,0,13,0,"40-44 "
2085043,1,65,35,0,65,0,1,0,"40-44 "
2085067,25,11708,30,0,11708,0,25,0,"35-39 "
2085210,8,3448,3,0,3448,0,8,0,"35-39 "
2085227,15,959,16,0,959,0,15,0,"<25 "
2085241,1,7128,42,0,7128,0,1,0,"<25 "
2085258,15,1116,15,0,1116,0,15,0,"30-34 "
2085289,2,245,18,0,0,245,0,2,"45-49 "
2085296,8,1290,23,2,984,306,5,3,"60-64 "
2085302,7,468,15,0,468,0,7,0,"30-34 "
2085388,1,62,19,0,0,62,0,1,"50-54 "
2085531,2,194,19,0,0,194,0,2,"50-54 "
2085555,16,4026,4,2,3486,540,14,2,"<25 "
2085579,42,3670,1,1,3029,641,35,7,"40-44 "
2085661,2,491,32,0,0,491,0,2,"45-49 "
2085753,1,60,35,0,60,0,1,0,"55-59 "
2085760,2,471,40,0,0,471,0,2,"<25 "
2085777,7,1750,29,1,1750,0,7,0,"40-44 "
2085791,2,895,32,0,0,895,0,2,">65 "
2085852,2,204,29,0,204,0,2,0,"25-29 "
2085876,51,7506,12,0,0,7506,0,51,"<25 "
2085913,18,3132,9,2,3132,0,18,0,"40-44 "
2085920,1,2000,29,0,2000,0,1,0,"45-49 "
2086033,2,1960,19,0,0,1960,0,2,"35-39 "
2086149,10,5386,2,0,5386,0,10,0,"30-34 "
2086163,6,2206,34,0,2206,0,6,0,"<25 "
2086187,8,563,22,2,563,0,8,0,"25-29 "
2086194,6,380,13,0,380,0,6,0,"<25 "
2086200,3,365,5,0,0,365,0,3,"30-34 "
2086231,14,3737,11,0,0,3737,0,14,"35-39 "
2086323,32,3694,3,1,1486,2208,16,16,"30-34 "
2086385,2,1195,25,0,0,1195,0,2,"30-34 "
2086453,4,218,3,1,218,0,4,0,"45-49 "
2086484,2,214,5,0,0,214,0,2,"45-49 "
2086521,19,1851,2,2,598,1253,10,9,">65 "
2086552,9,912,16,0,912,0,9,0,"25-29 "
2086569,3,167,22,0,167,0,3,0,"45-49 "
2086620,20,5619,6,2,5619,0,20,0,"30-34 "
2086637,3,132,33,0,0,132,0,3,"35-39 "
2086675,12,5529,28,0,5529,0,12,0,"35-39 "
2086682,2,3786,28,0,3786,0,2,0,"30-34 "
2086880,23,16215,19,0,0,16215,0,23,"35-39 "
2086903,48,6113,6,1,5558,555,43,5,"50-54 "
2086927,12,2053,15,1,2053,0,12,0,"40-44 "
2086996,20,3519,25,0,0,3519,0,20,"<25 "
2087009,16,1945,32,0,0,1945,0,16,"40-44 "
2087092,16,2896,5,0,0,2896,0,16,"35-39 "
2087160,16,5315,5,1,0,5315,0,16,"<25 "
2087184,7,672,8,3,672,0,7,0,"<25 "
2087276,7,325,31,0,325,0,7,0,"25-29 "
2087313,3,238,12,0,0,238,0,3,"<25 "
2087337,3,718,25,0,0,718,0,3,"45-49 "
2087351,10,1786,31,0,1786,0,10,0,"30-34 "
2087375,2,92,35,0,92,0,2,0,"30-34 "
2087405,1,960,10,0,960,0,1,0,"30-34 "
2087436,12,4143,22,0,4143,0,12,0,"35-39 "
2087443,1,396,22,0,396,0,1,0,"35-39 "
2087467,11,2177,4,3,476,1701,1,10,"40-44 "
2087481,17,1536,9,2,1536,0,17,0,"35-39 "
2087498,10,5956,40,0,0,5956,0,10,"30-34 "
2087504,9,2016,32,0,0,2016,0,9,"60-64 "
2087658,11,939,5,0,0,939,0,11,"40-44 "
2087689,13,1021,2,2,1021,0,13,0,"25-29 "
2087719,5,1181,4,0,0,1181,0,5,"40-44 "
2087900,25,2435,4,2,2235,200,21,4,"<25 "
2087931,13,8807,12,1,7927,880,10,3,"25-29 "
2087948,7,493,16,0,493,0,7,0,"35-39 "
2088044,6,1741,25,2,1549,192,3,3,"30-34 "
2088082,2,259,3,0,259,0,2,0,"45-49 "
2088099,3,891,9,0,891,0,3,0,"45-49 "
2088136,8,469,39,0,0,469,0,8,"40-44 "
2088167,9,3761,19,2,0,3761,0,9,"35-39 "
2088235,6,1044,32,0,0,1044,0,6,"<25 "
2088259,14,5377,7,1,926,4451,4,10,"30-34 "
2088273,2,45,9,0,45,0,2,0,"40-44 "
2088280,12,596,38,0,596,0,12,0,"25-29 "
2088303,12,3240,28,1,3240,0,12,0,"25-29 "
2088372,58,5454,3,1,3132,2322,32,26,"40-44 "
2088389,2,298,12,0,0,298,0,2,"35-39 "
2088419,3,603,15,9,603,0,3,0,"25-29 "
2088457,29,5065,3,1,1794,3271,13,16,"40-44 "
2088617,2,115,20,0,115,0,2,0,"40-44 "
2088631,6,385,36,0,385,0,6,0,"<25 "
2088679,23,2084,4,0,207,1877,5,18,"25-29 "
2088686,25,2954,28,0,2954,0,25,0,"30-34 "
2088860,6,621,16,0,621,0,6,0,"40-44 "
2088938,11,1782,6,1,187,1595,6,5,"<25 "
2088976,4,250,41,0,250,0,4,0,"<25 "
2089003,10,1119,4,0,0,1119,0,10,"35-39 "
2089010,7,314,23,2,314,0,7,0,"25-29 "
2089058,7,367,33,0,0,367,0,7,"45-49 "
2089126,4,165,11,0,0,165,0,4,"<25 "
2089133,3,247,18,0,0,247,0,3,"35-39 "
2089171,8,884,17,0,884,0,8,0,"25-29 "
2089201,21,3591,24,0,3591,0,21,0,"30-34 "
2089249,3,90,32,0,0,90,0,3,"40-44 "
2089270,10,846,25,0,0,846,0,10,"30-34 "
2089379,2,78,37,0,78,0,2,0,"25-29 "
2089416,26,2469,5,1,0,2469,0,26,"30-34 "
2089492,28,4834,2,1,2215,2619,20,8,"25-29 "
2089508,9,927,35,0,927,0,9,0,"30-34 "
2089515,1,11,18,0,0,11,0,1,"40-44 "
2089577,8,486,25,0,0,486,0,8,"40-44 "
2089805,6,1967,4,0,0,1967,0,6,"35-39 "
2089867,9,1296,4,2,378,918,7,2,"40-44 "
2089904,1,396,17,0,396,0,1,0,"50-54 "
2089935,1,60,32,0,0,60,0,1,"35-39 "
2089942,4,552,33,0,0,552,0,4,">65 "
2089966,12,1030,41,0,1030,0,12,0,"45-49 "
2090153,8,1858,3,1,1724,134,6,2,"35-39 "
2090252,7,275,21,2,127,148,3,4,"50-54 "
2090269,8,1372,9,4,1372,0,8,0,"40-44 "
2090375,87,8335,3,0,6674,1661,68,19,">65 "
2090405,7,510,9,5,510,0,7,0,"30-34 "
2090429,7,726,9,0,726,0,7,0,"25-29 "
2090436,7,8314,30,0,8314,0,7,0,"25-29 "
2090511,3,143,4,0,0,143,0,3,"<25 "
2090528,48,5312,3,1,2388,2924,22,26,"<25 "
2090542,35,2592,12,1,1418,1174,24,11,"35-39 "
2090580,5,4456,36,0,4456,0,5,0,"50-54 "
2090658,16,2029,19,0,0,2029,0,16,"30-34 "
2090665,4,4605,12,0,0,4605,0,4,"30-34 "
2090672,7,1208,19,0,0,1208,0,7,"35-39 "
2090689,18,1958,5,0,0,1958,0,18,"30-34 "
2090818,16,3424,32,0,0,3424,0,16,"35-39 "
2090825,29,4900,5,1,0,4900,0,29,"35-39 "
2090900,8,12678,22,0,3686,8992,3,5,"55-59 "
2091020,11,1521,16,0,1521,0,11,0,"60-64 "
2091037,5,3433,21,2,3433,0,5,0,"35-39 "
2091136,12,756,13,0,135,621,1,11,"<25 "
2091198,4,1707,2,8,1319,388,2,2,"30-34 "
2091211,41,3476,3,1,1956,1520,24,17,"35-39 "
2091228,9,677,5,0,0,677,0,9,"30-34 "
2091235,18,1429,8,2,914,515,11,7,"25-29 "
2091310,6,1012,11,0,0,1012,0,6,"25-29 "
2091334,21,3751,32,0,0,3751,0,21,"40-44 "
2091341,14,1569,5,2,0,1569,0,14,"30-34 "
2091402,32,9328,9,0,6823,2505,22,10,"35-39 "
2091433,7,2529,4,0,0,2529,0,7,"40-44 "
2091440,29,3016,41,0,3016,0,29,0,"40-44 "
2091488,1,129,38,0,129,0,1,0,">65 "
2091570,14,2328,12,0,0,2328,0,14,"35-39 "
2091679,3,188,5,0,0,188,0,3,"30-34 "
2091709,3,278,4,0,0,278,0,3,"45-49 "
2091730,11,4481,21,0,4481,0,11,0,"30-34 "
2091761,17,2131,3,0,1009,1122,8,9,"35-39 "
2091792,9,5805,26,0,0,5805,0,9,"50-54 "
2091808,14,8721,4,2,7477,1244,11,3,"30-34 "
2091815,62,5155,3,1,705,4450,10,52,"30-34 "
2091839,1,142,16,0,142,0,1,0,"<25 "
2091846,2,342,43,0,342,0,2,0,"<25 "
2091907,11,2398,2,0,2398,0,11,0,"<25 "
2091914,7,1348,2,0,1348,0,7,0,"<25 "
2091921,8,1015,40,0,0,1015,0,8,"40-44 "
2091952,15,7269,18,0,0,7269,0,15,"30-34 "
2091969,29,4379,2,1,3189,1190,17,12,"35-39 "
2091990,52,5212,6,1,5212,0,52,0,"30-34 "
2092003,18,1143,11,2,389,754,7,11,"30-34 "
2092010,21,7659,8,1,6878,781,12,9,"30-34 "
2092027,4,542,3,2,236,306,1,3,"<25 "
2092065,24,4303,10,1,4113,190,19,5,"<25 "
2092119,11,501,4,0,0,501,0,11,"25-29 "
2092249,11,836,14,0,836,0,11,0,"30-34 "
2092256,7,967,21,2,967,0,7,0,"40-44 "
2092393,14,1846,5,2,981,865,8,6,"<25 "
2092454,3,356,8,0,356,0,3,0,"35-39 "
2092515,10,1351,32,0,0,1351,0,10,"25-29 "
2092614,6,926,16,1,926,0,6,0,"<25 "
2092690,2,204,38,0,204,0,2,0,"35-39 "
2092706,25,1798,6,1,1798,0,25,0,"25-29 "
2092720,7,663,30,0,663,0,7,0,"60-64 "
2092775,24,25961,5,2,20766,5195,16,8,"40-44 "
2092829,5,447,6,0,447,0,5,0,"<25 "
2092836,18,1728,5,0,0,1728,0,18,"45-49 "
2092843,11,1133,10,3,1133,0,11,0,"<25 "
2092904,3,270,9,0,270,0,3,0,"50-54 "
2092928,2,122,34,0,122,0,2,0,"<25 "
2093000,2,455,13,7,455,0,2,0,"25-29 "
2093123,1,148,13,0,148,0,1,0,">65 "
2093161,5,25404,10,6,25404,0,5,0,"30-34 "
2093178,6,2342,12,0,0,2342,0,6,"30-34 "
2093215,26,3735,12,1,0,3735,0,26,"35-39 "
2093239,5,714,10,6,714,0,5,0,"30-34 "
2093314,12,1410,20,0,1410,0,12,0,"40-44 "
2093352,4,310,4,0,0,310,0,4,"55-59 "
2093437,7,425,33,0,0,425,0,7,"25-29 "
2093529,1,36,22,0,36,0,1,0,"25-29 "
2093536,19,3565,11,1,3495,70,18,1,"35-39 "
2093543,9,4246,28,0,4246,0,9,0,"25-29 "
2093567,11,1261,4,3,0,1261,0,11,"25-29 "
2093710,7,603,37,0,603,0,7,0,"40-44 "
2093734,3,4659,41,0,4659,0,3,0,"25-29 "
2093765,12,3125,2,2,3065,60,10,2,"25-29 "
2093772,26,3688,5,1,0,3688,0,26,"30-34 "
2093802,4,1173,30,0,1173,0,4,0,"30-34 "
2093918,5,12703,38,0,12703,0,5,0,"25-29 "
2093949,7,465,8,1,465,0,7,0,"<25 "
2093956,2,117,4,6,68,49,1,1,">65 "
2094014,4,199,3,10,199,0,4,0,"25-29 "
2094045,11,3110,38,0,3110,0,11,0,"30-34 "
2094069,34,11555,4,1,0,11555,0,34,"30-34 "
2094083,14,11632,19,1,1330,10302,8,6,"35-39 "
2094137,7,4830,11,0,0,4830,0,7,">65 "
2094144,12,1713,9,1,1654,59,11,1,"<25 "
2094175,20,2119,2,1,2119,0,20,0,"<25 "
2094229,4,671,29,1,671,0,4,0,"25-29 "
2094298,35,3939,41,0,3939,0,35,0,"30-34 "
2094335,18,2546,40,0,0,2546,0,18,"40-44 "
2094342,11,2273,18,0,0,2273,0,11,"30-34 "
2094397,16,1622,4,2,1074,548,9,7,"35-39 "
2094564,9,1075,3,0,463,612,3,6,"25-29 "
2094618,4,5854,17,0,5854,0,4,0,"45-49 "
2094663,58,7641,3,1,4333,3308,37,21,"30-34 "
2094717,8,790,12,3,567,223,5,3,"30-34 "
2094724,12,2991,39,0,0,2991,0,12,"40-44 "
2094748,10,751,33,0,0,751,0,10,"30-34 "
2094823,75,10179,18,0,7064,3115,47,28,"30-34 "
2094861,2,110,30,0,110,0,2,0,"35-39 "
2094878,15,1446,6,2,764,682,7,8,"<25 "
2094885,24,14524,24,0,110,14414,2,22,"30-34 "
2094960,4,1379,22,0,1379,0,4,0,"40-44 "
2094991,15,1121,10,2,1121,0,15,0,"45-49 "
2095042,22,2277,8,1,2183,94,19,3,"25-29 "
2095196,3,512,31,0,512,0,3,0,"30-34 "
2095226,7,526,32,0,0,526,0,7,"25-29 "
2095332,16,1794,24,0,1794,0,16,0,"35-39 "
2095356,15,14083,13,0,14083,0,15,0,"25-29 "
2095370,3,318,31,0,318,0,3,0,"55-59 "
2095547,6,451,8,0,451,0,6,0,"<25 "
2095592,9,1473,8,0,1473,0,9,0,"40-44 "
2095608,5,341,21,0,341,0,5,0,"25-29 "
2095615,83,25019,8,0,25019,0,83,0,"30-34 "
2095752,7,3122,12,1,458,2664,1,6,"25-29 "
2095813,13,582,7,2,467,115,11,2,"30-34 "
2095875,43,5162,18,0,1760,3402,25,18,"35-39 "
2095882,40,6500,1,1,6043,457,34,6,"45-49 "
2095929,8,1983,39,0,0,1983,0,8,"30-34 "
2095936,18,33618,11,2,31313,2305,11,7,"30-34 "
2095943,22,4213,14,1,4213,0,22,0,"<25 "
2095998,7,1512,8,0,1512,0,7,0,"50-54 "
2096049,20,2258,19,1,0,2258,0,20,"35-39 "
2096063,2,150,22,0,150,0,2,0,"45-49 "
2096087,83,13108,18,0,11949,1159,76,7,"40-44 "
2096094,7,8681,20,0,8681,0,7,0,"30-34 "
2096148,10,6554,18,2,289,6265,1,9,"35-39 "
2096254,2,885,8,0,885,0,2,0,"25-29 "
2096285,12,8387,17,0,8387,0,12,0,"25-29 "
2096322,6,1393,31,0,1393,0,6,0,"<25 "
2096414,2,10883,18,0,0,10883,0,2,"35-39 "
2096445,12,2029,26,0,0,2029,0,12,"40-44 "
2096452,8,517,40,0,0,517,0,8,"35-39 "
2096506,1,116,19,0,0,116,0,1,"30-34 "
2096520,20,3837,11,1,2908,929,13,7,"40-44 "
2096575,2,1656,4,0,0,1656,0,2,"45-49 "
2096667,22,1948,13,0,1948,0,22,0,"40-44 "
2096766,28,4628,39,0,0,4628,0,28,"35-39 "
2096841,14,1081,25,0,0,1081,0,14,">65 "
2097022,1,89,30,0,89,0,1,0,"25-29 "
2097084,11,701,8,3,411,290,7,4,"30-34 "
2097091,4,997,41,0,997,0,4,0,"35-39 "
2097114,17,5857,16,1,5135,722,9,8,"30-34 "
2097169,8,534,14,3,534,0,8,0,"30-34 "
2097190,37,2286,2,1,2286,0,37,0,"30-34 "
2097213,4,288,12,0,0,288,0,4,"35-39 "
2097251,28,4990,11,1,0,4990,0,28,"50-54 "
2097275,8,1281,21,0,1281,0,8,0,"40-44 "
2097367,2,1059,18,0,0,1059,0,2,"45-49 "
2097442,5,647,24,0,647,0,5,0,"40-44 "
2097459,13,1739,5,1,1409,330,8,5,"<25 "
2097480,31,3788,11,0,0,3788,0,31,"35-39 "
2097497,19,1793,40,0,0,1793,0,19,"50-54 "
2097534,3,2116,7,0,2116,0,3,0,"45-49 "
2097596,3,384,40,0,0,384,0,3,"40-44 "
2097657,6,841,31,1,127,714,2,4,"30-34 "
2097671,75,8035,7,0,5190,2845,48,27,"30-34 "
2097725,3,1959,2,0,1959,0,3,0,"55-59 "
2097732,2,1940,2,0,1940,0,2,0,"25-29 "
2097749,56,6103,6,1,2210,3893,31,25,"45-49 "
2097756,4,388,28,0,388,0,4,0,"25-29 "
2097763,10,1763,2,2,1763,0,10,0,"35-39 "
2097848,119,73755,6,0,73755,0,119,0,"40-44 "
2097862,20,4396,18,0,0,4396,0,20,"30-34 "
2097879,9,1289,2,2,1289,0,9,0,"45-49 "
2097916,15,1631,14,2,1206,425,6,9,"30-34 "
2098029,15,2504,11,2,2233,271,11,4,"40-44 "
2098111,33,14876,2,0,4111,10765,7,26,"30-34 "
2098128,12,537,19,1,0,537,0,12,"30-34 "
2098142,37,3294,18,0,0,3294,0,37,"40-44 "
2098227,10,2591,19,0,0,2591,0,10,"35-39 "
2098265,6,1432,8,0,1432,0,6,0,"<25 "
2098272,7,1600,12,0,0,1600,0,7,"25-29 "
2098302,3,870,3,0,870,0,3,0,"30-34 "
2098333,8,1623,25,0,0,1623,0,8,"30-34 "
2098371,9,3173,10,0,3173,0,9,0,"30-34 "
2098418,11,1184,25,0,0,1184,0,11,"40-44 "
2098456,7,821,15,0,763,58,6,1,"<25 "
2098463,10,5630,18,0,0,5630,0,10,"50-54 "
2098487,5,1089,35,1,1089,0,5,0,"<25 "
2098555,19,6889,19,0,0,6889,0,19,"<25 "
2098562,4,362,40,0,0,362,0,4,"50-54 "
2098579,7,384,5,0,0,384,0,7,"40-44 "
2098777,10,610,30,0,610,0,10,0,"60-64 "
2098876,3,3513,10,0,3513,0,3,0,"35-39 "
2098883,10,2506,33,0,0,2506,0,10,"25-29 "
2098937,7,845,22,0,845,0,7,0,"30-34 "
2099002,14,1069,18,2,495,574,6,8,"30-34 "
2099033,2,774,16,0,774,0,2,0,"<25 "
2099040,42,19286,12,1,0,19286,0,42,"35-39 "
2099057,3,713,12,10,564,149,2,1,"35-39 "
2099088,1,125,39,0,0,125,0,1,"30-34 "
2099156,1,376,4,0,0,376,0,1,"30-34 "
2099163,13,919,16,0,919,0,13,0,"30-34 "
2099170,11,2290,14,1,2290,0,11,0,">65 "
2099194,8,587,12,4,0,587,0,8,"40-44 "
2099200,4,351,3,0,351,0,4,0,"<25 "
2099224,10,1428,21,2,1428,0,10,0,"45-49 "
2099255,14,2896,8,2,1389,1507,8,6,"30-34 "
2099262,6,460,8,0,460,0,6,0,"25-29 "
2099286,8,1069,10,1,369,700,1,7,"40-44 "
2099316,7,1560,22,0,1560,0,7,0,"30-34 "
2099392,26,1725,9,1,1725,0,26,0,"40-44 "
2099446,30,2701,25,0,0,2701,0,30,"25-29 "
2099514,8,457,26,0,0,457,0,8,"<25 "
2099552,11,1108,12,0,0,1108,0,11,"40-44 "
2099620,1,209,39,0,0,209,0,1,"30-34 "
2099736,6,503,32,0,0,503,0,6,"25-29 "
2100029,17,5990,31,0,5990,0,17,0,"30-34 "
2100043,30,3822,32,0,0,3822,0,30,"40-44 "
2100074,28,6472,5,1,5938,534,25,3,"<25 "
2100098,38,9371,7,1,3291,6080,13,25,"25-29 "
2100111,28,4428,40,0,0,4428,0,28,"40-44 "
2100128,2,295,34,0,295,0,2,0,"25-29 "
2100135,10,758,6,0,758,0,10,0,"40-44 "
2100180,11,4629,15,0,4629,0,11,0,"35-39 "
2100241,13,1521,4,0,0,1521,0,13,"25-29 "
2100289,20,2208,19,1,876,1332,11,9,"25-29 "
2100302,4,538,14,0,538,0,4,0,"35-39 "
2100395,6,387,40,0,0,387,0,6,">65 "
2100418,35,2144,7,0,1891,253,30,5,"25-29 "
2100487,1,296,28,0,296,0,1,0,"30-34 "
2100494,3,155,28,0,155,0,3,0,"30-34 "
2100500,7,1230,29,0,1230,0,7,0,"35-39 "
2100586,2,198,27,0,198,0,2,0,"40-44 "
2100623,14,1392,20,2,1392,0,14,0,"30-34 "
2100746,36,15714,4,1,0,15714,0,36,"30-34 "
2100784,15,1162,16,0,1162,0,15,0,"30-34 "
2100852,3,508,41,0,508,0,3,0,"40-44 "
2100869,28,10000,10,0,1845,8155,2,26,"30-34 "
2100906,12,1256,41,0,1256,0,12,0,"35-39 "
2100937,14,1314,11,1,914,400,5,9,"40-44 "
2100944,2,936,36,2,608,328,1,1,"35-39 "
2100951,32,15151,18,0,0,15151,0,32,"35-39 "
2101019,14,1995,25,0,0,1995,0,14,"25-29 "
2101088,7,1444,12,4,1021,423,5,2,">65 "
2101118,7,379,39,0,0,379,0,7,"<25 "
2101170,22,2886,42,0,2886,0,22,0,"40-44 "
2101217,21,4438,5,2,1435,3003,2,19,"35-39 "
2101231,20,2232,14,1,2232,0,20,0,"50-54 "
2101248,4,446,10,0,446,0,4,0,"<25 "
2101293,3,589,34,0,589,0,3,0,"35-39 "
2101361,7,9268,13,2,9268,0,7,0,"35-39 "
2101385,12,907,12,2,0,907,0,12,"35-39 "
2101392,18,3967,15,1,3193,774,13,5,"35-39 "
2101491,3,215,35,0,215,0,3,0,"45-49 "
2101538,5,564,32,0,0,564,0,5,"30-34 "
2101637,6,677,40,0,0,677,0,6,"35-39 "
2101712,8,819,6,3,789,30,7,1,"35-39 "
2101750,37,29307,8,1,29307,0,37,0,"30-34 "
2101927,13,1777,30,0,1777,0,13,0,"35-39 "
2101989,7,444,39,0,0,444,0,7,"25-29 "
2101996,1,1690,37,0,1690,0,1,0,"25-29 "
2102009,12,1430,32,0,1352,78,9,3,"35-39 "
2102030,5,1046,4,0,0,1046,0,5,"30-34 "
2102139,1,49,5,0,0,49,0,1,"<25 "
2102160,40,3696,19,0,2193,1503,32,8,"25-29 "
2102207,5,1023,25,0,0,1023,0,5,"40-44 "
2102276,14,1643,3,1,1643,0,14,0,"40-44 "
2102375,29,4638,25,1,2631,2007,10,19,"40-44 "
2102429,23,1889,8,1,933,956,9,14,"35-39 "
2102474,5,9163,19,0,0,9163,0,5,"35-39 "
2102481,5,452,3,0,452,0,5,0,"30-34 "
2102542,8,2364,22,2,861,1503,4,4,">65 "
2102566,10,729,10,2,436,293,7,3,"25-29 "
2102580,6,537,3,5,537,0,6,0,"<25 "
2102627,17,1557,14,0,1557,0,17,0,"55-59 "
2102634,18,3293,40,0,0,3293,0,18,"25-29 "
2102764,8,3315,20,0,3315,0,8,0,"25-29 "
2102771,18,3269,12,0,0,3269,0,18,"35-39 "
2102818,24,2859,10,1,2859,0,24,0,"40-44 "
2102825,5,1220,2,7,486,734,3,2,"30-34 "
2102856,14,4531,11,0,0,4531,0,14,"35-39 "
2102917,3,160,22,0,160,0,3,0,"50-54 "
2102962,34,3875,10,1,1200,2675,16,18,"35-39 "
2102993,4,883,27,3,168,715,2,2,">65 "
2103099,3,1617,28,0,1617,0,3,0,"25-29 "
2103112,6,522,5,0,0,522,0,6,"40-44 "
2103136,12,1814,26,0,0,1814,0,12,"40-44 "
2103167,15,1449,5,0,0,1449,0,15,"35-39 "
2103228,8,1519,22,0,1519,0,8,0,">65 "
2103235,7,8405,21,3,6020,2385,2,5,"35-39 "
2103259,13,2222,18,0,0,2222,0,13,"25-29 "
2103310,11,749,11,2,0,749,0,11,"30-34 "
2103327,19,1471,11,1,1396,75,17,2,"25-29 "
2103358,16,10933,2,2,10397,536,11,5,"30-34 "
2103402,5,455,25,0,0,455,0,5,"35-39 "
2103419,10,1188,2,4,1188,0,10,0,"25-29 "
2103501,3,678,37,0,678,0,3,0,"<25 "
2103587,16,1293,19,0,0,1293,0,16,"25-29 "
2103617,11,2575,8,2,2214,361,2,9,"35-39 "
2103631,13,1414,20,1,473,941,4,9,"<25 "
2103679,2,1013751,7,0,1013751,0,2,0,"35-39 "
2103716,27,3699,33,0,0,3699,0,27,"40-44 "
2103761,1,135,32,0,0,135,0,1,">65 "
2103884,13,1219,33,0,0,1219,0,13,"55-59 "
2103952,1,36,18,0,0,36,0,1,"25-29 "
2103976,27,2451,40,0,0,2451,0,27,"35-39 "
2104003,5,1234,21,3,1234,0,5,0,"30-34 "
2104041,2,305,28,4,305,0,2,0,">65 "
2104058,15,12491,18,0,0,12491,0,15,"30-34 "
2104065,13,2457,18,0,0,2457,0,13,"35-39 "
2104102,7,559,42,0,559,0,7,0,"50-54 "
2104157,8,700,5,1,611,89,6,2,"<25 "
2104188,11,926,7,2,926,0,11,0,"30-34 "
2104201,9,1449,2,4,933,516,8,1,"45-49 "
2104218,2,445,13,0,445,0,2,0,"40-44 "
2104300,3,533,42,0,533,0,3,0,"30-34 "
2104324,5,397,17,0,397,0,5,0,"50-54 "
2104430,2,110,25,0,0,110,0,2,"40-44 "
2104461,14,2853,7,0,2853,0,14,0,"30-34 "
2104478,8,983,12,0,0,983,0,8,"45-49 "
2104584,36,25217,7,1,9307,15910,19,17,"<25 "
2104676,13,1141,9,1,393,748,6,7,"<25 "
2104713,6,2520,4,2,0,2520,0,6,"35-39 "
2104775,1,1520,18,0,0,1520,0,1,"35-39 "
2104843,8,826,8,0,826,0,8,0,"40-44 "
2104898,27,3517,4,1,3084,433,24,3,"50-54 "
2104935,10,1579,5,2,1344,235,9,1,"40-44 "
2104966,2,428,32,0,0,428,0,2,"25-29 "
2104973,5,3234,22,0,3234,0,5,0,"30-34 "
2105062,8,1815,37,0,1815,0,8,0,"25-29 "
2105086,15,24669,2,2,1407,23262,10,5,"40-44 "
2105116,6,876,36,0,876,0,6,0,"55-59 "
2105246,5,5894,20,4,5894,0,5,0,"35-39 "
2105253,11,1151,22,2,537,614,6,5,"35-39 "
2105291,11,1841,21,2,1735,106,10,1,"<25 "
2105338,35,3464,9,1,3464,0,35,0,"50-54 "
2105369,45,6981,9,0,6981,0,45,0,"45-49 "
2105444,21,4124,4,1,3198,926,18,3,"25-29 "
2105468,3,190,14,0,190,0,3,0,"30-34 "
2105475,22,2764,26,0,1781,983,14,8,"45-49 "
2105529,1,60,35,0,60,0,1,0,"45-49 "
2105598,6,548,29,0,548,0,6,0,"35-39 "
2105673,1,36,12,0,0,36,0,1,"<25 "
2105765,14,2203,6,0,2203,0,14,0,"30-34 "
2105772,11,2026,5,0,0,2026,0,11,"30-34 "
2105819,7,1676,3,1,1676,0,7,0,"35-39 "
2105864,17,1863,14,1,921,942,10,7,"<25 "
2105871,26,4766,9,1,1744,3022,12,14,"35-39 "
2105994,6,815,28,0,815,0,6,0,"<25 "
2106045,12,2395,4,1,1973,422,6,6,"45-49 "
2106052,1,89,27,0,89,0,1,0,"<25 "
2106069,7,1104,25,2,568,536,3,4,"50-54 "
2106090,11,1262,2,3,1262,0,11,0,">65 "
2106120,21,2608,2,1,1558,1050,9,12,"<25 "
2106168,19,7458,9,1,7458,0,19,0,"30-34 "
2106205,1,891,23,0,891,0,1,0,"35-39 "
2106236,14,1010,5,0,0,1010,0,14,"35-39 "
2106243,28,2877,6,1,2877,0,28,0,"30-34 "
2106281,8,1307,15,0,1307,0,8,0,"25-29 "
2106298,3,3309,27,0,3309,0,3,0,"35-39 "
2106304,10,578,4,0,0,578,0,10,"35-39 "
2106311,14,816,21,0,816,0,14,0,"40-44 "
2106359,6,289,28,0,289,0,6,0,"30-34 "
2106366,9,619,41,0,619,0,9,0,"40-44 "
2106410,13,4666,9,0,4666,0,13,0,"35-39 "
2106502,20,766,5,2,587,179,15,5,"30-34 "
2106519,1,53,31,0,53,0,1,0,"25-29 "
2106564,12,1421,24,0,1421,0,12,0,"25-29 "
2106731,12,998,24,0,998,0,12,0,"25-29 "
2106755,5,852,38,0,852,0,5,0,"30-34 "
2106847,7,234,37,1,234,0,7,0,"40-44 "
2106878,6,2687,5,0,0,2687,0,6,"25-29 "
2106939,5,5152,25,0,0,5152,0,5,"30-34 "
2106977,28,2505,6,1,2032,473,20,8,"35-39 "
2107066,3,214,14,0,214,0,3,0,"25-29 "
2107073,15,4777,16,1,4777,0,15,0,"30-34 "
2107110,3,4435,34,0,4435,0,3,0,"35-39 "
2107134,30,5030,13,0,1638,3392,9,21,"25-29 "
2107165,22,5435,37,0,5435,0,22,0,"40-44 "
2107172,24,5547,12,0,0,5547,0,24,"30-34 "
2107202,2,128,35,0,128,0,2,0,"50-54 "
2107318,12,13465,2,3,13465,0,12,0,"35-39 "
2107356,5,1062,6,0,1062,0,5,0,"40-44 "
2107370,5,6170,33,0,0,6170,0,5,">65 "
2107394,1,222,31,0,222,0,1,0,"25-29 "
2107400,4,372,13,2,372,0,4,0,"<25 "
2107424,9,731,10,0,731,0,9,0,"40-44 "
2107431,10,4024,5,3,856,3168,5,5,"35-39 "
2107455,59,7154,2,1,5314,1840,36,23,"40-44 "
2107462,3,166,35,0,166,0,3,0,">65 "
2107493,6,773,18,3,60,713,1,5,">65 "
2107523,4,387,31,0,387,0,4,0,"30-34 "
2107547,2,46,30,0,46,0,2,0,"<25 "
2107585,4,291,34,0,291,0,4,0,"35-39 "
2107615,9,2509,40,0,0,2509,0,9,"45-49 "
2107653,8,900,9,4,318,582,3,5,"40-44 "
2107660,18,1355,20,1,161,1194,3,15,"<25 "
2107752,25,2009,5,1,0,2009,0,25,"45-49 "
2107875,93,11624,4,0,5693,5931,52,41,"25-29 "
2107882,5,930,35,1,930,0,5,0,"45-49 "
2107905,10,4798,41,0,4798,0,10,0,"30-34 "
2107912,27,3303,12,1,0,3303,0,27,"25-29 "
2107929,35,4347,4,1,199,4148,1,34,"30-34 "
2107936,1,36,12,0,0,36,0,1,"30-34 "
2107950,11,4150,32,0,0,4150,0,11,"35-39 "
2107974,2,705,40,0,0,705,0,2,"50-54 "
2108025,4,226,27,0,226,0,4,0,"25-29 "
2108049,3,209,32,0,0,209,0,3,"40-44 "
2108087,2,124,34,3,60,64,1,1,">65 "
2108100,1,79,37,0,79,0,1,0,"35-39 "
2108131,9,779,7,2,779,0,9,0,"25-29 "
2108223,3,4489,42,0,4489,0,3,0,"35-39 "
2108247,2,676,35,0,676,0,2,0,">65 "
2108261,16,3209,4,0,0,3209,0,16,"25-29 "
2108278,4,492,34,0,492,0,4,0,">65 "
2108285,3,239,35,0,239,0,3,0,">65 "
2108339,12,2431,21,2,2431,0,12,0,"30-34 "
2108346,31,4228,18,0,0,4228,0,31,"30-34 "
2108384,7,1373,14,0,1373,0,7,0,"50-54 "
2108483,2,157,16,0,157,0,2,0,">65 "
2108490,1,3008,5,0,0,3008,0,1,"30-34 "
2108537,13,1388,34,0,1388,0,13,0,"50-54 "
2108544,1,109,2,0,109,0,1,0,"45-49 "
2108568,5,437,23,0,437,0,5,0,"35-39 "
2108599,8,597,29,1,550,47,7,1,">65 "
2108605,7,576,41,0,576,0,7,0,">65 "
2108698,10,4288,5,3,546,3742,6,4,"25-29 "
2108711,59,18241,5,1,4720,13521,17,42,">65 "
2108735,5,646,4,0,0,646,0,5,"35-39 "
2108766,6,6016,33,0,0,6016,0,6,"30-34 "
2108773,16,9142,7,2,9142,0,16,0,"55-59 "
2108803,16,1025,18,2,141,884,2,14,"<25 "
2108810,1,36,18,0,0,36,0,1,"<25 "
2108827,6,599,39,0,0,599,0,6,"30-34 "
2108865,29,6312,13,1,6312,0,29,0,"35-39 "
2108889,6,8157,4,5,6621,1536,4,2,"25-29 "
2108919,4,5701,34,0,5701,0,4,0,"30-34 "
2108926,5,1216,22,0,1216,0,5,0,">65 "
2108933,2,692,30,0,692,0,2,0,"35-39 "
2108957,3,2652,14,0,2652,0,3,0,"35-39 "
2109015,9,10291,14,1,10291,0,9,0,"60-64 "
2109091,1,396,10,0,396,0,1,0,"<25 "
2109107,3,247,3,7,247,0,3,0,"25-29 "
2109190,38,5580,2,1,5397,183,35,3,"30-34 "
2109282,41,6433,15,1,6433,0,41,0,"45-49 "
2109336,18,2873,22,1,2873,0,18,0,"50-54 "
2109367,5,4303,19,1,0,4303,0,5,"35-39 "
2109398,9,1482,19,0,0,1482,0,9,"30-34 "
2109466,27,8942,20,1,8321,621,23,4,"30-34 "
2109480,4,279,32,1,60,219,1,3,"45-49 "
2109527,1,159,24,0,159,0,1,0,"25-29 "
2109671,7,555,19,0,0,555,0,7,"<25 "
2109787,14,900,40,0,0,900,0,14,"25-29 "
2109855,6,2470,38,0,2470,0,6,0,"<25 "
2109879,9,3155,29,0,2812,343,2,7,"<25 "
2109954,3,617,33,0,0,617,0,3,"60-64 "
2109985,1,60,35,0,60,0,1,0,"50-54 "
2109992,4,278,34,1,278,0,4,0,"35-39 "
2110080,5,2957,32,0,0,2957,0,5,"45-49 "
2110127,5,1230,22,0,1230,0,5,0,"25-29 "
2110196,5,1047,7,3,1047,0,5,0,">65 "
2110202,19,3867,18,0,0,3867,0,19,"30-34 "
2110219,10,1122,18,2,60,1062,1,9,"30-34 "
2110264,1,1356,15,0,1356,0,1,0,"30-34 "
2110288,15,2171,19,0,0,2171,0,15,"35-39 "
2110301,2,468,17,6,468,0,2,0,"<25 "
2110318,5,497,19,0,0,497,0,5,"25-29 "
2110325,8,1039,15,2,1039,0,8,0,"50-54 "
2110387,12,687,5,0,0,687,0,12,"30-34 "
2110448,27,3234,29,0,3234,0,27,0,"40-44 "
2110479,3,1819,5,0,0,1819,0,3,"25-29 "
2110622,22,2550,11,0,0,2550,0,22,"25-29 "
2110660,3,437,5,0,0,437,0,3,"25-29 "
2110677,12,1572,14,1,1572,0,12,0,"40-44 "
2110684,5,210,32,0,0,210,0,5,"<25 "
2110721,1,812,41,0,812,0,1,0,"45-49 "
2110738,1,60,34,0,60,0,1,0,"<25 "
2110745,2,1010,33,0,0,1010,0,2,"<25 "
2110875,2,343,37,0,343,0,2,0,"35-39 "
2110912,4,647,20,3,179,468,3,1,"45-49 "
2111063,2,4875,28,0,4875,0,2,0,"35-39 "
2111070,5,191,18,0,0,191,0,5,"55-59 "
2111124,4,179,2,8,179,0,4,0,"<25 "
2111179,2,154,4,0,0,154,0,2,"<25 "
2111209,36,3979,17,1,3465,514,32,4,"35-39 "
2111216,5,2486,10,0,2486,0,5,0,"30-34 "
2111230,1,23,17,0,23,0,1,0,"35-39 "
2111278,1,153,34,0,153,0,1,0,"35-39 "
2111308,1,60,33,0,0,60,0,1,"25-29 "
2111315,1,60,33,0,0,60,0,1,"30-34 "
2111384,16,5130,4,2,3340,1790,13,3,"30-34 "
2111445,20,1268,16,0,1268,0,20,0,"<25 "
2111483,4,1035,29,3,1035,0,4,0,">65 "
2111490,8,1627,41,0,1627,0,8,0,"30-34 "
2111599,5,231,40,0,57,174,3,2,"35-39 "
2111612,1,60,33,0,0,60,0,1,">65 "
2111629,1,60,33,0,0,60,0,1,"50-54 "
2111636,2,89,33,0,0,89,0,2,"50-54 "
2111674,3,346,21,0,346,0,3,0,"45-49 "
2111698,11,862,2,3,862,0,11,0,"30-34 "
2111704,9,1000,11,2,0,1000,0,9,"<25 "
2111759,5,216,32,0,0,216,0,5,"55-59 "
2111766,1,983,42,0,983,0,1,0,"<25 "
2111810,4,187892,22,5,187892,0,4,0,"45-49 "
2111841,3,2812,21,0,2812,0,3,0,"55-59 "
2111872,1,666,30,0,666,0,1,0,"35-39 "
2111889,43,5307,18,0,4017,1290,25,18,"40-44 "
2111896,23,1673,12,1,1446,227,18,5,"<25 "
2111919,4,4671,31,0,4671,0,4,0,"35-39 "
2111957,55,4182,17,0,4182,0,55,0,"40-44 "
2111964,11,886,4,0,0,886,0,11,"50-54 "
2111971,5,2577,18,3,0,2577,0,5,"45-49 "
2112008,3,43,25,3,13,30,1,2,"<25 "
2112015,2,97,33,0,0,97,0,2,"<25 "
2112022,2,215,34,0,215,0,2,0,"<25 "
2112039,2,119,33,0,0,119,0,2,"<25 "
2112060,1,128,19,0,0,128,0,1,"30-34 "
2112077,9,1693,4,0,0,1693,0,9,"30-34 "
2112138,5,488,42,0,488,0,5,0,"25-29 "
2112145,6,953,19,3,791,162,3,3,"45-49 "
2112152,7,892,6,2,764,128,5,2,"30-34 "
2112169,7,725,19,3,81,644,2,5,"50-54 "
2112176,14,4295,19,2,399,3896,4,10,"55-59 "
2112183,1,199,29,0,199,0,1,0,">65 "
2112244,31,3439,15,1,3439,0,31,0,"30-34 "
2112435,1,9,22,0,9,0,1,0,"45-49 "
2112442,6,2884,7,0,2884,0,6,0,"45-49 "
2112527,45,6887,2,1,2988,3899,31,14,"40-44 "
2112565,2,3628,23,6,3628,0,2,0,"45-49 "
2112572,75,17052,15,0,15685,1367,69,6,"<25 "
2112589,350,80451,4,0,63255,17196,281,69,"60-64 "
2112596,153,47835,6,0,39324,8511,116,37,"35-39 "
2112657,5,568,42,0,568,0,5,0,"35-39 "
2112756,29,7702,2,1,7642,60,28,1,"<25 "
2112763,12,881,13,0,881,0,12,0,"30-34 "
2112794,1,60,34,0,60,0,1,0,"35-39 "
2112800,39,3544,10,0,3544,0,39,0,"40-44 "
2112817,5,2426,21,0,2426,0,5,0,"35-39 "
2112824,10,570,26,0,0,570,0,10,"25-29 "
2112879,2,112,34,0,112,0,2,0,"30-34 "
2112909,2,78,22,0,78,0,2,0,"30-34 "
2112916,4,290,31,0,290,0,4,0,"25-29 "
2113098,1,944,20,0,944,0,1,0,"25-29 "
2113142,5,627,22,3,627,0,5,0,"<25 "
2113173,7,2403,30,0,2403,0,7,0,"50-54 "
2113180,1,60,34,0,60,0,1,0,"35-39 "
2113197,1,60,34,0,60,0,1,0,"<25 "
2113227,1,1472,21,0,1472,0,1,0,"45-49 "
2113234,2,12600,18,8,12564,36,1,1,"35-39 "
2113241,11,7383,18,1,5584,1799,1,10,"30-34 "
2113258,10,5388,2,2,471,4917,2,8,"35-39 "
2113265,3,409,2,5,373,36,2,1,"35-39 "
2113272,4,430,12,0,0,430,0,4,"55-59 "
2113333,12,2037,2,3,1941,96,10,2,">65 "
2113357,12,6192,9,1,6192,0,12,0,"50-54 "
2113388,8,2483,26,0,0,2483,0,8,"35-39 "
2113432,9,626,36,0,626,0,9,0,"30-34 "
2113456,2,281,30,0,281,0,2,0,">65 "
2113500,10,994,25,1,36,958,1,9,"45-49 "
2113579,322,93895,4,0,67196,26699,191,131,"30-34 "
2113586,2,121,42,0,121,0,2,0,"25-29 "
2113609,2,118,32,0,0,118,0,2,"35-39 "
2113623,4,969,23,0,969,0,4,0,"50-54 "
2113647,2,199,38,0,199,0,2,0,"35-39 "
2113678,4,857,5,0,0,857,0,4,"40-44 "
2113722,9,694,32,0,0,694,0,9,"30-34 "
2113739,1,105,14,0,105,0,1,0,"30-34 "
2113791,6,772,10,4,772,0,6,0,"35-39 "
2113821,21,14298,15,1,14298,0,21,0,"30-34 "
2113852,5,1468,16,0,80,1388,1,4,"40-44 "
2113876,4,989,37,0,989,0,4,0,"30-34 "
2113883,13,1030,2,0,1030,0,13,0,"<25 "
2113890,9,15997,13,0,15997,0,9,0,"25-29 "
2113906,14,1263,15,1,823,440,9,5,"<25 "
2113913,5,649,18,2,0,649,0,5,">65 "
2113968,23,4786,7,1,4188,598,17,6,"25-29 "
2113982,21,1971,8,1,1971,0,21,0,"45-49 "
2113999,20,1188,7,0,1188,0,20,0,"25-29 "
2114026,1,60,34,0,60,0,1,0,"<25 "
2114033,1,60,33,0,0,60,0,1,"<25 "
2114064,1,396,18,0,0,396,0,1,"45-49 "
2114071,5,254,32,0,0,254,0,5,"30-34 "
2114323,1,119,19,0,0,119,0,1,"35-39 "
2114484,6,2793,32,0,0,2793,0,6,"60-64 "
2114552,10,828,21,1,828,0,10,0,"35-39 "
2114569,2,2028,36,0,2028,0,2,0,"25-29 "
2114606,45,5206,4,0,4013,1193,31,14,"30-34 "
2114637,9,1377,17,0,1249,128,7,2,"30-34 "
2114644,6,542,14,0,542,0,6,0,"35-39 "
2114651,1,36,10,0,36,0,1,0,"60-64 "
2114668,8,2125,10,3,2125,0,8,0,"55-59 "
2114675,1,36,11,0,0,36,0,1,"30-34 "
2114828,6,991,6,0,991,0,6,0,"25-29 "
2114880,9,3475,20,1,3475,0,9,0,"30-34 "
2114910,5,1902,32,1,0,1902,0,5,"55-59 "
2114972,7,811,25,0,0,811,0,7,"45-49 "
2114989,7,7464,9,2,7464,0,7,0,"40-44 "
2115009,7,9153,22,0,9153,0,7,0,"25-29 "
2115023,36,5050,25,0,0,5050,0,36,"35-39 "
2115061,42,23565,14,1,21772,1793,27,15,"<25 "
2115191,5,845,5,0,0,845,0,5,"45-49 "
2115207,9,912,9,3,912,0,9,0,"45-49 "
2115245,5,2552,19,0,0,2552,0,5,"30-34 "
2115269,10,4685,4,4,1806,2879,1,9,"30-34 "
2115306,19,2194,9,1,1936,258,14,5,"35-39 "
2115382,1,60,33,0,0,60,0,1,">65 "
2115399,1,60,33,0,0,60,0,1,"60-64 "
2115412,17,2381,12,2,2153,228,14,3,">65 "
2115474,3,220,24,0,220,0,3,0,"30-34 "
2115566,25,17977,12,1,5111,12866,14,11,"25-29 "
2115580,3,5748,4,0,0,5748,0,3,"40-44 "
2115634,13,2006,16,1,786,1220,4,9,"30-34 "
2115658,17,1973,9,1,1973,0,17,0,"45-49 "
2115665,3,459,17,0,459,0,3,0,"35-39 "
2115719,2,684,6,0,684,0,2,0,"30-34 "
2115771,28,2563,4,1,1412,1151,19,9,">65 "
2115795,14,3721,10,2,3059,662,8,6,"25-29 "
2115825,1,944,17,0,944,0,1,0,"<25 "
2115849,1,60,34,0,60,0,1,0,"<25 "
2115917,4,688,4,2,477,211,2,2,">65 "
2115924,55,6317,4,1,6115,202,53,2,">65 "
2115979,2,798,5,0,0,798,0,2,"30-34 "
2116082,1,59,17,0,59,0,1,0,"25-29 "
2116099,5,2474,2,7,2474,0,5,0,"40-44 "
2116112,6,594,19,0,0,594,0,6,"25-29 "
2116129,31,20897,8,1,19091,1806,28,3,"35-39 "
2116174,1,1999,25,0,0,1999,0,1,"30-34 "
2116181,5,218,17,4,218,0,5,0,">65 "
2116198,5,1302,31,0,1302,0,5,0,">65 "
2116310,27,7120,6,1,7120,0,27,0,"25-29 "
2116334,4,246,43,0,246,0,4,0,"45-49 "
2116389,11,8299,6,1,8299,0,11,0,"35-39 "
2116402,9,1093,9,4,1093,0,9,0,"25-29 "
2116440,13,653,11,1,0,653,0,13,"<25 "
2116488,16,15298,17,0,15298,0,16,0,"45-49 "
2116501,7,767,28,1,394,373,2,5,"30-34 "
2116518,1,36,2,0,36,0,1,0,"50-54 "
2116532,26,4853,35,0,4853,0,26,0,"45-49 "
2116631,6,474,32,0,0,474,0,6,"30-34 "
2116686,1,630,24,0,630,0,1,0,"60-64 "
2116884,5,1349,17,0,1349,0,5,0,"30-34 "
2116938,10,2039,19,0,0,2039,0,10,"45-49 "
2117003,14,6985,17,0,313,6672,5,9,"35-39 "
2117102,15,2809,5,2,2440,369,10,5,"40-44 "
2117133,6,680,22,0,680,0,6,0,"60-64 "
2117164,24,7079,17,1,5105,1974,17,7,"35-39 "
2117171,6,561,42,0,561,0,6,0,"35-39 "
2117218,19,1203,15,1,1203,0,19,0,"<25 "
2117256,15,4246,42,0,4246,0,15,0,"60-64 "
2117300,21,3693,17,0,3693,0,21,0,"55-59 "
2117348,5,475,40,0,0,475,0,5,">65 "
2117379,5,1937,33,0,0,1937,0,5,"45-49 "
2117393,5,1021,4,1,0,1021,0,5,"40-44 "
2117416,4,352,39,0,0,352,0,4,"25-29 "
2117430,4,531,11,0,0,531,0,4,"30-34 "
2117508,12,12092,39,0,8937,3155,10,2,"60-64 "
2117539,15,1407,13,0,1407,0,15,0,"35-39 "
2117577,12,1639,21,0,1639,0,12,0,"25-29 "
2117614,3,172,25,0,0,172,0,3,"<25 "
2117621,5,180,18,0,0,180,0,5,"30-34 "
2117645,12,2456,6,1,2456,0,12,0,"55-59 "
2117652,34,4065,11,0,0,4065,0,34,"40-44 "
2117737,1,3120,31,0,3120,0,1,0,"35-39 "
2117812,22,2592,10,2,2592,0,22,0,"<25 "
2117904,12,7655,37,0,7655,0,12,0,"30-34 "
2117928,2,100,32,0,0,100,0,2,"30-34 "
2117935,5,202,34,1,92,110,2,3,"<25 "
2117966,12,1170,38,0,1170,0,12,0,"40-44 "
2118116,14,4934,28,1,4934,0,14,0,"25-29 "
2118147,6,520,39,0,0,520,0,6,"30-34 "
2118154,21,2768,10,2,1572,1196,14,7,"30-34 "
2118246,27,12629,19,1,5545,7084,13,14,"30-34 "
2118253,2,385,10,0,385,0,2,0,"55-59 "
2118260,5,274,22,3,274,0,5,0,"30-34 "
2118284,20,1570,9,2,1570,0,20,0,"50-54 "
2118291,12,3594,5,0,0,3594,0,12,"45-49 "
2118314,6,1944,3,3,1944,0,6,0,"25-29 "
2118338,19,1079,9,2,885,194,12,7,"25-29 "
2118352,1,944,16,0,944,0,1,0,"35-39 "
2118369,38,14966,18,1,741,14225,3,35,"30-34 "
2118413,11,839,16,0,839,0,11,0,"25-29 "
2118444,20,4363,12,0,0,4363,0,20,"50-54 "
2118550,10,3769,22,0,3769,0,10,0,"<25 "
2118628,4,233,14,7,233,0,4,0,"50-54 "
2118635,8,828,26,0,0,828,0,8,"35-39 "
2118666,1,152,15,0,152,0,1,0,"30-34 "
2118673,2,108,20,0,108,0,2,0,"25-29 "
2118697,7,2045,37,0,2045,0,7,0,"35-39 "
2118789,6,602,28,0,602,0,6,0,">65 "
2118802,15,1129,2,1,1129,0,15,0,"30-34 "
2118819,3,181,15,0,181,0,3,0,"35-39 "
2118949,5,3030,6,3,3030,0,5,0,"35-39 "
2119038,14,1547,12,0,0,1547,0,14,"<25 "
2119076,4,435,32,0,0,435,0,4,"35-39 "
2119083,7,6261437,16,3,6261437,0,7,0,"35-39 "
2119120,11,1930,26,1,0,1930,0,11,"40-44 "
2119137,4,331,34,0,331,0,4,0,"<25 "
2119168,1,92,21,0,92,0,1,0,"25-29 "
2119182,9,1278,35,0,1278,0,9,0,"55-59 "
2119199,2,432,20,0,432,0,2,0,"30-34 "
2119267,6,687,6,0,687,0,6,0,"25-29 "
2119281,10,7684,16,0,7684,0,10,0,"40-44 "
2119366,1,60,34,0,60,0,1,0,"<25 "
2119458,2,662,21,0,662,0,2,0,"40-44 "
2119465,23,2315,4,1,0,2315,0,23,"35-39 "
2119472,12,936,35,0,847,89,11,1,">65 "
2119489,18,2276,21,0,2276,0,18,0,"50-54 "
2119533,24,12574,2,1,12574,0,24,0,"30-34 "
2119564,22,4280,36,0,4280,0,22,0,"30-34 "
2119595,5,3654,18,0,0,3654,0,5,"40-44 "
2119632,4,932,3,6,198,734,2,2,"35-39 "
2119649,3,251,22,0,251,0,3,0,"30-34 "
2119656,25,2390,32,0,0,2390,0,25,"25-29 "
2119762,9,58540,4,0,0,58540,0,9,"25-29 "
2119793,8,517,19,0,0,517,0,8,"25-29 "
2119823,7,869,9,2,513,356,6,1,"35-39 "
2119960,7,2166,8,4,645,1521,3,4,"25-29 "
2119984,2,1561,6,0,1561,0,2,0,"40-44 "
2119991,5,2902,22,2,2902,0,5,0,"35-39 "
2120003,6,365,35,0,365,0,6,0,"35-39 "
2120010,47,8724,9,1,8073,651,41,6,"50-54 "
2120034,6,4003,21,0,4003,0,6,0,"30-34 "
2120041,5,231,32,0,0,231,0,5,"50-54 "
2120065,2,210,32,0,0,210,0,2,">65 "
2120096,9,1145,15,2,396,749,1,8,"<25 "
2120133,8,755,6,0,755,0,8,0,"25-29 "
2120270,2,114,20,0,114,0,2,0,"30-34 "
2120379,5,1251,29,0,1251,0,5,0,"30-34 "
2120393,7,1220,25,0,0,1220,0,7,"55-59 "
2120430,6,534,33,0,0,534,0,6,"25-29 "
2120454,2,244,4,0,0,244,0,2,"<25 "
2120461,9,729,12,0,0,729,0,9,"45-49 "
2120577,4,245,14,0,245,0,4,0,"35-39 "
2120669,15,1810,25,0,0,1810,0,15,"35-39 "
2120690,18,2376,18,1,0,2376,0,18,"40-44 "
2120706,6,470,5,5,123,347,1,5,"45-49 "
2120829,1,396,21,0,396,0,1,0,"25-29 "
2120836,6,998,5,0,0,998,0,6,"40-44 "
2120850,6,812,40,0,0,812,0,6,"40-44 "
2120904,27,2017,2,1,1963,54,25,2,"30-34 "
2120966,6,1870,7,2,1870,0,6,0,">65 "
2120973,1,60,34,0,60,0,1,0,"40-44 "
2121048,7,1302,33,0,294,1008,2,5,"25-29 "
2121055,12,2580,18,2,1278,1302,4,8,"40-44 "
2121123,1,3120,31,0,3120,0,1,0,"60-64 "
2121161,6,333,22,0,333,0,6,0,"25-29 "
2121239,48,26062,2,1,8524,17538,24,24,"45-49 "
2121291,8,857,38,0,857,0,8,0,"25-29 "
2121345,11,6150,18,0,0,6150,0,11,"25-29 "
2121420,7,4387,36,0,4387,0,7,0,"30-34 "
2121444,9,2053,10,2,970,1083,4,5,"<25 "
2121451,9,3881,19,0,0,3881,0,9,"30-34 "
2121475,13,4527,8,0,4527,0,13,0,"30-34 "
2121482,2,121,6,0,121,0,2,0,"55-59 "
2121499,3,123,2,0,123,0,3,0,"60-64 "
2121536,7,1373,15,0,1373,0,7,0,"40-44 "
2121635,1,38,38,0,38,0,1,0,"45-49 "
2121642,16,2524,21,1,2524,0,16,0,"30-34 "
2121673,1,236,8,0,236,0,1,0,"30-34 "
2121703,17,856,8,2,856,0,17,0,"25-29 "
2121734,1,60,33,0,0,60,0,1,"40-44 "
2121772,3,286,3,0,286,0,3,0,"25-29 "
2121826,8,3563,6,2,3563,0,8,0,"35-39 "
2121871,2,681,21,0,681,0,2,0,"40-44 "
2121888,1,89,30,0,89,0,1,0,"35-39 "
2121895,32,2469,15,0,2469,0,32,0,"40-44 "
2121901,6,813,20,2,507,306,4,2,"40-44 "
2121918,11,800,39,0,0,800,0,11,"25-29 "
2121925,5,1463,13,0,1463,0,5,0,"25-29 "
2121949,3,5592,38,0,5592,0,3,0,"35-39 "
2121956,23,2820,14,0,2820,0,23,0,"30-34 "
2122007,5,1402,21,0,1402,0,5,0,"<25 "
2122021,5,3903,21,4,3903,0,5,0,"30-34 "
2122045,44,2843,2,1,2175,668,32,12,"30-34 "
2122120,2,221,36,0,221,0,2,0,"30-34 "
2122144,1,17136,42,0,17136,0,1,0,"30-34 "
2122175,9,2511,31,0,2511,0,9,0,"40-44 "
2122199,6,1609,27,0,1609,0,6,0,"<25 "
2122205,7,1707,19,0,0,1707,0,7,"60-64 "
2122229,1,119,7,0,119,0,1,0,"25-29 "
2122236,7,4105,3,2,4105,0,7,0,"30-34 "
2122267,6,873,1,6,648,225,3,3,"<25 "
2122274,13,1225,28,0,1225,0,13,0,"40-44 "
2122328,4,559396,21,5,559396,0,4,0,"60-64 "
2122397,3,758,2,11,758,0,3,0,"<25 "
2122403,5,575,11,0,0,575,0,5,"35-39 "
2122410,4,1007,6,0,1007,0,4,0,"45-49 "
2122441,9,601,26,1,303,298,2,7,"30-34 "
2122489,8,7076,11,0,0,7076,0,8,"25-29 "
2122496,8,386,36,1,386,0,8,0,"25-29 "
2122557,7,1364,2,0,1364,0,7,0,"<25 "
2122625,12,903,4,3,0,903,0,12,"30-34 "
2122649,6,5057,5,0,0,5057,0,6,"35-39 "
2122809,12,1764,4,1,0,1764,0,12,"30-34 "
2122854,10,5913,5,0,0,5913,0,10,"55-59 "
2122878,2,1195,4,0,0,1195,0,2,"35-39 "
2122960,10,868,11,0,0,868,0,10,"45-49 "
2123134,7,1132,9,0,1132,0,7,0,"35-39 "
2123158,23,7540,16,1,6387,1153,16,7,"30-34 "
2123318,9,829,18,0,0,829,0,9,"45-49 "
2123356,3,2400,13,0,2400,0,3,0,"30-34 "
2123370,24,2434,11,1,1444,990,14,10,"60-64 "
2123387,2,3564,21,10,3564,0,2,0,">65 "
2123394,34,10598,21,1,3564,7034,2,32,"35-39 "
2123431,20,3668,12,1,434,3234,6,14,"40-44 "
2123448,9,4902,12,0,0,4902,0,9,"<25 "
2123486,13,8815,3,3,8815,0,13,0,"55-59 "
2123509,1,59,23,0,59,0,1,0,"35-39 "
2123585,33,3767,7,0,3767,0,33,0,"45-49 "
2123608,20,11200,37,0,11200,0,20,0,"25-29 "
2123639,7,811,9,2,811,0,7,0,"45-49 "
2123646,15,1366,32,0,0,1366,0,15,"30-34 "
2123677,13,2950,22,1,2950,0,13,0,"35-39 "
2123745,11,1084,5,1,531,553,8,3,"<25 "
2123752,3,284,41,0,284,0,3,0,"<25 "
2123776,17,1949,8,1,1228,721,14,3,"<25 "
2123783,9,1734,34,0,1734,0,9,0,"35-39 "
2123790,7,944,20,2,944,0,7,0,"40-44 "
2123851,2,3564,21,10,3564,0,2,0,"25-29 "
2123899,13,2802,10,2,2802,0,13,0,"30-34 "
2123929,13,2608,33,0,0,2608,0,13,"<25 "
2123936,16,4476,2,2,3129,1347,13,3,"35-39 "
2123943,20,1948,26,1,728,1220,9,11,"45-49 "
2123981,29,3196,39,0,0,3196,0,29,"25-29 "
2124032,7,395,10,4,395,0,7,0,"35-39 "
2124049,10,558,16,2,558,0,10,0,"30-34 "
2124117,8,402,32,0,0,402,0,8,"25-29 "
2124124,1,60,33,0,0,60,0,1,"<25 "
2124131,3,269,12,0,0,269,0,3,"35-39 "
2124155,44,8672,5,1,2370,6302,22,22,"25-29 "
2124193,19,4604,21,0,4604,0,19,0,"25-29 "
2124209,39,10218,8,1,2248,7970,13,26,"30-34 "
2124230,15,4776,11,0,0,4776,0,15,"35-39 "
2124414,6,678,18,0,0,678,0,6,"25-29 "
2124452,7,3200,6,0,3200,0,7,0,"30-34 "
2124506,22,3415,18,0,0,3415,0,22,"45-49 "
2124674,17,1731,12,1,251,1480,4,13,"60-64 "
2124681,9,1061,5,1,0,1061,0,9,"35-39 "
2124711,9,1266,33,0,0,1266,0,9,"35-39 "
2124797,5,2952,5,0,0,2952,0,5,"35-39 "
2124803,8,1285,11,4,0,1285,0,8,"45-49 "
2124810,27,1718,15,1,1125,593,20,7,"<25 "
2124971,16,1072,5,2,409,663,6,10,"25-29 "
2124988,1,308,9,0,308,0,1,0,"30-34 "
2124995,2,384,32,0,0,384,0,2,"35-39 "
2125046,36,3586,16,0,2253,1333,26,10,"25-29 "
2125121,13,15509,30,0,15509,0,13,0,"45-49 "
2125138,4,173,40,0,0,173,0,4,"<25 "
2125145,4,167,29,0,167,0,4,0,"<25 "
2125152,1,179,29,0,179,0,1,0,"<25 "
2125268,32,1914,33,0,0,1914,0,32,"35-39 "
2125299,21,1907,4,2,1122,785,12,9,"<25 "
2125329,10,925,40,0,0,925,0,10,"60-64 "
2125336,63,7036,16,0,3493,3543,38,25,"40-44 "
2125367,10,1334,21,0,1334,0,10,0,"40-44 "
2125374,1,309,31,0,309,0,1,0,"25-29 "
2125558,49,10344,20,0,7907,2437,29,20,"40-44 "
2125572,6,4485,20,0,4485,0,6,0,"30-34 "
2125596,17,2903,7,2,2679,224,14,3,"35-39 "
2125770,18,1730,18,0,0,1730,0,18,"25-29 "
2125824,25,1546,2,1,1188,358,22,3,"30-34 "
2125855,27,4779,11,1,801,3978,6,21,"50-54 "
2125978,11,1482,12,0,0,1482,0,11,"35-39 "
2125992,6,2916,14,0,2916,0,6,0,"40-44 "
2126098,29,2605,4,1,1978,627,20,9,"<25 "
2126135,16,2532,2,2,1627,905,13,3,"35-39 "
2126289,3,478,16,2,478,0,3,0,"25-29 "
2126302,17,1402,29,0,1402,0,17,0,"45-49 "
2126326,21,3652,22,0,3652,0,21,0,"25-29 "
2126340,2,221,11,0,0,221,0,2,"35-39 "
2126388,16,632,23,0,632,0,16,0,"<25 "
2126401,2,278,29,0,278,0,2,0,"25-29 "
2126432,4,151,21,0,151,0,4,0,"<25 "
2126449,26,5248,5,1,4192,1056,17,9,"45-49 "
2126456,26,2008,4,1,1129,879,14,12,"25-29 "
2126517,16,5885,18,1,0,5885,0,16,"40-44 "
2126531,23,6103,7,1,1815,4288,21,2,"25-29 "
2126609,18,1049,4,2,841,208,12,6,"25-29 "
2126630,5,1321,38,0,1321,0,5,0,"35-39 "
2126692,10,805,12,3,275,530,2,8,"30-34 "
2126722,6,321,12,0,0,321,0,6,"30-34 "
2126753,1,60,34,0,60,0,1,0,"40-44 "
2126777,14,11565,33,0,0,11565,0,14,"30-34 "
2126791,3,804,21,4,744,60,2,1,"25-29 "
2126807,19,2527,4,1,0,2527,0,19,"35-39 "
2126845,8,756,3,0,756,0,8,0,"30-34 "
2126883,32,3258,6,1,2680,578,25,7,"45-49 "
2126951,16,1280,8,1,278,1002,5,11,"30-34 "
2126968,9,1948,16,0,1948,0,9,0,"45-49 "
2127026,21,2469,11,0,0,2469,0,21,"35-39 "
2127057,5,1152,7,0,1152,0,5,0,"30-34 "
2127088,5,260,25,0,0,260,0,5,"55-59 "
2127095,7,2857,21,0,2857,0,7,0,"35-39 "
2127125,11,527,32,0,0,527,0,11,"30-34 "
2127132,3,639,7,8,639,0,3,0,"60-64 "
2127163,12,923,10,1,75,848,1,11,"35-39 "
2127187,55,9872,5,0,0,9872,0,55,"45-49 "
2127293,1,85,7,0,85,0,1,0,">65 "
2127330,9,19922,38,0,19922,0,9,0,"60-64 "
2127347,3,280,17,0,280,0,3,0,"45-49 "
2127354,24,4307,8,0,1663,2644,9,15,"35-39 "
2127422,2,7584,12,10,3120,4464,1,1,">65 "
2127453,64,6282,11,0,5836,446,59,5,"35-39 "
2127491,53,8073,12,0,0,8073,0,53,"35-39 "
2127538,20,5546,4,2,626,4920,8,12,"25-29 "
2127569,4,601,32,2,0,601,0,4,"60-64 "
2127637,37,3300,2,1,891,2409,5,32,"25-29 "
2127842,9,1234,15,0,1234,0,9,0,"30-34 "
2127866,9,3880,2,0,3880,0,9,0,"60-64 "
2127873,13,2976,11,1,0,2976,0,13,"25-29 "
2127965,34,3123,5,0,1460,1663,15,19,"25-29 "
2127972,5,1876,34,0,1876,0,5,0,"25-29 "
2127996,4,148,7,8,48,100,1,3,"<25 "
2128009,32,1478,9,1,1198,280,24,8,"<25 "
2128030,29,4673,6,1,4673,0,29,0,"<25 "
2128061,1,3960,31,0,3960,0,1,0,"25-29 "
2128139,10,920,28,0,199,721,1,9,"25-29 "
2128146,8,1726,12,0,0,1726,0,8,"35-39 "
2128184,27,5510,3,1,1156,4354,8,19,"35-39 "
2128238,1,60,34,0,60,0,1,0,"45-49 "
2128245,1,60,34,0,60,0,1,0,"35-39 "
2128269,2,96,20,6,36,60,1,1,"45-49 "
2128290,8,521,9,4,521,0,8,0,"<25 "
2128481,3,186,32,0,0,186,0,3,"50-54 "
2128504,5,440,19,0,0,440,0,5,"<25 "
2128597,29,2509,19,0,0,2509,0,29,"40-44 "
2128610,2,169,34,0,169,0,2,0,"25-29 "
2128641,8,881,15,0,881,0,8,0,"30-34 "
2128696,23,46694,2,2,45698,996,11,12,"30-34 "
2128719,9,789,40,0,0,789,0,9,"35-39 "
2128726,1,36,2,0,36,0,1,0,"45-49 "
2128740,2,96,18,8,60,36,1,1,">65 "
2128764,3,1506,11,0,0,1506,0,3,"60-64 "
2128825,4,378,23,0,378,0,4,0,"35-39 "
2128832,11,3194,9,0,3194,0,11,0,"35-39 "
2128863,6,3780,29,0,3780,0,6,0,"35-39 "
2128870,36,5186,19,1,0,5186,0,36,"30-34 "
2128917,5,192,9,0,192,0,5,0,"30-34 "
2128948,10,752,3,3,213,539,3,7,"45-49 "
2128955,19,8735,34,0,7719,1016,14,5,"40-44 "
2129037,12,624,39,0,0,624,0,12,"35-39 "
2129051,2,146,6,0,146,0,2,0,"45-49 "
2129068,17,1436,39,0,0,1436,0,17,"35-39 "
2129099,16,3339,3,2,3339,0,16,0,"25-29 "
2129181,9,2938,9,3,2938,0,9,0,"45-49 "
2129198,29,3553,4,0,0,3553,0,29,"<25 "
2129280,11,5061,26,0,0,5061,0,11,"30-34 "
2129297,1,36,14,0,36,0,1,0,"45-49 "
2129327,11,1175,2,4,736,439,9,2,"45-49 "
2129341,9,662,24,0,662,0,9,0,"40-44 "
2129419,2,110,10,0,110,0,2,0,"25-29 "
2129518,1,82,42,0,82,0,1,0,"<25 "
2129600,5,466,11,0,0,466,0,5,"50-54 "
2129624,1,436,27,0,436,0,1,0,"30-34 "
2129648,15,1021,15,2,1021,0,15,0,"50-54 "
2129709,3,382,31,0,382,0,3,0,"25-29 "
2129723,7,1187,19,3,0,1187,0,7,"<25 "
2129754,11,1425,21,0,1425,0,11,0,"45-49 "
2129785,4,533,14,0,533,0,4,0,"25-29 "
2129792,10,875,5,2,138,737,2,8,"30-34 "
2129846,1,390,41,0,390,0,1,0,"30-34 "
2129877,14,2428,18,0,0,2428,0,14,"35-39 "
2129921,41,24500,15,0,20049,4451,31,10,"30-34 "
2130026,11,7283,5,0,0,7283,0,11,"35-39 "
2130033,7,31065,18,0,0,31065,0,7,"30-34 "
2130149,5,505,11,5,356,149,4,1,"<25 "
2130255,7,589,2,0,589,0,7,0,"25-29 "
2130262,7,10922,19,0,0,10922,0,7,"40-44 "
2130323,1,3120,31,0,3120,0,1,0,">65 "
2130330,6,6252,4,4,3195,3057,2,4,">65 "
2130378,13,1260,18,1,480,780,5,8,"<25 "
2130385,11,933,11,2,151,782,2,9,"25-29 "
2130392,9,1174,18,0,0,1174,0,9,"60-64 "
2130422,5,971,5,0,0,971,0,5,"40-44 "
2130446,2,227,12,0,0,227,0,2,"25-29 "
2130552,11,937,25,1,0,937,0,11,"25-29 "
2130569,11,1909,9,3,730,1179,7,4,"30-34 "
2130583,33,3134,6,1,2589,545,27,6,"<25 "
2130606,5,678,21,0,678,0,5,0,"25-29 "
2130620,26,2759,21,0,908,1851,9,17,"30-34 "
2130675,2,1336,11,0,0,1336,0,2,"25-29 "
2130767,16,713,10,2,512,201,12,4,"<25 "
2130774,13,685,12,2,0,685,0,13,"<25 "
2130798,4,1517,11,3,1241,276,3,1,"25-29 "
2130804,3,1123,32,2,1063,60,2,1,"30-34 "
2130811,8,1216,22,2,1216,0,8,0,"40-44 "
2130866,13,1355,26,0,743,612,8,5,"30-34 "
2130880,13,3032,24,0,3032,0,13,0,"55-59 "
2130897,6,10680,11,0,0,10680,0,6,"40-44 "
2130941,7,466,41,0,466,0,7,0,"30-34 "
2130958,3,1171,32,0,0,1171,0,3,"30-34 "
2131016,3,261,2,0,261,0,3,0,"25-29 "
2131030,12,3298,20,1,3298,0,12,0,"45-49 "
2131054,15,1197,2,3,1197,0,15,0,"35-39 "
2131115,10,973,32,0,0,973,0,10,"30-34 "
2131139,4,289,21,0,289,0,4,0,"25-29 "
2131146,2,416,4,0,0,416,0,2,"40-44 "
2131153,10,879,8,2,346,533,5,5,"30-34 "
2131160,5,497,2,0,497,0,5,0,"35-39 "
2131238,3,559,4,0,0,559,0,3,">65 "
2131245,4,454,25,2,0,454,0,4,"25-29 "
2131252,6,1372641,21,2,1372641,0,6,0,"25-29 "
2131269,10,11826414,3,3,10321902,1504512,9,1,"30-34 "
2131276,24,3468,7,1,3468,0,24,0,"30-34 "
2131283,5,129,16,0,129,0,5,0,">65 "
2131306,16,1923,2,1,1923,0,16,0,"40-44 "
2131375,1,836,26,0,0,836,0,1,"45-49 "
2131382,6,1801,25,3,1350,451,4,2,"25-29 "
2131399,8,463,6,3,453,10,7,1,"30-34 "
2131405,22,2343,29,0,2343,0,22,0,"30-34 "
2131412,20,1874,2,2,1831,43,19,1,"30-34 "
2131436,20,4227,18,0,0,4227,0,20,"30-34 "
2131450,1,6064,22,0,6064,0,1,0,"30-34 "
2131504,6,2562,12,0,0,2562,0,6,"35-39 "
2131580,15,1718,34,0,544,1174,4,11,"<25 "
2131597,9,1337,33,0,0,1337,0,9,"35-39 "
2131689,9,535,23,0,535,0,9,0,"25-29 "
2131696,5,586,7,0,586,0,5,0,"35-39 "
2131702,5,258,29,0,258,0,5,0,"<25 "
2131726,6,3126,6,0,3126,0,6,0,"30-34 "
2131795,11,1169,40,0,0,1169,0,11,"50-54 "
2131832,5,1355,25,0,0,1355,0,5,"55-59 "
2131856,14,4504,3,2,4504,0,14,0,"30-34 "
2131870,1,139,18,0,0,139,0,1,"<25 "
2131917,16,4201,17,0,4201,0,16,0,"35-39 "
2131979,7,346,8,0,346,0,7,0,"25-29 "
2132013,34,5669,12,0,0,5669,0,34,"25-29 "
2132129,4,146,20,0,146,0,4,0,"<25 "
2132174,31,3724,11,1,1174,2550,13,18,"25-29 "
2132181,19,2653,23,0,2653,0,19,0,"40-44 "
2132228,17,1986,18,0,0,1986,0,17,"35-39 "
2132297,1,474,17,0,474,0,1,0,"35-39 "
2132310,4,2657,8,7,2657,0,4,0,"30-34 "
2132334,1,10044,21,0,10044,0,1,0,"25-29 "
2132372,7,589,16,0,589,0,7,0,"30-34 "
2132389,2,347754,21,4,347754,0,2,0,"55-59 "
2132396,1,60,32,0,0,60,0,1,"50-54 "
2132402,5,1100242,3,5,1100242,0,5,0,"45-49 "
2132440,1,125,25,0,0,125,0,1,"50-54 "
2132457,14,1962,16,2,1962,0,14,0,"25-29 "
2132471,2,2125,17,0,2125,0,2,0,"50-54 "
2132495,21,3329,2,1,3329,0,21,0,"35-39 "
2132532,33,3269,5,1,2910,359,26,7,"25-29 "
2132556,1,10044,21,0,10044,0,1,0,"25-29 "
2132563,24,1579,35,0,1579,0,24,0,"30-34 "
2132570,7,1724,8,2,1724,0,7,0,"35-39 "
2132594,1,10044,21,0,10044,0,1,0,"45-49 "
2132624,5,295,14,0,295,0,5,0,"25-29 "
2132693,1,10044,21,0,10044,0,1,0,"55-59 "
2132716,4,156,40,0,0,156,0,4,"25-29 "
2132754,24,6950,21,1,1848,5102,7,17,"40-44 "
2132778,12,12076,4,2,235,11841,2,10,"35-39 "
2132815,2,249,14,0,249,0,2,0,"30-34 "
2132839,3,989,41,0,989,0,3,0,"35-39 "
2132938,5,925,33,0,0,925,0,5,"35-39 "
2132952,19,1503,19,0,0,1503,0,19,">65 "
2132990,13,850,25,0,0,850,0,13,"35-39 "
2133010,17,1866,25,0,0,1866,0,17,"25-29 "
2133072,1,10044,21,0,10044,0,1,0,"35-39 "
2133126,41,5092,19,0,3586,1506,30,11,"25-29 "
2133140,3,228,32,0,0,228,0,3,"35-39 "
2133171,29,7754,6,1,1589,6165,17,12,"25-29 "
2133249,9,5255,11,0,0,5255,0,9,"35-39 "
2133270,12,1709,25,1,0,1709,0,12,"50-54 "
2133461,1,10044,21,0,10044,0,1,0,"40-44 "
2133553,10,1144,4,0,0,1144,0,10,"30-34 "
2133560,53,6876,6,1,5818,1058,44,9,"35-39 "
2133607,11,7968,32,0,0,7968,0,11,"<25 "
2133621,38,4938,10,1,3211,1727,27,11,"25-29 "
2133638,31,2659,4,1,807,1852,10,21,"25-29 "
2133713,1,20,29,0,20,0,1,0,"35-39 "
2133775,1,944,19,0,0,944,0,1,"25-29 "
2133805,14,1286,4,2,637,649,7,7,"<25 "
2133829,5,419,2,0,419,0,5,0,">65 "
2133867,12,2022,19,2,1200,822,8,4,">65 "
2133874,128,2130276,12,0,2107675,22601,92,36,"35-39 "
2133881,87,37444,5,0,12992,24452,33,54,"40-44 "
2133935,2,96,22,6,96,0,2,0,"25-29 "
2133966,32,5551,36,0,5551,0,32,0,"35-39 "
2134031,141,1247867,15,0,14931,1232936,101,40,"30-34 "
2134048,3,6065474,19,4,0,6065474,0,3,"55-59 "
2134055,230,803854,17,0,51833,752021,160,70,">65 "
2134109,15,1598,3,2,1598,0,15,0,"40-44 "
2134178,10,744,14,0,744,0,10,0,"25-29 "
2134192,24,8201,11,0,1086,7115,7,17,"35-39 "
2134246,1,19,37,0,19,0,1,0,"25-29 "
2134284,12,1956,39,0,0,1956,0,12,"<25 "
2134291,20,7161,15,0,4971,2190,12,8,"60-64 "
2134314,2,1196,32,0,0,1196,0,2,"<25 "
2134338,1,36,5,0,0,36,0,1,"30-34 "
2134369,13,1768,11,0,0,1768,0,13,"50-54 "
2134437,1,60,35,0,60,0,1,0,">65 "
2134444,1,149,23,0,149,0,1,0,"55-59 "
2134529,2,144,16,0,144,0,2,0,"35-39 "
2134550,1,409,3,0,409,0,1,0,"35-39 "
2134567,9,621,19,0,0,621,0,9,"40-44 "
2134574,1,60,34,0,60,0,1,0,"45-49 "
2134581,1,60,34,0,60,0,1,0,"40-44 "
2134635,10,3661,17,2,3661,0,10,0,"30-34 "
2134680,7,504,36,0,504,0,7,0,"25-29 "
2134796,16,967,3,2,523,444,8,8,"25-29 "
2134802,17,3228,5,1,738,2490,5,12,"50-54 "
2134833,2,861,24,6,861,0,2,0,">65 "
2134840,5,345,42,0,345,0,5,0,"30-34 "
2134857,2,1839,21,0,1839,0,2,0,"30-34 "
2134864,13,2439,2,2,2439,0,13,0,"30-34 "
2134871,41,4340,39,0,0,4340,0,41,"<25 "
2134895,47,4950,8,1,3618,1332,37,10,"50-54 "
2134901,2,860,32,1,60,800,1,1,"35-39 "
2134956,7,679,42,0,679,0,7,0,"30-34 "
2135007,15,3149,6,2,3149,0,15,0,"30-34 "
2135021,2,270,26,0,0,270,0,2,"30-34 "
2135038,13,1315,31,1,1315,0,13,0,"25-29 "
2135069,24,11210,11,0,0,11210,0,24,"35-39 "
2135083,9,1482,6,4,854,628,6,3,"<25 "
2135090,10,550,29,0,550,0,10,0,"45-49 "
2135113,3,1128,30,0,1128,0,3,0,"25-29 "
2135144,18,849,2,0,849,0,18,0,"30-34 "
2135267,10,5145,5,1,3726,1419,4,6,">65 "
2135304,5,254,11,1,120,134,3,2,"25-29 "
2135311,5,248,32,0,0,248,0,5,"35-39 "
2135335,7,1259,13,0,1259,0,7,0,"50-54 "
2135366,12,3239,5,0,0,3239,0,12,"50-54 "
2135410,30,1545,4,1,0,1545,0,30,"35-39 "
2135489,28,9498,14,1,2552,6946,13,15,"25-29 "
2135496,6,656,26,0,0,656,0,6,"40-44 "
2135526,28,6901,35,0,6901,0,28,0,"45-49 "
2135533,6,687,12,0,0,687,0,6,"25-29 "
2135625,29,27808,5,1,515,27293,2,27,"40-44 "
2135656,9,1650,10,0,1650,0,9,0,"25-29 "
2135663,46,5922,14,0,4264,1658,39,7,"<25 "
2135694,11,760,38,0,760,0,11,0,"30-34 "
2135717,8,538,4,0,0,538,0,8,"25-29 "
2135748,5,923,28,0,923,0,5,0,"40-44 "
2135755,77,9583,9,0,7383,2200,64,13,"35-39 "
2135854,7,382,11,2,59,323,2,5,"25-29 "
2135946,21,8086,24,0,8086,0,21,0,"35-39 "
2136011,2,2434,2,0,2434,0,2,0,"35-39 "
2136028,10,627,38,0,627,0,10,0,"40-44 "
2136059,24,2428,3,1,2117,311,21,3,"30-34 "
2136066,3,85,27,0,85,0,3,0,"<25 "
2136097,2,77,29,0,77,0,2,0,"25-29 "
2136134,3,362,33,2,0,362,0,3,"45-49 "
2136158,2,44,12,0,0,44,0,2,"30-34 "
2136172,24,8864,11,1,3296,5568,7,17,"35-39 "
2136271,17,3375,30,0,3375,0,17,0,"35-39 "
2136318,5,1161,17,0,1161,0,5,0,"30-34 "
2136325,4,378,38,0,378,0,4,0,"55-59 "
2136332,6,1299,4,0,0,1299,0,6,"30-34 "
2136400,6,1131,14,0,1131,0,6,0,"35-39 "
2136455,36,6812,11,1,0,6812,0,36,"40-44 "
2136462,2,388,35,0,388,0,2,0,"25-29 "
2136479,16,1539,16,2,1539,0,16,0,"35-39 "
2136493,5,395,9,6,228,167,2,3,"<25 "
2136509,10,2064,4,2,346,1718,5,5,"40-44 "
2136523,14,1262,2,1,805,457,10,4,"25-29 "
2136547,11,1695,32,0,0,1695,0,11,"40-44 "
2136561,9,1139,17,0,1139,0,9,0,"25-29 "
2136578,17,1558,8,2,1558,0,17,0,"<25 "
2136608,13,1169,2,3,1025,144,11,2,"35-39 "
2136677,43,8639,3,1,7907,732,32,11,"40-44 "
2136776,19,2202,37,0,2202,0,19,0,"45-49 "
2136783,16,34262,15,2,24434,9828,12,4,"60-64 "
2136813,40,16128,3,1,5997,10131,16,24,"45-49 "
2136820,43,9808,5,0,0,9808,0,43,"25-29 "
2136844,10,1504,12,3,0,1504,0,10,"30-34 "
2136851,6,1080,15,2,1080,0,6,0,"55-59 "
2136868,20,2178,5,0,0,2178,0,20,"35-39 "
2136967,13,3770,15,0,3770,0,13,0,"25-29 "
2136981,5,4831,32,0,0,4831,0,5,"40-44 "
2137056,2,608,25,4,0,608,0,2,">65 "
2137063,15,1360,4,1,0,1360,0,15,"25-29 "
2137148,1,270,22,0,270,0,1,0,"35-39 "
2137346,12,9450,4,2,3968,5482,1,11,"30-34 "
2137414,27,16878,12,1,753,16125,10,17,"35-39 "
2137483,1,10044,21,0,10044,0,1,0,"50-54 "
2137506,13,1218,34,0,1218,0,13,0,"35-39 "
2137537,11,2562,32,0,0,2562,0,11,"35-39 "
2137575,4,265,40,0,0,265,0,4,"25-29 "
2137612,9,568,14,0,568,0,9,0,"35-39 "
2137629,1,441,3,0,441,0,1,0,"55-59 "
2137643,13,585,23,0,585,0,13,0,"35-39 "
2137650,2,428,26,0,0,428,0,2,"45-49 "
2137711,1,599,3,0,599,0,1,0,"35-39 "
2137728,3,1071,9,11,1071,0,3,0,">65 "
2137735,1,60,34,0,60,0,1,0,"<25 "
2137742,4,506,14,0,506,0,4,0,"45-49 "
2137803,3,512,28,0,512,0,3,0,"25-29 "
2137834,30,2641,31,0,2641,0,30,0,"45-49 "
2137865,3,706,15,0,706,0,3,0,"25-29 "
2137889,2,131,8,0,131,0,2,0,"25-29 "
2137926,1,94,30,0,94,0,1,0,"25-29 "
2138015,7,1554,19,3,129,1425,1,6,"45-49 "
2138053,8,3174,2,0,3053,121,6,2,"<25 "
2138077,1,10044,21,0,10044,0,1,0,"60-64 "
2138107,7,6102460,16,1,6102460,0,7,0,"25-29 "
2138176,2,1273,34,0,1273,0,2,0,"<25 "
2138183,28,17022,5,1,669,16353,10,18,"55-59 "
2138206,15,4693,19,0,0,4693,0,15,"35-39 "
2138220,2,100,26,0,0,100,0,2,"45-49 "
2138282,28,2250,6,1,2065,185,26,2,"30-34 "
2138312,22,1765,14,1,1765,0,22,0,"<25 "
2138329,18,1509,38,0,736,773,5,13,"30-34 "
2138336,7,1136,2,1,1136,0,7,0,"50-54 "
2138374,3,4085,20,6,4085,0,3,0,"30-34 "
2138480,7,1240,33,0,0,1240,0,7,">65 "
2138558,17,5405,33,0,0,5405,0,17,"30-34 "
2138626,5,621,21,0,621,0,5,0,"35-39 "
2138657,3,301,24,0,301,0,3,0,"30-34 "
2138688,7,822,11,4,0,822,0,7,"40-44 "
2138695,8,772,17,2,772,0,8,0,"45-49 "
2138732,10,7214,3,1,7214,0,10,0,"35-39 "
2138749,2,684,42,0,684,0,2,0,"30-34 "
2138763,5,179,26,0,0,179,0,5,"25-29 "
2138824,14,3292,11,1,0,3292,0,14,"<25 "
2138923,7,1418,26,0,0,1418,0,7,"35-39 "
2138978,2,140,28,0,140,0,2,0,"<25 "
2138992,2,328,39,0,0,328,0,2,"25-29 "
2139012,6,625,39,0,0,625,0,6,"35-39 "
2139043,36,3258,18,0,492,2766,5,31,"40-44 "
2139050,7,1040,23,0,1040,0,7,0,"30-34 "
2139081,11,1145,18,0,0,1145,0,11,"25-29 "
2139104,9,5067,5,0,0,5067,0,9,"<25 "
2139234,6,1961,16,0,1961,0,6,0,"25-29 "
2139272,4,1831,17,0,1831,0,4,0,"25-29 "
2139289,11,520,33,0,0,520,0,11,"40-44 "
2139340,10,927,8,3,547,380,6,4,"25-29 "
2139357,8,1991,33,0,893,1098,3,5,"35-39 "
2139364,7,240,12,2,217,23,6,1,"60-64 "
2139463,8,41012,20,0,41012,0,8,0,"30-34 "
2139494,6,466,11,1,338,128,4,2,"35-39 "
2139524,7,1260,11,4,1025,235,4,3,"25-29 "
2139593,16,1702,5,2,1142,560,10,6,"<25 "
2139685,8,586,2,3,448,138,4,4,"45-49 "
2139722,2,83,34,0,83,0,2,0,"25-29 "
2139807,1,540,4,0,0,540,0,1,"55-59 "
2139814,2,512,8,0,512,0,2,0,"35-39 "
2139852,13,2480,7,0,2480,0,13,0,"35-39 "
2139890,3,263,14,0,263,0,3,0,">65 "
2139920,4,567,16,0,567,0,4,0,"40-44 "
2139937,2,96,21,6,36,60,1,1,"40-44 "
2139944,33,7389,4,1,0,7389,0,33,"50-54 "
2139968,10,1350,11,2,0,1350,0,10,"45-49 "
2140032,4,1215,15,0,1215,0,4,0,"30-34 "
2140087,9,1187,32,1,1127,60,8,1,"35-39 "
2140100,1,436,37,0,436,0,1,0,"30-34 "
2140155,27,2117,9,1,1573,544,20,7,"25-29 "
2140186,1,60,32,0,0,60,0,1,"<25 "
2140193,1,60,32,0,0,60,0,1,"<25 "
2140308,17,2618,18,0,0,2618,0,17,"35-39 "
2140315,6,498,22,0,498,0,6,0,"50-54 "
2140339,28,1633,3,1,345,1288,7,21,"25-29 "
2140353,17,2728,19,1,119,2609,2,15,"45-49 "
2140360,14,3753,11,1,256,3497,4,10,"<25 "
2140377,12,1372,19,0,0,1372,0,12,"45-49 "
2140391,16,1713,23,0,1713,0,16,0,"35-39 "
2140520,10,4300,17,0,4300,0,10,0,"30-34 "
2140544,8,32293,12,2,1180,31113,5,3,"30-34 "
2140599,4,2326,28,3,2326,0,4,0,"40-44 "
2140674,20,4247,5,2,0,4247,0,20,"45-49 "
2140681,3,2324,32,0,0,2324,0,3,">65 "
2140698,4,10328,18,0,0,10328,0,4,"35-39 "
2140773,6,328,11,0,0,328,0,6,"35-39 "
2140810,7,1096,3,4,1096,0,7,0,"60-64 "
2140834,13,2318,18,0,0,2318,0,13,"50-54 "
2140858,6,3588,18,3,2988,600,1,5,"50-54 "
2140865,5,593,33,1,396,197,2,3,"40-44 "
2140919,3,381,4,0,0,381,0,3,"35-39 "
2140964,30,1323,8,1,1094,229,21,9,"25-29 "
2140995,17,2360,32,0,0,2360,0,17,"45-49 "
2141008,1,188,21,0,188,0,1,0,"35-39 "
2141015,6,1846845,3,3,1820476,26369,4,2,"35-39 "
2141039,3,198,19,0,0,198,0,3,"35-39 "
2141091,29,5032,19,1,1367,3665,10,19,"30-34 "
2141107,1,59,37,0,59,0,1,0,"<25 "
2141121,13,5678,16,2,5173,505,10,3,"45-49 "
2141138,5,370,4,0,0,370,0,5,"30-34 "
2141145,30,3500,11,0,1134,2366,18,12,"40-44 "
2141152,3,407,29,0,407,0,3,0,"25-29 "
2141176,2,158,11,0,0,158,0,2,"35-39 "
2141183,18,1650,10,2,1650,0,18,0,"25-29 "
2141190,3,991,8,11,991,0,3,0,"25-29 "
2141220,1,59,37,0,59,0,1,0,"45-49 "
2141244,7,1988,33,1,1412,576,5,2,"30-34 "
2141282,2,97941,30,0,97941,0,2,0,"35-39 "
2141329,16,3113,8,1,3113,0,16,0,">65 "
2141350,3,760,21,0,760,0,3,0,"<25 "
2141398,1,516,39,0,0,516,0,1,"<25 "
2141404,8,6072,2,3,6072,0,8,0,"40-44 "
2141411,4,3376,2,5,3376,0,4,0,"35-39 "
2141428,5,258,23,0,258,0,5,0,"30-34 "
2141459,13,829,7,2,481,348,8,5,"25-29 "
2141473,6,1008,8,0,1008,0,6,0,"<25 "
2141541,78,24560,4,0,7837,16723,33,45,"30-34 "
2141565,26,5870,16,1,3662,2208,14,12,">65 "
2141572,5,1385,7,6,1385,0,5,0,">65 "
2141589,4,726,4,0,0,726,0,4,"45-49 "
2141596,12,1216,8,3,829,387,6,6,"40-44 "
2141626,6,11044,22,2,11044,0,6,0,"60-64 "
2141633,13,2759,26,1,1775,984,8,5,"45-49 "
2141640,12,1117,25,0,0,1117,0,12,"<25 "
2141763,26,4933,18,0,0,4933,0,26,"30-34 "
2141787,1,76,2,0,76,0,1,0,"50-54 "
2141794,18,3062,5,2,1716,1346,14,4,"<25 "
2141800,15,1599,42,0,1599,0,15,0,"35-39 "
2141831,1,36,18,0,0,36,0,1,"50-54 "
2141848,6,599,39,0,0,599,0,6,"30-34 "
2141855,10,2725,17,1,2725,0,10,0,"<25 "
2141862,42,23372,3,0,22370,1002,25,17,"<25 "
2141879,16,1217,31,0,1217,0,16,0,"<25 "
2141886,13,1529,2,3,1529,0,13,0,"35-39 "
2141947,19,1709,22,0,1709,0,19,0,"40-44 "
2142012,7,216,14,0,216,0,7,0,"<25 "
2142043,12,417,33,1,301,116,9,3,"<25 "
2142074,7,612,37,0,612,0,7,0,"<25 "
2142159,8,379,3,5,379,0,8,0,"<25 "
2142166,7,507,19,2,157,350,2,5,"35-39 "
2142180,13,3569,5,1,2976,593,6,7,"50-54 "
2142272,13,1341,11,0,0,1341,0,13,"35-39 "
2142357,13,1234,15,2,1002,232,11,2,"30-34 "
2142401,6,404,5,2,256,148,4,2,"25-29 "
2142432,5,932,24,0,932,0,5,0,"25-29 "
2142517,11,877,10,2,877,0,11,0,"<25 "
2142548,8,1011,21,0,1011,0,8,0,"30-34 "
2142616,54,4363,4,0,0,4363,0,54,"30-34 "
2142630,15,1642,4,2,0,1642,0,15,"25-29 "
2142654,2,204,19,6,0,204,0,2,"<25 "
2142678,6,281,19,0,0,281,0,6,"50-54 "
2142692,10,1858,19,1,0,1858,0,10,"45-49 "
2142708,4,1183,16,0,1183,0,4,0,"25-29 "
2142784,2,159,26,0,0,159,0,2,"<25 "
2142807,3,691,18,0,0,691,0,3,"50-54 "
2142814,7,1288,18,0,0,1288,0,7,"50-54 "
2142838,11,1387,8,3,1387,0,11,0,"40-44 "
2142876,3,643,21,0,643,0,3,0,"40-44 "
2142982,3,419,22,0,419,0,3,0,"30-34 "
2142999,7,685,38,0,685,0,7,0,"<25 "
2143156,10,1813,19,0,0,1813,0,10,"45-49 "
2143231,8,347,22,1,347,0,8,0,"<25 "
2143255,1,540,29,0,540,0,1,0,"45-49 "
2143279,1,1490,7,0,1490,0,1,0,"55-59 "
2143385,10,360,5,3,315,45,9,1,"<25 "
2143408,51,6445,2,0,4804,1641,38,13,"40-44 "
2143439,11,1373,32,0,880,493,5,6,"30-34 "
2143521,67,14439,5,1,3303,11136,35,32,"40-44 "
2143545,11,1780,5,2,0,1780,0,11,"30-34 "
2143576,12,2519,6,0,2519,0,12,0,"30-34 "
2143590,17,2229,39,0,0,2229,0,17,"35-39 "
2143644,7,867,18,0,0,867,0,7,"35-39 "
2143798,3,2085,26,0,0,2085,0,3,"30-34 "
2143828,11,1721,23,0,1721,0,11,0,"45-49 "
2143835,8,887,12,1,677,210,5,3,"50-54 "
2143903,4,1192,6,0,1192,0,4,0,"30-34 "
2143934,3,264,30,0,264,0,3,0,"45-49 "
2143965,4,688,17,0,688,0,4,0,"40-44 "
2144078,15,1154,14,2,750,404,9,6,"<25 "
2144085,2,97,3,0,97,0,2,0,"25-29 "
2144115,36,5257,11,1,627,4630,6,30,"40-44 "
2144122,3,884,42,0,884,0,3,0,"30-34 "
2144139,2,99,41,0,99,0,2,0,"<25 "
2144184,11,2663,14,1,2663,0,11,0,"30-34 "
2144269,21,1198,11,0,0,1198,0,21,"45-49 "
2144276,6,2003,35,1,2003,0,6,0,"30-34 "
2144290,32,3776,15,1,1579,2197,8,24,"25-29 "
2144368,23,1402,5,1,1337,65,21,2,"<25 "
2144375,5,665,3,3,113,552,3,2,"<25 "
2144382,5,167,28,0,167,0,5,0,"50-54 "
2144399,4,305,14,0,305,0,4,0,"25-29 "
2144450,1,899,39,0,0,899,0,1,"25-29 "
2144474,10,648,18,0,0,648,0,10,"<25 "
2144498,1,3008,19,0,0,3008,0,1,"25-29 "
2144504,18,1263,29,0,1263,0,18,0,"30-34 "
2144511,13,924,43,0,924,0,13,0,"<25 "
2144542,5,316,40,0,0,316,0,5,"30-34 "
2144573,40,6731,3,1,4523,2208,31,9,"30-34 "
2144610,12,646,5,3,296,350,5,7,"<25 "
2144689,2,2196,22,4,2196,0,2,0,"25-29 "
2144702,60,5012,7,1,5012,0,60,0,"25-29 "
2144719,23,4442,12,0,0,4442,0,23,"30-34 "
2144757,6,888,20,0,888,0,6,0,"50-54 "
2144771,7,5211,30,0,5211,0,7,0,"25-29 "
2144832,7,13056,18,0,0,13056,0,7,"30-34 "
2144900,10,616,39,0,0,616,0,10,"30-34 "
2144917,23,6758,19,1,0,6758,0,23,"40-44 "
2144955,8,548,14,3,387,161,3,5,"30-34 "
2144979,9,1007,38,0,1007,0,9,0,"25-29 "
2145006,18,2359,25,0,2153,206,16,2,"30-34 "
2145013,12,1031,4,2,511,520,7,5,">65 "
2145068,24,15348,18,1,0,15348,0,24,"35-39 "
2145136,6,1176,37,1,1176,0,6,0,"<25 "
2145204,10,4034,18,0,0,4034,0,10,"35-39 "
2145259,13,1559,6,0,1559,0,13,0,"30-34 "
2145310,19,987,7,2,794,193,15,4,"25-29 "
2145334,25,6185,14,1,6185,0,25,0,"55-59 "
2145341,1,156,17,0,156,0,1,0,"<25 "
2145365,1,5004,39,0,0,5004,0,1,"40-44 "
2145396,4,359,41,0,359,0,4,0,"25-29 "
2145594,31,3149,16,1,1240,1909,21,10,"30-34 "
2145600,4,405,31,0,405,0,4,0,"<25 "
2145631,19,2139,16,1,2139,0,19,0,"45-49 "
2145648,108,103399,9,0,98869,4530,101,7,"25-29 "
2145655,13,1156,7,1,1156,0,13,0,"25-29 "
2145679,12,1308,23,0,1308,0,12,0,"30-34 "
2145730,7,330,36,0,330,0,7,0,"<25 "
2145778,17,2029,16,0,2029,0,17,0,"25-29 "
2145846,16,8187,17,0,8187,0,16,0,"<25 "
2145914,4,215,38,0,215,0,4,0,"35-39 "
2145945,8,1125,30,0,1125,0,8,0,"25-29 "
2145969,4,836,21,4,836,0,4,0,"45-49 "
2145976,18,1389,4,2,0,1389,0,18,"25-29 "
2145990,32,3081,3,1,1656,1425,14,18,"25-29 "
2146010,1,3120,30,0,3120,0,1,0,"60-64 "
2146065,19,7553,11,1,7139,414,14,5,"<25 "
2146126,41,5586,19,1,1498,4088,16,25,"45-49 "
2146201,59,14573,4,1,6876,7697,28,31,"45-49 "
2146218,9,6227,11,2,0,6227,0,9,"30-34 "
2146249,2,3650,33,0,0,3650,0,2,"40-44 "
2146256,23,4700,4,1,0,4700,0,23,"55-59 "
2146263,12,2726,4,2,0,2726,0,12,"30-34 "
2146287,5,317,26,0,0,317,0,5,"25-29 "
2146294,8,528,38,0,528,0,8,0,"35-39 "
2146300,3,731,11,0,0,731,0,3,"25-29 "
2146379,17,13920,12,0,0,13920,0,17,"25-29 "
2146409,14,1742,5,0,0,1742,0,14,"45-49 "
2146485,5,322,3,0,322,0,5,0,"50-54 "
2146553,45,6617,8,1,4468,2149,30,15,"25-29 "
2146669,4,97,35,0,97,0,4,0,"25-29 "
2146676,42,4704,8,1,205,4499,5,37,"25-29 "
2146768,17,1408,11,1,598,810,9,8,"45-49 "
2146836,3,441,5,4,0,441,0,3,"<25 "
2146850,16,3631,20,1,3631,0,16,0,"<25 "
2146867,6,2045,27,0,2045,0,6,0,"40-44 "
2146881,4,374,14,0,374,0,4,0,">65 "
2146898,4,547,26,0,0,547,0,4,"<25 "
2146980,4,2343,17,4,2343,0,4,0,"30-34 "
2146997,15,902,6,2,410,492,8,7,"25-29 "
2147024,1,260,17,0,260,0,1,0,">65 "
2147031,2,882,18,0,0,882,0,2,"25-29 "
2147048,5,3476,20,0,3476,0,5,0,"60-64 "
2147055,30,5132,17,1,2365,2767,13,17,"55-59 "
2147086,7,1057,40,0,0,1057,0,7,"25-29 "
2147109,9,514,18,2,99,415,1,8,"<25 "
2147130,16,6467,11,1,0,6467,0,16,"45-49 "
2147147,1,37,39,0,0,37,0,1,"25-29 "
2147178,5,13019,19,0,0,13019,0,5,"35-39 "
2147239,29,3623,2,1,3623,0,29,0,"25-29 "
2147260,8,518,18,0,0,518,0,8,"<25 "
2147321,11,1277,10,3,1277,0,11,0,"<25 "
2147345,7,1085,4,0,0,1085,0,7,"25-29 "
2147369,1,880,20,0,880,0,1,0,"35-39 "
2147390,16,2215,19,0,0,2215,0,16,"45-49 "
2147406,6,323,31,0,323,0,6,0,"30-34 "
2147413,26,1508,13,1,1508,0,26,0,"25-29 "
2147437,16,1870,12,2,0,1870,0,16,"30-34 "
2147468,11,451,8,3,375,76,10,1,"25-29 "
2147482,13,3163,33,0,0,3163,0,13,"30-34 "
2147512,10,4334,11,2,2393,1941,6,4,"30-34 "
2147550,9,921,14,2,355,566,4,5,"<25 "
2147567,14,3613,4,0,0,3613,0,14,"30-34 "
2147574,5,465,11,0,0,465,0,5,"<25 "
2147604,45,5334,12,0,0,5334,0,45,"35-39 "
2147741,70,12154,5,0,2548,9606,34,36,">65 "
2147833,11,1067,13,2,1067,0,11,0,"30-34 "
2147895,2,199,28,0,199,0,2,0,"40-44 "
2147925,27,10477,21,1,10477,0,27,0,"40-44 "
2147932,9,1344,32,0,0,1344,0,9,"<25 "
2147963,5,991,2,0,991,0,5,0,"<25 "
2148038,9,3900,3,0,3900,0,9,0,"40-44 "
2148069,27,2908,11,1,1113,1795,7,20,"25-29 "
2148250,3,2044,26,0,0,2044,0,3,"45-49 "
2148267,7,1991,19,0,0,1991,0,7,"40-44 "
2148304,18,7973,25,0,6032,1941,4,14,"25-29 "
2148335,1,45,7,0,45,0,1,0,"25-29 "
2148427,5,852,10,6,58,794,2,3,"<25 "
2148526,12,1387,39,0,0,1387,0,12,"25-29 "
2148557,1,199,28,0,199,0,1,0,"30-34 "
2148571,14,7939,24,1,7421,518,12,2,"25-29 "
2148625,2,184,23,0,184,0,2,0,"25-29 "
2148649,5,3426,9,5,3426,0,5,0,"30-34 "
2148670,4,274,34,1,100,174,2,2,"30-34 "
2148700,16,1738,16,0,1738,0,16,0,"35-39 "
2148748,36,2187,24,0,1963,224,33,3,"35-39 "
2148922,7,711,5,2,269,442,4,3,"<25 "
2148939,1,276,3,0,276,0,1,0,"30-34 "
2148946,5,210,23,0,210,0,5,0,"60-64 "
2149059,9,1725,2,0,1725,0,9,0,"40-44 "
2149066,3,512,14,0,512,0,3,0,"45-49 "
2149073,4,393,33,0,0,393,0,4,"30-34 "
2149097,18,3355,33,0,0,3355,0,18,"55-59 "
2149103,1,176,14,0,176,0,1,0,"45-49 "
2149127,13,1111,42,0,1111,0,13,0,"<25 "
2149134,2,774,21,0,774,0,2,0,"35-39 "
2149141,12,1266,14,1,1266,0,12,0,">65 "
2149172,4,677,7,7,677,0,4,0,"25-29 "
2149189,5,701,8,0,701,0,5,0,"30-34 "
2149202,7,630,11,0,0,630,0,7,"30-34 "
2149301,21,7307,8,2,7307,0,21,0,"35-39 "
2149318,3,184,35,0,184,0,3,0,"<25 "
2149325,3,2228,2,13,2228,0,3,0,"30-34 "
2149332,5,1338,16,0,1338,0,5,0,"60-64 "
2149349,6,583,18,0,0,583,0,6,"<25 "
2149363,13,6470,9,0,3328,3142,2,11,"30-34 "
2149394,15,2013,9,2,213,1800,4,11,"40-44 "
2149479,3,436,32,0,0,436,0,3,"35-39 "
2149547,7,304,11,0,0,304,0,7,"40-44 "
2149608,73,11987,4,0,817,11170,5,68,"30-34 "
2149615,6,339,2,3,254,85,4,2,"25-29 "
2149707,12,1039,8,0,1039,0,12,0,"40-44 "
2149745,5,847,18,0,0,847,0,5,"50-54 "
2149752,5,12358,11,0,0,12358,0,5,"30-34 "
2149806,9,2121,2,1,2121,0,9,0,"40-44 "
2149813,6,1219,15,0,1219,0,6,0,"35-39 "
2149875,7,427,9,0,289,138,5,2,"35-39 "
2149899,1,188,30,0,188,0,1,0,"25-29 "
2149905,29,4239,7,1,4239,0,29,0,"<25 "
2149912,6,315,12,0,0,315,0,6,"40-44 "
2149936,7,363,6,0,363,0,7,0,"25-29 "
2149950,9,1138,35,1,1138,0,9,0,"50-54 "
2149967,23,1703,11,0,101,1602,4,19,"30-34 "
2149981,4,79,5,4,0,79,0,4,"25-29 "
2149998,25,6236,14,0,1343,4893,12,13,"40-44 "
2150024,3,743,38,0,743,0,3,0,"25-29 "
2150031,2,308,14,0,308,0,2,0,"40-44 "
2150048,13,1126,19,0,0,1126,0,13,"45-49 "
2150055,7,793,28,0,793,0,7,0,"60-64 "
2150062,11,1317,19,0,0,1317,0,11,"30-34 "
2150130,3,190,31,0,190,0,3,0,"<25 "
2150161,9,737,40,0,0,737,0,9,"30-34 "
2150208,32,4855,6,1,3497,1358,15,17,"30-34 "
2150260,2,92,35,0,92,0,2,0,"<25 "
2150284,2,148,32,0,0,148,0,2,"25-29 "
2150291,1,28,30,0,28,0,1,0,"30-34 "
2150345,5,307,15,0,307,0,5,0,"<25 "
2150352,16,5070,18,0,0,5070,0,16,"40-44 "
2150369,1,169,6,0,169,0,1,0,"25-29 "
2150437,4,240,19,3,212,28,3,1,">65 "
2150444,3,393,8,0,393,0,3,0,"<25 "
2150482,16,1218,11,1,0,1218,0,16,"30-34 "
2150499,13,763,39,0,0,763,0,13,"30-34 "
2150550,25,2302,3,2,1376,926,17,8,"25-29 "
2150581,7,8931,10,0,8931,0,7,0,"30-34 "
2150666,4,762,5,4,495,267,2,2,"45-49 "
2150697,3,4128,6,0,4128,0,3,0,"30-34 "
2150703,6,319,8,6,319,0,6,0,"25-29 "
2150710,4,1693,22,0,1693,0,4,0,"45-49 "
2150758,4,237,32,0,0,237,0,4,"25-29 "
2150772,2,50,28,0,50,0,2,0,"<25 "
2150925,5,972,31,2,325,647,1,4,"35-39 "
2150932,4,1839,14,0,1839,0,4,0,"<25 "
2150949,29,3155,2,1,3155,0,29,0,"50-54 "
2150987,80,18243,2,0,344,17899,3,77,"<25 "
2150994,15,5345,21,1,952,4393,9,6,"<25 "
2151045,22,5375,18,1,0,5375,0,22,"30-34 "
2151069,20,2022,18,1,135,1887,1,19,"25-29 "
2151106,1,118,26,0,0,118,0,1,"<25 "
2151120,1,135,18,0,0,135,0,1,"45-49 "
2151137,8,1099,42,0,1099,0,8,0,"35-39 "
2151144,89,8194,11,0,638,7556,6,83,"35-39 "
2151175,4,545,5,0,0,545,0,4,"25-29 "
2151182,10,13474,5,1,0,13474,0,10,"30-34 "
2151205,9,1578,18,2,547,1031,5,4,"<25 "
2151250,2,83,13,8,83,0,2,0,"<25 "
2151274,1,396,10,0,396,0,1,0,"35-39 "
2151335,1,60,33,0,0,60,0,1,"<25 "
2151427,10,602,9,1,523,79,8,2,"45-49 "
2151458,27,39370,12,1,11245,28125,26,1,"40-44 "
2151472,20,2369,20,0,2369,0,20,0,"35-39 "
2151489,4,281,10,7,53,228,2,2,"35-39 "
2151496,2,432,5,0,0,432,0,2,"25-29 "
2151526,2,137,1,0,137,0,2,0,"25-29 "
2151533,5,447,40,0,0,447,0,5,"45-49 "
2151564,4,650,29,0,650,0,4,0,"50-54 "
2151595,15,2547,32,0,0,2547,0,15,"30-34 "
2151618,15,2070,10,2,2070,0,15,0,"50-54 "
2151625,14,3149,19,0,0,3149,0,14,"30-34 "
2151632,29,3954,6,0,2915,1039,22,7,"30-34 "
2151670,15,1115,19,0,0,1115,0,15,"25-29 "
2151687,4,472,19,0,0,472,0,4,"30-34 "
2151700,25,4006,33,0,0,4006,0,25,"40-44 "
2151748,2,435,5,0,0,435,0,2,"30-34 "
2151786,15,921,10,1,921,0,15,0,"<25 "
2151830,44,3135,3,0,3135,0,44,0,"35-39 "
2151847,16,631,3,2,631,0,16,0,"35-39 "
2151861,7,681,15,3,681,0,7,0,"<25 "
2151878,2,445,38,0,445,0,2,0,"40-44 "
2151915,18,2208,11,0,0,2208,0,18,"60-64 "
2151922,2,1750,27,0,1750,0,2,0,"55-59 "
2151946,5,652,10,1,652,0,5,0,"35-39 "
2151960,4,583,40,0,438,145,3,1,"45-49 "
2151984,5,403,27,0,403,0,5,0,"30-34 "
2151991,3,773,23,1,193,580,2,1,"25-29 "
2152042,81,11682,2,0,8932,2750,63,18,"<25 "
2152080,65,3208,5,1,2008,1200,42,23,"<25 "
2152097,15,1542,8,2,1542,0,15,0,"25-29 "
2152103,1,2496,21,0,2496,0,1,0,">65 "
2152189,7,648,26,0,0,648,0,7,"<25 "
2152257,21,23138,11,1,262,22876,5,16,"25-29 "
2152271,1,36,5,0,0,36,0,1,">65 "
2152288,5,471,8,0,471,0,5,0,"25-29 "
2152301,4,185,15,0,185,0,4,0,"25-29 "
2152363,17,2755,37,0,2755,0,17,0,"40-44 "
2152394,21,3063,19,1,278,2785,3,18,"35-39 "
2152448,1,396,6,0,396,0,1,0,"35-39 "
2152455,13,5391,6,1,5391,0,13,0,"35-39 "
2152462,9,2479,41,0,2479,0,9,0,"35-39 "
2152479,8,381,41,0,381,0,8,0,"25-29 "
2152493,4,257,30,0,257,0,4,0,"25-29 "
2152516,1,99,3,0,99,0,1,0,"25-29 "
2152523,10,4050,13,0,4050,0,10,0,"35-39 "
2152547,5,1735,9,4,1415,320,3,2,"30-34 "
2152554,4,188,32,2,128,60,3,1,"25-29 "
2152578,10,1049,21,0,1049,0,10,0,"25-29 "
2152592,4,608,40,0,0,608,0,4,"30-34 "
2152615,5,273,10,6,273,0,5,0,">65 "
2152622,13,1040,7,0,1040,0,13,0,"<25 "
2152677,5,7161,16,0,7161,0,5,0,"30-34 "
2152691,26,2773,39,0,0,2773,0,26,"30-34 "
2152752,4,1941,17,0,1941,0,4,0,"25-29 "
2152776,2,311,34,0,311,0,2,0,"40-44 "
2152806,2,78,8,0,78,0,2,0,"25-29 "
2152851,14,5066,11,2,390,4676,5,9,"55-59 "
2152882,3,3572,19,5,0,3572,0,3,"40-44 "
2152899,25,2811,5,0,2546,265,21,4,"35-39 "
2152905,4,990,40,0,0,990,0,4,"25-29 "
2152912,7,236,18,0,0,236,0,7,"<25 "
2152936,8,3061,5,0,0,3061,0,8,"35-39 "
2152950,4,4636,4,0,0,4636,0,4,"30-34 "
2152981,4,264,4,0,0,264,0,4,"35-39 "
2153018,2,2039,6,0,2039,0,2,0,"25-29 "
2153025,17,3072,4,1,0,3072,0,17,"30-34 "
2153056,6,796,14,0,796,0,6,0,"25-29 "
2153162,19,2320,4,0,0,2320,0,19,"45-49 "
2153186,5,103,32,0,0,103,0,5,"30-34 "
2153223,2,229,32,0,0,229,0,2,"30-34 "
2153261,22,3532,19,1,272,3260,4,18,"30-34 "
2153278,5,654,14,0,654,0,5,0,"45-49 "
2153292,25,3301,6,1,1476,1825,12,13,"35-39 "
2153322,18,6555,3,2,6555,0,18,0,"35-39 "
2153360,21,3337,24,1,1422,1915,12,9,"30-34 "
2153384,3,617,31,0,617,0,3,0,"35-39 "
2153438,2,351,31,0,351,0,2,0,"<25 "
2153445,21,3173,11,2,1079,2094,3,18,"55-59 "
2153452,4,460,19,0,0,460,0,4,"40-44 "
2153469,38,3619,3,1,3619,0,38,0,"50-54 "
2153476,4,2097,14,7,2097,0,4,0,">65 "
2153483,2,478,15,0,478,0,2,0,">65 "
2153490,2,531,16,0,531,0,2,0,"55-59 "
2153513,10,4587,39,0,0,4587,0,10,"35-39 "
2153544,8,1537,22,1,1537,0,8,0,"30-34 "
2153650,6,1197,15,0,1197,0,6,0,">65 "
2153728,6,279,19,2,127,152,2,4,"30-34 "
2153759,3,6832,11,0,0,6832,0,3,"40-44 "
2153827,3,287,16,5,287,0,3,0,"30-34 "
2153834,8,3200,29,0,3200,0,8,0,"25-29 "
2153896,20,2121,15,1,2121,0,20,0,"50-54 "
2153902,21,3924,20,1,3293,631,18,3,"25-29 "
2153919,28,10998,4,1,1872,9126,9,19,"<25 "
2153933,1,836,41,0,836,0,1,0,"30-34 "
2153971,3,61,33,3,49,12,2,1,"25-29 "
2154039,77,6743,2,1,4714,2029,52,25,"<25 "
2154053,22,2867,13,1,469,2398,11,11,"35-39 "
2154060,2,1041,9,4,1041,0,2,0,"45-49 "
2154121,13,3201,5,0,0,3201,0,13,"25-29 "
2154145,5,4157,2,0,4157,0,5,0,"<25 "
2154152,14,4780,9,2,4568,212,13,1,"25-29 "
2154237,2,764,17,0,764,0,2,0,"35-39 "
2154268,19,1332,7,1,1332,0,19,0,"25-29 "
2154275,6,2993,16,0,2993,0,6,0,"25-29 "
2154282,4,210,22,3,210,0,4,0,"30-34 "
2154329,33,20965,14,1,14981,5984,18,15,">65 "
2154336,5,552,18,0,0,552,0,5,"30-34 "
2154343,7,772,5,0,0,772,0,7,"<25 "
2154381,6,62568,9,0,62568,0,6,0,"30-34 "
2154398,13,10221,2,3,7392,2829,9,4,"35-39 "
2154404,15,1356,42,0,1356,0,15,0,"35-39 "
2154428,52,11727,4,0,1912,9815,12,40,"45-49 "
2154435,3,888,5,0,580,308,1,2,"45-49 "
2154442,6,508,26,1,359,149,5,1,"30-34 "
2154466,5,484,18,0,0,484,0,5,"30-34 "
2154480,8,607,26,0,0,607,0,8,"35-39 "
2154503,17,7311,6,2,2376,4935,9,8,"<25 "
2154718,14,3993,9,0,3993,0,14,0,"30-34 "
2154756,3,348,32,0,0,348,0,3,"30-34 "
2154763,9,1807,18,0,0,1807,0,9,"30-34 "
2154787,48,4272,11,0,0,4272,0,48,"35-39 "
2154794,22,3786,19,1,0,3786,0,22,"35-39 "
2154817,6,638,13,0,638,0,6,0,"<25 "
2154831,2,1620,18,2,1584,36,1,1,"<25 "
2154862,5,639,33,0,0,639,0,5,"45-49 "
2154909,5,561,17,0,561,0,5,0,"40-44 "
2154978,63,6751,3,1,5011,1740,50,13,"45-49 "
2155029,8,788,15,2,315,473,6,2,"25-29 "
2155081,3,12439,21,7,10279,2160,2,1,"45-49 "
2155135,9,1322,2,0,1322,0,9,0,"25-29 "
2155166,34,3127,8,1,2428,699,26,8,"<25 "
2155173,16,1887,14,2,1887,0,16,0,"<25 "
2155180,3,351,42,0,351,0,3,0,"<25 "
2155197,22,3030,37,0,3030,0,22,0,"<25 "
2155210,12,3479,4,3,1535,1944,8,4,"<25 "
2155258,18,4211,10,2,1426,2785,7,11,"35-39 "
2155265,8,1406,42,0,1406,0,8,0,"40-44 "
2155289,9,2682,16,3,2682,0,9,0,"25-29 "
2155319,17,1751,16,2,1751,0,17,0,"35-39 "
2155340,16,4490,9,2,4490,0,16,0,"25-29 "
2155357,21,5182,11,1,2473,2709,17,4,"<25 "
2155364,6,516,42,0,516,0,6,0,"30-34 "
2155371,27,7056,42,0,7056,0,27,0,"40-44 "
2155395,6,10299,7,6,10299,0,6,0,"35-39 "
2155401,10,1478,12,3,1043,435,6,4,"35-39 "
2155418,15,7499,6,2,7499,0,15,0,"25-29 "
2155425,10,431,41,0,431,0,10,0,"<25 "
2155449,12,1269,41,0,1269,0,12,0,"50-54 "
2155456,31,30437,14,1,30437,0,31,0,"35-39 "
2155463,17,4991,38,0,4530,461,13,4,"30-34 "
2155470,1,199,41,0,199,0,1,0,"25-29 "
2155487,3,285,41,0,285,0,3,0,"35-39 "
2155494,6,2312,39,0,237,2075,4,2,"35-39 "
2155517,3,259,34,2,60,199,1,2,"40-44 "
2155531,17,29242,40,0,0,29242,0,17,"25-29 "
2155548,5,848,40,0,0,848,0,5,"35-39 "
2155555,4,3553,40,0,0,3553,0,4,"35-39 "
2155562,7,661,40,0,0,661,0,7,"30-34 "
2155579,1,109,40,0,0,109,0,1,"25-29 "
2155593,19,2317,5,2,388,1929,7,12,"25-29 "
2155609,3,248,22,4,248,0,3,0,"45-49 "
2155616,20,2152,40,0,0,2152,0,20,"35-39 "
2155623,5,301,40,0,0,301,0,5,"60-64 "
2155630,6,1886,40,0,0,1886,0,6,"30-34 "
2155647,15,2424,40,0,0,2424,0,15,"45-49 "
2155654,7,774,14,2,774,0,7,0,"30-34 "
2155678,6,823,40,0,0,823,0,6,"<25 "
2155685,14,903,5,0,0,903,0,14,"30-34 "
2155692,7,4347,40,0,0,4347,0,7,"35-39 "
2155708,24,3443,40,0,0,3443,0,24,"25-29 "
2155739,21,2315,4,1,0,2315,0,21,"35-39 "
2155753,6,595,39,0,0,595,0,6,"40-44 "
2155777,35,4725,32,0,0,4725,0,35,"25-29 "
2155784,47,5130,31,0,3244,1886,27,20,"35-39 "
2155807,22,2795,11,1,0,2795,0,22,"40-44 "
2155814,3,201,39,0,0,201,0,3,"40-44 "
2155838,10,1027,4,0,0,1027,0,10,"50-54 "
2155845,97,12009,4,0,6401,5608,46,51,"30-34 "
2155883,9,371,11,3,0,371,0,9,"40-44 "
2155906,17,915,39,0,0,915,0,17,"30-34 "
2155913,9,1221,39,0,0,1221,0,9,"25-29 "
2155920,32,2354,16,1,954,1400,16,16,"40-44 "
2155937,14,1472,5,2,0,1472,0,14,"35-39 "
2155944,2,126,39,0,0,126,0,2,"50-54 "
2155951,11,2092,39,0,0,2092,0,11,"45-49 "
2155975,3,348,39,0,0,348,0,3,"<25 "
2156002,8,1335,39,0,0,1335,0,8,"35-39 "
2156019,8,4874,39,0,0,4874,0,8,"45-49 "
2156033,13,755,39,0,0,755,0,13,"25-29 "
2156040,54,6409,12,0,0,6409,0,54,"45-49 "
2156057,21,3118,6,2,2181,937,12,9,"40-44 "
2156064,16,1152,10,2,305,847,10,6,"25-29 "
2156071,13,912,15,2,454,458,5,8,"30-34 "
2156088,13,667,8,2,163,504,5,8,"30-34 "
2156095,1,490,39,0,0,490,0,1,"25-29 "
2156101,7,5687,39,0,0,5687,0,7,"25-29 "
2156118,31,3416,6,1,1713,1703,20,11,"30-34 "
2156125,9,1002,39,0,0,1002,0,9,"40-44 "
2156156,16,4897,39,0,0,4897,0,16,"25-29 "
2156163,27,9153,11,0,6176,2977,16,11,"<25 "
2156170,18,1607,15,1,1607,0,18,0,"45-49 "
2156200,4,402,4,0,0,402,0,4,"30-34 "
2156217,10,3853,33,0,2991,862,5,5,"40-44 "
2156224,1,15,38,0,15,0,1,0,"35-39 "
2156231,8,2363,38,0,2363,0,8,0,"50-54 "
2156262,12,807,38,0,807,0,12,0,"<25 "
2156279,2,161,38,0,161,0,2,0,"50-54 "
2156286,13,6519,38,0,6519,0,13,0,"35-39 "
2156309,11,669,4,2,142,527,2,9,"<25 "
2156316,4,153,18,5,78,75,2,2,"<25 "
2156330,34,3824,36,0,3824,0,34,0,"35-39 "
2156347,16,4481,8,2,3621,860,14,2,"25-29 "
2156378,3,546,38,0,546,0,3,0,"<25 "
2156392,14,3259,10,2,3259,0,14,0,"25-29 "
2156415,54,3278,3,1,2333,945,41,13,"30-34 "
2156422,7,756,11,4,204,552,2,5,"35-39 "
2156446,13,1682,8,2,1682,0,13,0,"35-39 "
2156453,4,344,37,0,344,0,4,0,"25-29 "
2156460,5,923,12,0,804,119,4,1,">65 "
2156477,19,3264,4,2,2533,731,16,3,"40-44 "
2156491,2,1179,37,0,1179,0,2,0,"25-29 "
2156507,12,7467,37,0,7467,0,12,0,"50-54 "
2156514,12,1080,37,0,1080,0,12,0,"30-34 "
2156538,1,225,37,0,225,0,1,0,"35-39 "
2156545,2,4092,37,0,4092,0,2,0,"40-44 "
2156552,1,396,37,0,396,0,1,0,"25-29 "
2156569,11,2578,22,1,2578,0,11,0,"40-44 "
2156590,13,844,3,3,844,0,13,0,"<25 "
2156606,2,1280,37,0,1280,0,2,0,"40-44 "
2156613,15,970,10,2,618,352,9,6,"25-29 "
2156620,10,1434,21,1,1434,0,10,0,"<25 "
2156637,15,798,35,0,798,0,15,0,"<25 "
2156644,5,1457,35,0,1457,0,5,0,"25-29 "
2156651,18,1821,35,0,1821,0,18,0,"30-34 "
2156682,2,2501,36,0,2501,0,2,0,">65 "
2156705,8,484,20,2,484,0,8,0,"25-29 "
2156712,8,1876,35,0,1876,0,8,0,"<25 "
2156729,11,2114,22,1,2114,0,11,0,"30-34 "
2156736,3,1014,36,0,1014,0,3,0,"25-29 "
2156743,1,436,36,0,436,0,1,0,"35-39 "
2156750,35,7965,19,0,3789,4176,11,24,"50-54 "
2156767,10,1379,36,0,1379,0,10,0,"<25 "
2156774,5,1419,34,0,1419,0,5,0,"30-34 "
2156811,12,800,6,0,800,0,12,0,"25-29 "
2156859,51,3846,2,1,3846,0,51,0,"30-34 "
2156873,17,1366,35,0,1366,0,17,0,"40-44 "
2156880,3,203,35,0,203,0,3,0,"25-29 "
2156910,4,182,35,0,182,0,4,0,"45-49 "
2156934,13,1148,9,0,1148,0,13,0,"25-29 "
2156958,1,85,21,0,85,0,1,0,"<25 "
2156996,2,214,35,0,214,0,2,0,"<25 "
2157047,1,2064,35,0,2064,0,1,0,"25-29 "
2157085,24,5209,5,0,0,5209,0,24,"25-29 "
2157092,2,115,34,0,115,0,2,0,"30-34 "
2157115,24,3590,32,0,751,2839,7,17,"30-34 "
2157122,5,765,34,0,765,0,5,0,"30-34 "
2157146,34,10871,14,1,7344,3527,30,4,"35-39 "
2157177,5,352,12,4,214,138,2,3,"40-44 "
2157184,3,3955,28,2,3955,0,3,0,"30-34 "
2157191,15,4844,20,1,4844,0,15,0,"40-44 "
2157207,4,398,12,6,34,364,1,3,"25-29 "
2157214,4,505,34,0,505,0,4,0,"35-39 "
2157238,8,586,34,0,586,0,8,0,"45-49 "
2157269,4,2073,31,0,2073,0,4,0,"35-39 "
2157276,10,6404,33,0,2836,3568,6,4,"30-34 "
2157283,1,360,34,0,360,0,1,0,"45-49 "
2157290,16,1579,34,0,1579,0,16,0,"45-49 "
2157306,2,114,27,0,114,0,2,0,"40-44 "
2157313,5,624,34,0,624,0,5,0,"<25 "
2157320,4,473,14,0,473,0,4,0,"35-39 "
2157337,27,1993,34,0,1993,0,27,0,"<25 "
2157344,3,234,34,0,234,0,3,0,"30-34 "
2157351,7,6460,33,0,0,6460,0,7,"30-34 "
2157368,10,1365,33,0,0,1365,0,10,"35-39 "
2157375,19,2891,20,1,2692,199,17,2,"<25 "
2157399,3,846,33,0,0,846,0,3,"50-54 "
2157412,3,616,33,0,0,616,0,3,"30-34 "
2157436,5,1482,33,0,0,1482,0,5,"30-34 "
2157443,5,172,33,0,0,172,0,5,"<25 "
2157450,4,272,25,2,0,272,0,4,"25-29 "
2157467,2,153,33,0,0,153,0,2,"30-34 "
2157474,11,3466,33,0,0,3466,0,11,"50-54 "
2157504,7,293,33,0,0,293,0,7,"40-44 "
2157528,12,5315,25,0,3718,1597,7,5,"25-29 "
2157542,53,8819,5,1,0,8819,0,53,"40-44 "
2157559,33,2379,18,0,0,2379,0,33,"30-34 "
2157566,38,2608,11,0,1603,1005,15,23,"30-34 "
2157610,14,1974,5,2,360,1614,4,10,"50-54 "
2157634,5,640,14,0,640,0,5,0,"40-44 "
2157641,12,3390,33,0,0,3390,0,12,"35-39 "
2157658,16,1398,6,1,1398,0,16,0,"<25 "
2157665,7,791,33,0,0,791,0,7,"30-34 "
2157672,13,18274,32,0,0,18274,0,13,"45-49 "
2157689,10,1159,32,0,0,1159,0,10,"25-29 "
2157696,11,949,32,0,0,949,0,11,"25-29 "
2157702,7,3349,12,3,0,3349,0,7,"35-39 "
2157726,36,5416,9,1,4367,1049,30,6,"35-39 "
2157740,2,177,13,0,177,0,2,0,"30-34 "
2157757,1,184,25,0,0,184,0,1,"<25 "
2157764,12,1603,11,2,0,1603,0,12,"25-29 "
2157788,4,594,32,0,0,594,0,4,"25-29 "
2157795,12,2644,30,0,2644,0,12,0,"30-34 "
2157801,3,3006,19,0,0,3006,0,3,"35-39 "
2157818,1,796,27,0,796,0,1,0,"25-29 "
2157825,8,1545,32,0,0,1545,0,8,"35-39 "
2157832,27,10201,25,0,0,10201,0,27,"55-59 "
2157849,4,410,32,0,0,410,0,4,"35-39 "
2157856,2,6061,32,0,0,6061,0,2,"40-44 "
2157863,1,512,32,0,0,512,0,1,"25-29 "
2157870,9,1629,31,0,660,969,2,7,"55-59 "
2157887,8,474,32,0,0,474,0,8,"35-39 "
2157894,17,7466,11,1,0,7466,0,17,"<25 "
2157900,18,5043,8,1,3388,1655,17,1,"35-39 "
2157924,9,2893,32,0,0,2893,0,9,"30-34 "
2157931,26,2020,32,0,0,2020,0,26,"35-39 "
2157948,1,159,32,0,0,159,0,1,"25-29 "
2157962,7,10902,32,0,0,10902,0,7,">65 "
2157979,13,6401,32,0,0,6401,0,13,"30-34 "
2157993,13,1283,31,0,249,1034,3,10,"35-39 "
2158006,8,1307,32,0,0,1307,0,8,"30-34 "
2158013,13,2564,15,1,1329,1235,6,7,"25-29 "
2158020,99,9022,2,0,4994,4028,52,47,"25-29 "
2158051,4,128,32,0,0,128,0,4,"<25 "
2158068,2,148,32,0,0,148,0,2,"30-34 "
2158075,12,1880,17,1,535,1345,6,6,"30-34 "
2158082,52,7330,32,0,0,7330,0,52,"35-39 "
2158099,11,1440,4,3,0,1440,0,11,"35-39 "
2158112,9,3268,14,2,726,2542,6,3,"35-39 "
2158129,15,4984,32,0,0,4984,0,15,"30-34 "
2158136,1,288,29,0,288,0,1,0,"35-39 "
2158143,19,2511,31,0,2511,0,19,0,"45-49 "
2158150,5,248,31,0,248,0,5,0,"35-39 "
2158167,2,1090,22,0,1090,0,2,0,">65 "
2158174,11,5193,16,1,5193,0,11,0,"40-44 "
2158181,12,2410,18,1,1412,998,4,8,"30-34 "
2158198,6,664,31,0,664,0,6,0,"25-29 "
2158211,9,100063,13,0,100063,0,9,0,"35-39 "
2158266,4,2455,31,0,2455,0,4,0,"35-39 "
2158273,1,135,31,0,135,0,1,0,"45-49 "
2158297,7,9595,31,0,9595,0,7,0,">65 "
2158303,4,626,31,0,626,0,4,0,"45-49 "
2158310,43,8323,3,1,8323,0,43,0,"35-39 "
2158327,12,5207,31,0,5207,0,12,0,"35-39 "
2158341,10,10138,30,0,10138,0,10,0,"55-59 "
2158358,5,606,22,0,606,0,5,0,"25-29 "
2158365,17,1135,27,0,1135,0,17,0,"<25 "
2158372,12,1159,31,0,1159,0,12,0,"25-29 "
2158389,7,329,31,0,329,0,7,0,"<25 "
2158396,2,228,31,0,228,0,2,0,"<25 "
2158419,6,2121,31,0,2121,0,6,0,"25-29 "
2158433,3,626,28,0,626,0,3,0,"30-34 "
2158457,2,414,30,0,414,0,2,0,"<25 "
2158471,12,661,30,0,661,0,12,0,"55-59 "
2158488,10,1193,21,1,1193,0,10,0,"<25 "
2158501,5,509,18,0,0,509,0,5,"45-49 "
2158532,7,2661,30,0,2661,0,7,0,"30-34 "
2158549,44,62173,19,0,53782,8391,34,10,"35-39 "
2158556,15,6768,16,1,6768,0,15,0,"25-29 "
2158563,1,12564,30,0,12564,0,1,0,"25-29 "
2158570,15,13812,30,0,13812,0,15,0,"25-29 "
2158594,14,6970,30,0,6970,0,14,0,"<25 "
2158600,15,1891,19,0,0,1891,0,15,"35-39 "
2158624,29,1797,10,1,1759,38,27,2,"<25 "
2158631,1,199,29,0,199,0,1,0,"50-54 "
2158648,3,121,29,0,121,0,3,0,"<25 "
2158655,7,809,14,2,809,0,7,0,"<25 "
2158662,4,328,12,0,0,328,0,4,"40-44 "
2158686,11,8859,11,2,5196,3663,8,3,"<25 "
2158693,23,3965,2,1,3456,509,19,4,"50-54 "
2158709,1,3120,29,0,3120,0,1,0,"40-44 "
2158716,14,14193,29,0,14193,0,14,0,"<25 "
2158723,12,7729,23,0,7729,0,12,0,"<25 "
2158730,6,2592,29,0,2592,0,6,0,"30-34 "
2158761,33,371923,28,0,371923,0,33,0,"45-49 "
2158778,6,1103,28,0,1103,0,6,0,"25-29 "
2158785,3,173,28,0,173,0,3,0,"45-49 "
2158853,9,4734,25,0,4007,727,6,3,"25-29 "
2158860,1,185,28,0,185,0,1,0,"45-49 "
2158884,2,935,21,0,935,0,2,0,"30-34 "
2158891,1,3590,28,0,3590,0,1,0,"<25 "
2158907,6,766,28,0,766,0,6,0,"35-39 "
2158914,6,7474,28,0,7474,0,6,0,"40-44 "
2158921,1,79,27,0,79,0,1,0,"25-29 "
2158945,7,301,27,0,301,0,7,0,"35-39 "
2158976,18,12377,7,1,6414,5963,7,11,"25-29 "
2158983,2,3699,5,7,0,3699,0,2,"25-29 "
2159003,22,2690,4,0,0,2690,0,22,"45-49 "
2159010,8,5926,27,0,5926,0,8,0,"30-34 "
2159027,4,258,27,0,258,0,4,0,"35-39 "
2159072,10,2070,27,0,2070,0,10,0,"45-49 "
2159089,3,1176,4,8,618,558,2,1,"25-29 "
2159096,1,15,27,0,15,0,1,0,"25-29 "
2159102,1,123,4,0,0,123,0,1,"25-29 "
2159119,18,4149,4,1,4003,146,15,3,"35-39 "
2159126,8,4119,27,0,4119,0,8,0,"30-34 "
2159140,4,554,18,0,0,554,0,4,"60-64 "
2159157,1,38,10,0,38,0,1,0,"30-34 "
2159164,9,7655,3,0,360,7295,3,6,"30-34 "
2159171,3,1422,2,0,1422,0,3,0,"30-34 "
2159195,1,99,26,0,0,99,0,1,"35-39 "
2159201,10,1148,18,0,0,1148,0,10,"40-44 "
2159225,5,4159,26,0,0,4159,0,5,"50-54 "
2159263,17,1470,26,0,0,1470,0,17,"30-34 "
2159270,6,102,26,0,0,102,0,6,"<25 "
2159287,3,202,26,0,0,202,0,3,"<25 "
2159294,3,818,17,0,818,0,3,0,"25-29 "
2159300,2,9540,26,0,0,9540,0,2,">65 "
2159317,7,2996,7,1,2996,0,7,0,"35-39 "
2159324,6,3318,26,0,0,3318,0,6,"35-39 "
2159331,1,9,26,0,0,9,0,1,"25-29 "
2159362,4,495,4,4,0,495,0,4,"35-39 "
2159379,5,473,25,0,0,473,0,5,"25-29 "
2159386,4,745,22,1,145,600,1,3,"30-34 "
2159409,12,1224,25,0,0,1224,0,12,"55-59 "
2159416,16,1469,25,0,0,1469,0,16,"55-59 "
2159447,6,657,25,0,0,657,0,6,"35-39 "
2159454,8,426,25,0,0,426,0,8,"35-39 "
2159461,6,597,25,0,0,597,0,6,"40-44 "
2159478,4,1095,25,0,0,1095,0,4,"40-44 "
2159485,4,529,25,0,0,529,0,4,"<25 "
2159492,2,464,25,0,0,464,0,2,"40-44 "
2159508,12,537,25,0,0,537,0,12,"50-54 "
2159522,9,1943,25,0,0,1943,0,9,"50-54 "
2159539,4,199,25,0,0,199,0,4,"30-34 "
2159553,5,301,25,0,0,301,0,5,"30-34 "
2159591,11,1007,16,1,1007,0,11,0,"25-29 "
2159676,4,1811,24,0,1811,0,4,0,"<25 "
2159706,1,128,24,0,128,0,1,0,"25-29 "
2159713,18,22572,23,0,22572,0,18,0,"35-39 "
2159720,1,145,21,0,145,0,1,0,"40-44 "
2159744,5,1365,12,0,325,1040,4,1,"50-54 "
2159768,15,12495,23,0,12495,0,15,0,"50-54 "
2159782,22,4103,23,0,4103,0,22,0,"<25 "
2159799,12,5411,2,2,5411,0,12,0,"30-34 "
2159805,7,748,6,2,748,0,7,0,"30-34 "
2159812,3,206,23,0,206,0,3,0,"<25 "
2159829,3,169,5,6,117,52,2,1,"<25 "
2159843,7,219,23,0,219,0,7,0,"25-29 "
2159850,9,525,23,0,525,0,9,0,"<25 "
2159874,7,4494,22,0,4494,0,7,0,"45-49 "
2159935,8,5599,22,0,5599,0,8,0,"30-34 "
2159942,2,920,22,0,920,0,2,0,"35-39 "
2159959,20,2588,22,0,2588,0,20,0,"<25 "
2159966,5,1812,22,0,1812,0,5,0,"35-39 "
2159973,24,13490,18,0,1798,11692,7,17,"35-39 "
2159980,4,1261,22,0,1261,0,4,0,"55-59 "
2160009,1,590,22,0,590,0,1,0,"40-44 "
2160030,6,2205,22,0,2205,0,6,0,"30-34 "
2160047,3,181,22,0,181,0,3,0,"25-29 "
2160054,13,3544,22,0,3544,0,13,0,"25-29 "
2160061,27,3759,16,0,3759,0,27,0,"<25 "
2160078,12,4756,7,1,4756,0,12,0,"35-39 "
2160085,5,4556,22,0,4556,0,5,0,"30-34 "
2160092,19,2741,2,1,2741,0,19,0,"35-39 "
2160108,5,478,21,0,478,0,5,0,"30-34 "
2160115,2,198,21,0,198,0,2,0,"60-64 "
2160122,4,2973,21,0,2973,0,4,0,"30-34 "
2160139,13,740,21,0,740,0,13,0,"45-49 "
2160146,3,944,21,0,944,0,3,0,"45-49 "
2160177,32,31146,21,0,31146,0,32,0,"30-34 "
2160184,6,1139,6,2,1139,0,6,0,"35-39 "
2160214,3,1313,21,0,1313,0,3,0,"55-59 "
2160238,8,372,21,0,372,0,8,0,"<25 "
2160245,19,1220,3,1,627,593,9,10,"30-34 "
2160252,4,1613,21,0,1613,0,4,0,"35-39 "
2160269,7,911,21,0,911,0,7,0,"35-39 "
2160344,11,6609,17,0,2910,3699,9,2,"30-34 "
2160351,10,4197,17,0,1198,2999,8,2,"30-34 "
2160368,9,907,17,0,907,0,9,0,"35-39 "
2160399,3,6646,21,0,6646,0,3,0,"50-54 "
2160405,1,168,21,0,168,0,1,0,"30-34 "
2160412,3,230,2,0,230,0,3,0,"<25 "
2160429,8,466,13,0,466,0,8,0,"<25 "
2160436,2,124,21,0,124,0,2,0,"25-29 "
2160504,1,179,19,0,0,179,0,1,"30-34 "
2160573,4,518,8,0,518,0,4,0,"30-34 "
2160580,4,323,20,0,323,0,4,0,"45-49 "
2160627,4,564,20,0,564,0,4,0,"35-39 "
2160634,1,891,20,0,891,0,1,0,"35-39 "
2160641,6,4334,12,1,1087,3247,3,3,"50-54 "
2160658,4,333,20,0,333,0,4,0,"25-29 "
2160689,11,1016,20,0,1016,0,11,0,"30-34 "
2160696,7,6028,2,0,6028,0,7,0,"35-39 "
2160726,16,5542,5,0,0,5542,0,16,"35-39 "
2160733,15,5296,19,0,0,5296,0,15,"30-34 "
2160740,3,992,2,6,43,949,1,2,"35-39 "
2160757,14,1520,19,0,0,1520,0,14,"45-49 "
2160764,1,29,2,0,29,0,1,0,"25-29 "
2160788,1,396,19,0,0,396,0,1,"<25 "
2160795,19,6360,19,0,0,6360,0,19,"30-34 "
2160818,12,1868,19,0,0,1868,0,12,"30-34 "
2160849,2,81,19,0,0,81,0,2,"35-39 "
2160856,1,36,19,0,0,36,0,1,"45-49 "
2160863,5,16367,19,0,0,16367,0,5,"30-34 "
2160870,9,1109,19,0,0,1109,0,9,"35-39 "
2160917,13,1850,19,0,0,1850,0,13,"60-64 "
2160924,6,1737,19,0,0,1737,0,6,"40-44 "
2160931,5,584,5,3,0,584,0,5,"25-29 "
2160948,14,5920,19,0,0,5920,0,14,"50-54 "
2160955,7,434,19,0,0,434,0,7,"35-39 "
2160962,4,1363,19,0,0,1363,0,4,"40-44 "
2160979,7,458,18,0,0,458,0,7,"25-29 "
2160986,5,2231,19,0,0,2231,0,5,"25-29 "
2161006,10,588,15,0,159,429,4,6,"25-29 "
2161044,9,930,5,2,0,930,0,9,"45-49 "
2161051,7,328,19,0,0,328,0,7,"30-34 "
2161068,13,1774,12,1,0,1774,0,13,"<25 "
2161075,12,609,2,1,609,0,12,0,"35-39 "
2161082,26,4441,19,0,0,4441,0,26,"40-44 "
2161099,9,1448,7,1,715,733,5,4,"30-34 "
2161105,9,11336,18,0,0,11336,0,9,"45-49 "
2161112,1,1090,18,0,0,1090,0,1,"40-44 "
2161129,6,708,18,0,0,708,0,6,"35-39 "
2161143,8,1029,18,0,0,1029,0,8,"30-34 "
2161150,13,701,9,1,163,538,8,5,"35-39 "
2161167,8,1120,7,1,592,528,4,4,"60-64 "
2161174,12,5952,18,0,0,5952,0,12,"35-39 "
2161181,19,5423,18,0,0,5423,0,19,"25-29 "
2161198,28,2490,18,0,0,2490,0,28,"30-34 "
2161204,8,8776,18,0,0,8776,0,8,"50-54 "
2161242,3,14611,2,0,14611,0,3,0,"30-34 "
2161259,15,1848,18,0,0,1848,0,15,"25-29 "
2161266,11,811,18,0,0,811,0,11,"30-34 "
2161280,9,389,18,0,0,389,0,9,"45-49 "
2161297,16,4552,8,1,1445,3107,7,9,"30-34 "
2161303,6,1288,18,0,0,1288,0,6,"40-44 "
2161327,8,1149,18,0,0,1149,0,8,"30-34 "
2161341,4,285,18,0,0,285,0,4,"40-44 "
2161358,4,481,8,0,481,0,4,0,"40-44 "
2161372,1,89,18,0,0,89,0,1,"<25 "
2161389,1,48,18,0,0,48,0,1,"<25 "
2161396,13,4405,15,0,3087,1318,2,11,"30-34 "
2161419,26,12324,3,0,12324,0,26,0,"35-39 "
2161426,5,383,3,3,383,0,5,0,"45-49 "
2161457,2,67,3,0,67,0,2,0,"<25 "
2161464,7,2895,17,0,2895,0,7,0,"40-44 "
2161488,5,443,17,0,443,0,5,0,"50-54 "
2161501,5,3572,17,0,3572,0,5,0,"40-44 "
2161525,8,1588,17,0,1588,0,8,0,"35-39 "
2161532,9,559,2,1,284,275,6,3,"25-29 "
2161549,8,2427,17,0,2427,0,8,0,"45-49 "
2161556,6,4560,17,0,4560,0,6,0,"35-39 "
2161563,1,36,17,0,36,0,1,0,"35-39 "
2161570,21,6812,16,0,6812,0,21,0,"40-44 "
2161587,15,1777,6,1,1777,0,15,0,"60-64 "
2161594,12,4818,3,1,4818,0,12,0,"30-34 "
2161617,9,1896,5,1,1372,524,7,2,"35-39 "
2161648,3,295,16,0,295,0,3,0,"50-54 "
2161655,24,1752,16,0,1752,0,24,0,"30-34 "
2161662,4,1159,13,0,1159,0,4,0,"<25 "
2161679,1,36,14,0,36,0,1,0,"35-39 "
2161686,18,2433,14,0,2433,0,18,0,"45-49 "
2161709,10,2621,16,0,2621,0,10,0,"25-29 "
2161723,1,36,16,0,36,0,1,0,"<25 "
2161730,5,368,11,0,0,368,0,5,"30-34 "
2161747,5,2922,16,0,2922,0,5,0,"30-34 "
2161754,2,580,16,0,580,0,2,0,"25-29 "
2161785,8,1200,16,0,1200,0,8,0,"25-29 "
2161792,8,4789,5,1,2465,2324,4,4,"25-29 "
2161815,14,3082,7,1,3082,0,14,0,"<25 "
2161822,7,4479,11,0,0,4479,0,7,"40-44 "
2161839,4,382,15,0,382,0,4,0,"<25 "
2161853,7,194,11,0,0,194,0,7,"<25 "
2161860,5,638,15,0,638,0,5,0,"35-39 "
2161877,1,120,8,0,120,0,1,0,"25-29 "
2161907,25,2126,4,0,1435,691,16,9,">65 "
2161914,38,3302,15,0,3302,0,38,0,"25-29 "
2161921,1,99,15,0,99,0,1,0,"45-49 "
2161938,7,626,15,0,626,0,7,0,"35-39 "
2161969,24,1438,15,0,1438,0,24,0,"25-29 "
2161976,6,626,14,0,626,0,6,0,"50-54 "
2161983,12,3620,14,0,3620,0,12,0,"55-59 "
2162003,4,2156,14,0,2156,0,4,0,"30-34 "
2162027,14,1696,9,0,1696,0,14,0,"45-49 "
2162034,3,2106,14,0,2106,0,3,0,"35-39 "
2162065,2,3044,14,0,3044,0,2,0,"45-49 "
2162072,7,4715,2,0,4715,0,7,0,"25-29 "
2162089,11,1371,13,0,1371,0,11,0,"30-34 "
2162096,5,3252,13,0,3252,0,5,0,"60-64 "
2162102,5,27918,13,0,27918,0,5,0,"40-44 "
2162119,5,720,4,2,324,396,3,2,"25-29 "
2162164,2,401,13,0,401,0,2,0,"<25 "
2162171,6,877,13,0,877,0,6,0,"40-44 "
2162195,3,861,13,0,861,0,3,0,"45-49 "
2162218,10,11721,3,1,11721,0,10,0,"<25 "
2162232,7,1817,13,0,1817,0,7,0,"45-49 "
2162249,40,3403,6,0,3403,0,40,0,"40-44 "
2162256,39,3404,13,0,3404,0,39,0,"30-34 "
2162270,20,2931,13,0,2931,0,20,0,"25-29 "
2162287,7,8771,11,0,0,8771,0,7,"40-44 "
2162300,8,1141,12,0,0,1141,0,8,"35-39 "
2162324,3,1376,12,0,0,1376,0,3,"30-34 "
2162355,8,2079,12,0,0,2079,0,8,"45-49 "
2162362,1,43,12,0,0,43,0,1,"45-49 "
2162379,8,20781,12,0,0,20781,0,8,"30-34 "
2162386,6,1050,4,1,0,1050,0,6,"30-34 "
2162393,2,185,12,0,0,185,0,2,"<25 "
2162409,14,1361,6,0,227,1134,3,11,"40-44 "
2162416,18,1976,12,0,0,1976,0,18,"35-39 "
2162454,2,850,12,0,0,850,0,2,"<25 "
2162461,2,4489,12,0,0,4489,0,2,"30-34 "
2162478,12,1165,12,0,0,1165,0,12,"50-54 "
2162508,1,55,6,0,55,0,1,0,"50-54 "
2162515,12,4915,12,0,0,4915,0,12,"30-34 "
2162522,3,3060,7,0,3060,0,3,0,"30-34 "
2162539,14,861,12,0,0,861,0,14,"30-34 "
2162553,6,1502,12,0,0,1502,0,6,"45-49 "
2162560,11,1165,12,0,0,1165,0,11,"25-29 "
2162577,12,551,7,0,551,0,12,0,"<25 "
2162607,5,621,11,0,0,621,0,5,"50-54 "
2162614,13,4293,9,0,1005,3288,4,9,"50-54 "
2162621,1,79,11,0,0,79,0,1,"40-44 "
2162652,21,2039,11,0,0,2039,0,21,"35-39 "
2162669,8,1204,11,0,0,1204,0,8,"30-34 "
2162683,2,84,11,0,0,84,0,2,"30-34 "
2162690,11,2581,11,0,0,2581,0,11,"40-44 "
2162706,5,421,8,0,421,0,5,0,">65 "
2162713,6,1385,11,0,0,1385,0,6,"35-39 "
2162737,24,1688,11,0,0,1688,0,24,"40-44 "
2162744,7,1343,11,0,0,1343,0,7,"40-44 "
2162751,3,687,11,0,0,687,0,3,"<25 "
2162775,2,679,11,0,0,679,0,2,"50-54 "
2162782,27,17967,11,0,0,17967,0,27,"30-34 "
2162805,1,240,11,0,0,240,0,1,"35-39 "
2162812,2,298,4,0,0,298,0,2,"30-34 "
2162829,10,1417,11,0,0,1417,0,10,"35-39 "
2162843,11,1305,11,0,0,1305,0,11,"30-34 "
2162850,1,180,11,0,0,180,0,1,"35-39 "
2162867,1,9,10,0,9,0,1,0,"30-34 "
2162874,11,2303,11,0,0,2303,0,11,"25-29 "
2162881,4,1150,11,0,0,1150,0,4,"30-34 "
2162898,2,7919,11,0,0,7919,0,2,"30-34 "
2162904,11,1445,11,0,0,1445,0,11,"<25 "
2162911,13,900,5,0,0,900,0,13,"25-29 "
2162928,9,530,11,0,0,530,0,9,"<25 "
2162942,9,1599,5,0,0,1599,0,9,"40-44 "
2162959,6,1006,11,0,0,1006,0,6,"25-29 "
2162973,32,4136,11,0,0,4136,0,32,"35-39 "
2162980,3,224,11,0,0,224,0,3,"35-39 "
2163024,2,78,4,0,0,78,0,2,"35-39 "
2163031,6,434,10,0,434,0,6,0,"45-49 "
2163062,4,695,10,0,695,0,4,0,"35-39 "
2163086,2,6515,10,0,6515,0,2,0,"35-39 "
2163130,5,1054,10,0,1054,0,5,0,"<25 "
2163147,6,576,9,0,576,0,6,0,"40-44 "
2163208,14,1222,9,0,1222,0,14,0,"25-29 "
2163215,1,1990,9,0,1990,0,1,0,"25-29 "
2163253,4,1188,9,0,1188,0,4,0,"40-44 "
2163260,11,5623,9,0,5623,0,11,0,"40-44 "
2163277,13,1298,9,0,1298,0,13,0,"25-29 "
2163307,63,6327,8,0,6327,0,63,0,"50-54 "
2163314,5,229,8,0,229,0,5,0,"25-29 "
2163321,7,1458,8,0,1458,0,7,0,"25-29 "
2163338,9,1397,8,0,1397,0,9,0,"45-49 "
2163345,3,221,8,0,221,0,3,0,"<25 "
2163352,10,1075,8,0,1075,0,10,0,"35-39 "
2163369,5,2355,8,0,2355,0,5,0,"50-54 "
2163376,8,3708,8,0,3708,0,8,0,"25-29 "
2163383,18,1512,8,0,1512,0,18,0,"45-49 "
2163390,3,1979,8,0,1979,0,3,0,"30-34 "
2163406,6,1786,8,0,1786,0,6,0,"25-29 "
2163413,1,59,5,0,0,59,0,1,"35-39 "
2163420,1,1390,8,0,1390,0,1,0,"<25 "
2163437,3,66,8,0,66,0,3,0,"25-29 "
2163451,1,1390,7,0,1390,0,1,0,"50-54 "
2163499,7,271,7,0,271,0,7,0,"45-49 "
2163505,3,458,7,0,458,0,3,0,"30-34 "
2163512,3,210,7,0,210,0,3,0,"30-34 "
2163536,3,261,7,0,261,0,3,0,"25-29 "
2163543,11,2068,6,0,2068,0,11,0,"60-64 "
2163574,12,1464,6,0,1464,0,12,0,"35-39 "
2163598,4,183,6,0,183,0,4,0,"<25 "
2163604,12,3824,6,0,3824,0,12,0,"35-39 "
2163611,4,4174,3,1,4174,0,4,0,"60-64 "
2163659,5,584,6,0,584,0,5,0,"45-49 "
2163666,2,211,5,0,0,211,0,2,"25-29 "
2163673,8,1399,5,0,0,1399,0,8,"45-49 "
2163727,28,4424,5,0,0,4424,0,28,"45-49 "
2163741,7,2432,5,0,0,2432,0,7,"60-64 "
2163758,2,434,5,0,0,434,0,2,"<25 "
2163765,26,3556,5,0,0,3556,0,26,"25-29 "
2163772,5,1390,5,0,0,1390,0,5,"45-49 "
2163796,5,269,5,0,0,269,0,5,"25-29 "
2163802,18,1113,5,0,0,1113,0,18,"30-34 "
2163819,14,846,5,0,0,846,0,14,"40-44 "
2163833,4,10644,5,0,0,10644,0,4,"25-29 "
2163840,1,40,5,0,0,40,0,1,"35-39 "
2163864,5,2148,5,0,0,2148,0,5,"25-29 "
2163871,31,8449,5,0,0,8449,0,31,"40-44 "
2163895,5,746,4,0,0,746,0,5,"45-49 "
2163901,5,333,4,0,0,333,0,5,"30-34 "
2163925,1,3564,4,0,0,3564,0,1,"45-49 "
2163956,4,131,4,0,0,131,0,4,"35-39 "
2163987,14,5729,4,0,0,5729,0,14,"35-39 "
2163994,18,1989,4,0,0,1989,0,18,"30-34 "
2164007,4,200,4,0,0,200,0,4,"35-39 "
2164014,3,2450,4,0,0,2450,0,3,"25-29 "
2164038,9,795,4,0,0,795,0,9,"35-39 "
2164052,2,319,4,0,0,319,0,2,"<25 "
2164069,7,1062,4,0,0,1062,0,7,"<25 "
2164076,4,451,4,0,0,451,0,4,"25-29 "
2164083,4,52850,3,0,52850,0,4,0,"45-49 "
2164106,3,309,3,0,309,0,3,0,"40-44 "
2164113,18,3798,3,0,3798,0,18,0,"35-39 "
2164175,3,264,3,0,264,0,3,0,"<25 "
2164199,11,2289,3,0,2289,0,11,0,"25-29 "
2164205,22,2143,3,0,2143,0,22,0,"25-29 "
2164236,10,21664,2,0,21664,0,10,0,"50-54 "
2164243,16,2589,2,0,2589,0,16,0,"45-49 "
2164250,1,944,2,0,944,0,1,0,"40-44 "
2164298,1,280,2,0,280,0,1,0,"30-34 "
2164304,1,152,2,0,152,0,1,0,"40-44 "
2164311,8,955,2,0,955,0,8,0,"<25 "
2164328,5,340,2,0,340,0,5,0,"<25 "
2164359,1,378,2,0,378,0,1,0,"30-34 "
2164366,8,792,2,0,792,0,8,0,"25-29 "
2164373,10,3721,2,0,3721,0,10,0,"35-39 "
2164380,9,4116,2,0,4116,0,9,0,"55-59 "
2164397,14,1293,2,0,1293,0,14,0,"30-34 "
20002000,371,73900,2,0,17427,56473,116,255,">65 "
